#beta	transition energy [Ry]	dipole strength	initial state energy [Ry]
1e-07	0.99002	3.09889e-05	-1.00002
0.0001025	0.990266	3.09889e-05	-1.000205
0.0001075	0.990282	3.11053e-05	-1.000215
0.0001125	0.990298	3.12265e-05	-1.000225
0.0001175	0.990314	3.13525e-05	-1.000235
0.0001225	0.990331	3.14834e-05	-1.000245
0.0001325	0.990366	3.17596e-05	-1.000265
0.0001375	0.990383	3.19049e-05	-1.000275
0.0001425	0.990401	3.2055e-05	-1.000285
0.0001475	0.990419	3.22099e-05	-1.000295
0.00015	0.990429	3.22898e-05	-1.0003
0.0001525	0.990438	3.23696e-05	-1.000305
0.0001575	0.990456	3.2534e-05	-1.000315
0.0001675	0.990494	3.2877e-05	-1.000335
0.0001725	0.990514	3.30555e-05	-1.000345
0.0001775	0.990534	3.32386e-05	-1.000355
0.0001825	0.990553	3.34264e-05	-1.000365
0.0001875	0.990574	3.36189e-05	-1.000375
0.0001925	0.990594	3.38159e-05	-1.000385
0.0002025	0.990636	3.42238e-05	-1.000405
0.0002125	0.990678	3.465e-05	-1.000425
0.0002225	0.990722	3.50946e-05	-1.000445
0.0002325	0.990766	3.55575e-05	-1.000465
0.0002425	0.990812	3.60387e-05	-1.000485
0.0002525	0.990858	3.65385e-05	-1.000505
0.0002625	0.990905	3.70568e-05	-1.000525
0.0002725	0.990953	3.7594e-05	-1.000545
0.0002825	0.991002	3.81502e-05	-1.000565
0.0002925	0.991052	3.8726e-05	-1.000585
0.0003025	0.991103	3.93215e-05	-1.000605
0.00031	0.991141	3.97834e-05	-1.00062
0.0003125	0.991154	3.99374e-05	-1.000625
0.0003225	0.991206	4.05742e-05	-1.000645
0.0003325	0.99126	4.12326e-05	-1.000665
0.0003425	0.991314	4.19132e-05	-1.000685
0.0003525	0.991368	4.26169e-05	-1.000705
0.0003625	0.991423	4.33448e-05	-1.000725
0.0003725	0.99148	4.40981e-05	-1.000745
0.0003825	0.991537	4.48778e-05	-1.000765
0.0003925	0.991594	4.56855e-05	-1.000785
0.0004025	0.991653	4.65231e-05	-1.000805
0.0004125	0.991712	4.73926e-05	-1.000825
0.0004225	0.991771	4.82965e-05	-1.000845
0.0004325	0.991832	4.92378e-05	-1.000865
0.0004425	0.991893	5.02202e-05	-1.000885
0.0004525	0.991955	5.12484e-05	-1.000905
0.0004625	0.992017	5.23287e-05	-1.000925
0.0004725	0.992079	5.34692e-05	-1.000944
0.0004825	0.992143	5.46814e-05	-1.000964
0.0004925	0.992207	5.59822e-05	-1.000984
0.0005025	0.992272	5.73972e-05	-1.001004
0.0005125	0.992338	5.89686e-05	-1.001024
0.0005225	0.992404	6.07712e-05	-1.001044
0.0005325	0.99247	6.29532e-05	-1.001064
0.0005425	0.992538	6.58586e-05	-1.001084
0.0005525	0.992606	7.05145e-05	-1.001104
0.0005625	0.992674	8.20054e-05	-1.001124
0.0005675	0.992708	0.000102364	-1.001134
0.0005725	0.992743	0.000475413	-1.001144
0.000573125	0.992748	0.00118673	-1.001145
0.0005734375	0.992752	0.00174135	-1.001146
0.00057375	0.992756	0.00204812	-1.001147
0.0005740625	0.992759	0.00215381	-1.001147
0.0005746875	0.992769	0.00219444	-1.001149
0.000575625	0.992781	0.00218887	-1.00115
0.000576875	0.992799	0.00217623	-1.001153
0.0005775	0.992806	0.00217143	-1.001154
0.00057875	0.992824	0.00216426	-1.001157
0.00058125	0.992859	0.00215561	-1.001162
0.0005825	0.992875	0.00215281	-1.001164
0.000585	0.99291	0.0021488	-1.001169
0.00059	0.992979	0.00214385	-1.001179
0.0006	0.993118	0.00213754	-1.001199
0.00061	0.993259	0.00213117	-1.001219
0.00062	0.9934	0.00212249	-1.001239
0.00063	0.993542	0.00210968	-1.001259
0.00064	0.993684	0.0020898	-1.001279
0.00065	0.993827	0.00205662	-1.001299
0.00066	0.993971	0.00199275	-1.001319
0.00067	0.994115	0.00182776	-1.001339
0.0006725	0.99415	0.00174009	-1.001344
0.000675	0.994185	0.00160805	-1.001349
0.0006775	0.994219	0.00140184	-1.001354
0.00067875	0.994236	0.00125904	-1.001356
0.00068	0.994252	0.00108604	-1.001359
0.00068125	0.994267	0.000887441	-1.001361
0.0006825	0.994283	0.00067794	-1.001364
0.00068375	0.994296	0.000481872	-1.001366
0.000685	0.99431	0.000319516	-1.001369
0.00068625	0.994323	0.000199389	-1.001371
0.0006875	0.994335	0.000117906	-1.001374
0.00068875	0.994347	6.59518e-05	-1.001376
0.00069125	0.994369	1.60282e-05	-1.001381
0.00069375	0.994391	1.44507e-06	-1.001386
0.00069625	0.994413	5.692e-07	-1.001391
0.00069875	0.994434	4.68823e-06	-1.001396
0.00070375	0.994475	1.60509e-05	-1.001406
0.00070875	0.994517	2.60115e-05	-1.001416
0.00071375	0.994558	3.33789e-05	-1.001426
0.00071875	0.994599	3.84116e-05	-1.001436
0.00072875	0.99468	4.31855e-05	-1.001456
0.00073875	0.994761	4.3096e-05	-1.001476
0.00074875	0.994841	3.98842e-05	-1.001496
0.00075875	0.994919	3.47077e-05	-1.001516
0.00076875	0.994997	2.84344e-05	-1.001536
0.00077375	0.995036	2.51147e-05	-1.001546
0.00077875	0.995074	2.17808e-05	-1.001556
0.00078375	0.995112	1.85063e-05	-1.001566
0.00079375	0.995187	1.23965e-05	-1.001586
0.00079875	0.995225	9.67331e-06	-1.001596
0.00080375	0.995262	7.23338e-06	-1.001606
0.00080875	0.995298	5.11294e-06	-1.001616
0.00081375	0.995335	3.33985e-06	-1.001626
0.00081875	0.995371	1.93386e-06	-1.001636
0.00082875	0.995443	2.64778e-07	-1.001656
0.00083875	0.995514	1.25482e-07	-1.001676
0.00084875	0.995585	1.45556e-06	-1.001696
0.00085875	0.995654	4.14571e-06	-1.001716
0.00086875	0.995724	8.06535e-06	-1.001736
0.00087875	0.995793	1.30833e-05	-1.001756
0.00088875	0.995862	1.90809e-05	-1.001776
0.00090875	0.995999	3.36425e-05	-1.001816
0.00092875	0.996137	5.12204e-05	-1.001856
0.00093875	0.996207	6.10607e-05	-1.001876
0.00094875	0.996276	7.15895e-05	-1.001896
0.00095	0.996284	7.29921e-05	-1.001898
0.00095875	0.996346	8.28105e-05	-1.001915
0.00096875	0.996416	9.4734e-05	-1.001935
0.00097875	0.996487	0.000107373	-1.001955
0.00098875	0.996559	0.00012074	-1.001975
0.00099875	0.996632	0.000134845	-1.001995
0.00100875	0.996705	0.000149693	-1.002015
0.00101875	0.996779	0.000165278	-1.002035
0.00102875	0.996854	0.000181585	-1.002055
0.00103875	0.99693	0.000198589	-1.002075
0.00104875	0.997007	0.000216249	-1.002095
0.00105375	0.997046	0.00022531	-1.002105
0.00105875	0.997085	0.000234515	-1.002115
0.00106375	0.997125	0.000243856	-1.002125
0.00106875	0.997164	0.000253325	-1.002135
0.00107375	0.997204	0.000262912	-1.002145
0.00108375	0.997285	0.000282403	-1.002165
0.00108875	0.997326	0.000292287	-1.002175
0.00109375	0.997367	0.000302251	-1.002185
0.00109875	0.997408	0.000312283	-1.002195
0.00110375	0.997449	0.000322374	-1.002205
0.00110875	0.997491	0.000332514	-1.002215
0.00111875	0.997575	0.000352901	-1.002235
0.00112375	0.997618	0.00036313	-1.002245
0.00112875	0.997661	0.000373371	-1.002255
0.00113375	0.997704	0.000383616	-1.002265
0.00113875	0.997747	0.000393855	-1.002275
0.00114375	0.997791	0.000404082	-1.002285
0.00115375	0.997878	0.000424471	-1.002305
0.00116375	0.997967	0.000444729	-1.002325
0.00117375	0.998056	0.000464806	-1.002345
0.00118375	0.998147	0.000484658	-1.002365
0.00119375	0.998238	0.000504242	-1.002385
0.00120375	0.998329	0.000523514	-1.002405
0.00121375	0.998421	0.000542427	-1.002425
0.00122375	0.998514	0.00056093	-1.002445
0.00123375	0.998608	0.000578964	-1.002465
0.00124375	0.998702	0.000596458	-1.002485
0.00125375	0.998796	0.000613328	-1.002505
0.00126375	0.99889	0.000629473	-1.002525
0.00127	0.998949	0.000639035	-1.002537
0.00127375	0.998984	0.000644772	-1.002544
0.00129375	0.999174	0.000672232	-1.002584
0.00133375	0.999554	0.000708962	-1.002664
0.00134375	0.999648	0.000712951	-1.002684
0.00135375	0.999742	0.000714385	-1.002704
0.00136375	0.999835	0.000713092	-1.002724
0.00137375	0.999928	0.000709002	-1.002744
0.00138375	1.00002	0.000702179	-1.002764
0.00139375	1.00011	0.000692864	-1.002784
0.00140375	1.0002	0.000681493	-1.002804
0.00141375	1.00029	0.000668699	-1.002824
0.00142375	1.00038	0.00065527	-1.002844
0.00143375	1.00046	0.0006421	-1.002863
0.00144375	1.00055	0.000630104	-1.002883
0.00145375	1.00064	0.000620139	-1.002903
0.00147375	1.00081	0.000609011	-1.002943
0.00149375	1.00098	0.000611916	-1.002983
0.00150375	1.00107	0.000618468	-1.003003
0.00151375	1.00116	0.000627682	-1.003023
0.00151875	1.0012	0.000633027	-1.003033
0.00152375	1.00124	0.00063866	-1.003043
0.00152875	1.00129	0.000644434	-1.003053
0.00153375	1.00134	0.00065018	-1.003063
0.00153875	1.00138	0.000655724	-1.003073
0.00154375	1.00143	0.000660891	-1.003083
0.00154875	1.00148	0.00066551	-1.003093
0.00155375	1.00152	0.00066942	-1.003103
0.00155875	1.00157	0.000672473	-1.003113
0.00156375	1.00162	0.000674542	-1.003123
0.00156875	1.00167	0.000675522	-1.003133
0.00158375	1.00181	0.00067126	-1.003163
0.00159	1.00187	0.000665599	-1.003175
0.00159375	1.00191	0.000662203	-1.003182
0.00160375	1.00201	0.000648412	-1.003202
0.00161375	1.00211	0.000630419	-1.003222
0.00163375	1.00231	0.000584779	-1.003262
0.00164375	1.0024	0.000558752	-1.003282
0.00165375	1.0025	0.000531632	-1.003302
0.00166375	1.0026	0.000504119	-1.003322
0.00166875	1.00265	0.000490408	-1.003332
0.00167375	1.0027	0.000476817	-1.003342
0.00167875	1.00275	0.000463408	-1.003352
0.00168875	1.00284	0.000437343	-1.003372
0.00169375	1.00289	0.000424779	-1.003382
0.00169875	1.00293	0.000412578	-1.003392
0.00170375	1.00298	0.000400773	-1.003402
0.00170875	1.00303	0.000389391	-1.003412
0.00171375	1.00307	0.000378455	-1.003422
0.00171875	1.00312	0.000367982	-1.003432
0.00172375	1.00316	0.000357988	-1.003442
0.00172875	1.0032	0.000348482	-1.003452
0.00173375	1.00325	0.000339472	-1.003462
0.00173875	1.00329	0.000330962	-1.003472
0.00174375	1.00333	0.000322951	-1.003482
0.00174875	1.00338	0.000315437	-1.003492
0.00175375	1.00342	0.000308418	-1.003501
0.00175875	1.00346	0.000301883	-1.003511
0.00176375	1.0035	0.000295826	-1.003521
0.00176875	1.00354	0.000290234	-1.003531
0.00177375	1.00358	0.000285098	-1.003541
0.00177875	1.00362	0.000280403	-1.003551
0.00178375	1.00366	0.000276135	-1.003561
0.00178875	1.0037	0.00027228	-1.003571
0.00179875	1.00378	0.000265747	-1.003591
0.00180375	1.00382	0.000263038	-1.003601
0.00180875	1.00385	0.00026068	-1.003611
0.00181375	1.00389	0.000258659	-1.003621
0.00181875	1.00393	0.00025696	-1.003631
0.00182375	1.00397	0.000255569	-1.003641
0.00183375	1.00404	0.000253654	-1.003661
0.00184375	1.00411	0.000252812	-1.003681
0.00186375	1.00426	0.000253987	-1.003721
0.00187375	1.00433	0.000255848	-1.003741
0.00188375	1.0044	0.000258471	-1.003761
0.00189375	1.00447	0.000261801	-1.003781
0.00191	1.00458	0.000268786	-1.003813
0.00191375	1.00461	0.000270398	-1.00382
0.00193375	1.00475	0.000281333	-1.00386
0.00195375	1.00489	0.000294372	-1.0039
0.00197375	1.00502	0.000309305	-1.00394
0.00201375	1.0053	0.00034428	-1.00402
0.00203375	1.00544	0.000363904	-1.004059
0.00205375	1.00557	0.000384621	-1.004099
0.00207375	1.00571	0.000406092	-1.004139
0.00209375	1.00585	0.000427875	-1.004179
0.00210375	1.00592	0.000438711	-1.004199
0.00211375	1.00599	0.000449405	-1.004219
0.00212375	1.00606	0.000459867	-1.004238
0.00214375	1.00621	0.000479698	-1.004278
0.00215375	1.00628	0.000488851	-1.004298
0.00216375	1.00635	0.000497345	-1.004318
0.00217375	1.00642	0.000505062	-1.004338
0.00218375	1.0065	0.00051188	-1.004358
0.00219375	1.00657	0.000517686	-1.004378
0.00221375	1.00672	0.000525776	-1.004418
0.00222375	1.00679	0.00052785	-1.004438
0.00223375	1.00687	0.00052848	-1.004457
0.00224375	1.00694	0.000527586	-1.004477
0.00225375	1.00701	0.0005251	-1.004497
0.00226375	1.00709	0.000520968	-1.004517
0.00228375	1.00724	0.000507644	-1.004557
0.00230375	1.00739	0.000487557	-1.004597
0.00232375	1.00754	0.000460957	-1.004637
0.00234375	1.00769	0.000428407	-1.004676
0.00236375	1.00784	0.000390756	-1.004716
0.00238375	1.00799	0.000349101	-1.004756
0.00240375	1.00814	0.000304715	-1.004796
0.00241375	1.00822	0.000281923	-1.004816
0.00242375	1.00829	0.000258965	-1.004836
0.00243375	1.00836	0.000236009	-1.004856
0.00244375	1.00844	0.000213224	-1.004875
0.00245375	1.00851	0.000190771	-1.004895
0.00247375	1.00866	0.000147465	-1.004935
0.00248375	1.00873	0.000126902	-1.004955
0.00249375	1.0088	0.00010725	-1.004975
0.00250375	1.00887	8.86449e-05	-1.004995
0.00251375	1.00894	7.12513e-05	-1.005015
0.00252375	1.00901	5.51779e-05	-1.005035
0.00254375	1.00916	2.77966e-05	-1.005075
0.00255	1.0092	2.34628e-05	-1.005087
0.00258375	1.00944	6.04034e-08	-1.005154
0.00260375	1.00958	7.77961e-06	-1.005194
0.00261375	1.00965	2.01149e-05	-1.005214
0.00262375	1.00972	3.99441e-05	-1.005234
0.00263375	1.00979	6.90356e-05	-1.005253
0.00264375	1.00987	0.000109432	-1.005273
0.00265375	1.00994	0.000163312	-1.005293
0.00265875	1.00998	0.000195959	-1.005303
0.00266375	1.01001	0.0002327	-1.005313
0.00266875	1.01005	0.000273689	-1.005323
0.00267375	1.01009	0.000319004	-1.005333
0.00267875	1.01013	0.000368628	-1.005343
0.00268375	1.01017	0.000422438	-1.005353
0.00268875	1.01021	0.000480191	-1.005363
0.00269375	1.01025	0.000541407	-1.005373
0.00269875	1.01029	0.000605833	-1.005383
0.00270375	1.01033	0.000672799	-1.005393
0.00270875	1.01037	0.000741667	-1.005403
0.00271375	1.01041	0.000811764	-1.005412
0.00271875	1.01045	0.000882413	-1.005422
0.00272375	1.01049	0.000952964	-1.005432
0.00272875	1.01054	0.00102282	-1.005442
0.00273375	1.01058	0.00109147	-1.005452
0.00273875	1.01063	0.00115848	-1.005462
0.00274375	1.01067	0.0012235	-1.005472
0.00274875	1.01071	0.00128628	-1.005482
0.00275375	1.01076	0.00134665	-1.005492
0.00275875	1.0108	0.0014045	-1.005502
0.00276875	1.01089	0.00151257	-1.005522
0.00277375	1.01094	0.00156283	-1.005532
0.00277875	1.01099	0.00161066	-1.005542
0.00278375	1.01103	0.00165616	-1.005552
0.00278875	1.01108	0.00169943	-1.005562
0.00279375	1.01113	0.00174058	-1.005571
0.00280375	1.01122	0.00181696	-1.005591
0.00281375	1.01131	0.00188612	-1.005611
0.00282375	1.01141	0.00194875	-1.005631
0.00283375	1.0115	0.00200523	-1.005651
0.00285375	1.01169	0.0020986	-1.005691
0.00287	1.01185	0.00214006	-1.005723
0.00287375	1.01189	0.00214963	-1.00573
0.00288375	1.01198	0.00213754	-1.00575
0.00288875	1.01203	0.00211199	-1.00576
0.00289375	1.01207	0.00206614	-1.00577
0.00289875	1.01212	0.00199278	-1.00578
0.00290125	1.01214	0.00194351	-1.005785
0.00290375	1.01216	0.00188492	-1.00579
0.00290625	1.01218	0.00181676	-1.005795
0.00290875	1.01221	0.00173935	-1.0058
0.00291125	1.01223	0.00165363	-1.005805
0.00291375	1.01225	0.00156125	-1.00581
0.00291625	1.01227	0.00146442	-1.005815
0.00291875	1.01229	0.00136564	-1.00582
0.00292125	1.01231	0.00126751	-1.005825
0.00292375	1.01233	0.00117213	-1.00583
0.00292625	1.01235	0.0010815	-1.005835
0.00293125	1.01238	0.00091846	-1.005845
0.00293625	1.01242	0.000782313	-1.005855
0.00294125	1.01245	0.00067154	-1.005865
0.00294625	1.01249	0.000582296	-1.005875
0.00295125	1.01252	0.000510372	-1.005885
0.00295625	1.01255	0.000452048	-1.005895
0.00296125	1.01259	0.000404317	-1.005905
0.00297125	1.01265	0.000331856	-1.005925
0.00298125	1.01272	0.000280232	-1.005944
0.00299125	1.01278	0.000242029	-1.005964
0.00300125	1.01285	0.000212827	-1.005984
0.00302125	1.01298	0.000171496	-1.006024
0.00306125	1.01323	0.00012466	-1.006104
0.00314125	1.01375	8.716e-05	-1.006263
0.00316125	1.01388	8.34137e-05	-1.006303
0.00318125	1.01401	8.11836e-05	-1.006343
0.00319	1.01406	8.08094e-05	-1.00636
0.00320125	1.01414	8.03282e-05	-1.006382
0.00322125	1.01427	8.07725e-05	-1.006422
0.00324125	1.0144	8.24892e-05	-1.006462
0.00326125	1.01453	8.54839e-05	-1.006501
0.00328125	1.01467	8.97815e-05	-1.006541
0.00330125	1.0148	9.54099e-05	-1.006581
0.00331125	1.01487	9.87286e-05	-1.006601
0.00332125	1.01494	0.000102383	-1.00662
0.00333125	1.015	0.000106369	-1.00664
0.00335125	1.01514	0.000115305	-1.00668
0.00336125	1.01521	0.000120227	-1.0067
0.00337125	1.01528	0.000125427	-1.00672
0.00338125	1.01535	0.000130879	-1.00674
0.00339125	1.01542	0.000136551	-1.006759
0.00340125	1.01549	0.000142395	-1.006779
0.00342125	1.01563	0.000154516	-1.006819
0.00344125	1.01577	0.000166879	-1.006859
0.00346125	1.01591	0.000179116	-1.006898
0.00348125	1.01606	0.000190876	-1.006938
0.00351	1.01626	0.000205912	-1.006995
0.00352125	1.01634	0.000211796	-1.007017
0.00354125	1.01648	0.000220564	-1.007057
0.00356125	1.01662	0.000228084	-1.007097
0.00358125	1.01676	0.000234368	-1.007137
0.00360125	1.0169	0.0002395	-1.007176
0.00361125	1.01697	0.000241675	-1.007196
0.00362125	1.01704	0.000243616	-1.007216
0.00363125	1.01711	0.000245345	-1.007236
0.00365125	1.01725	0.000248265	-1.007276
0.00366125	1.01731	0.000249504	-1.007296
0.00367125	1.01738	0.000250626	-1.007315
0.00368125	1.01745	0.000251654	-1.007335
0.00369125	1.01752	0.000252611	-1.007355
0.00370125	1.01758	0.000253516	-1.007375
0.00372125	1.01772	0.000255244	-1.007415
0.00374125	1.01785	0.000256969	-1.007455
0.00376125	1.01798	0.000258794	-1.007494
0.00378125	1.01811	0.000260797	-1.007534
0.00380125	1.01824	0.000263035	-1.007574
0.00382125	1.01837	0.000265547	-1.007614
0.00383	1.01843	0.000266776	-1.007631
0.00384125	1.0185	0.000268355	-1.007653
0.00386125	1.01863	0.000271471	-1.007693
0.00388125	1.01876	0.000274897	-1.007733
0.00390125	1.01888	0.000278628	-1.007772
0.00394125	1.01914	0.000286969	-1.007852
0.00398125	1.01939	0.000296377	-1.007931
0.00402125	1.01965	0.000306706	-1.008011
0.00406125	1.0199	0.000317789	-1.00809
0.00410125	1.02015	0.000329407	-1.008169
0.00414125	1.0204	0.000341437	-1.008249
0.00415	1.02046	0.000344111	-1.008266
0.00418125	1.02065	0.000353664	-1.008328
0.00426125	1.02115	0.000377823	-1.008486
0.00442125	1.02216	0.0004184	-1.008803
0.00447	1.02247	0.000425647	-1.0089
0.00450125	1.02266	0.000430293	-1.008962
0.00454125	1.02291	0.000432806	-1.009041
0.00458125	1.02317	0.000432249	-1.00912
0.00462125	1.02342	0.000427749	-1.0092
0.00466125	1.02368	0.000418008	-1.009279
0.00468125	1.0238	0.000410584	-1.009319
0.00470125	1.02393	0.000401017	-1.009358
0.00472125	1.02406	0.000388867	-1.009398
0.00474125	1.02419	0.000373585	-1.009437
0.00476125	1.02432	0.000354496	-1.009477
0.00477125	1.02438	0.000343283	-1.009497
0.00478125	1.02445	0.000330814	-1.009517
0.00479	1.02451	0.000318713	-1.009534
0.00479125	1.02452	0.000316984	-1.009536
0.00480125	1.02458	0.000301691	-1.009556
0.00481125	1.02465	0.000284848	-1.009576
0.00482125	1.02472	0.000266394	-1.009596
0.00483125	1.02478	0.000246312	-1.009616
0.00484125	1.02485	0.000224647	-1.009636
0.00485125	1.02492	0.000201533	-1.009655
0.00486125	1.02499	0.00017721	-1.009675
0.00487125	1.02506	0.000152052	-1.009695
0.00488125	1.02513	0.000126572	-1.009715
0.00489125	1.0252	0.000101422	-1.009735
0.00490125	1.02527	7.73685e-05	-1.009754
0.00491125	1.02535	5.52452e-05	-1.009774
0.00492125	1.02542	3.58988e-05	-1.009794
0.00493125	1.0255	2.01204e-05	-1.009814
0.00494125	1.02557	8.5834e-06	-1.009834
0.00495125	1.02564	1.79594e-06	-1.009853
0.00496125	1.02572	7.05013e-08	-1.009873
0.00498125	1.02587	1.20259e-05	-1.009913
0.00500125	1.02602	4.29661e-05	-1.009953
0.00501125	1.0261	6.43334e-05	-1.009972
0.00502125	1.02617	8.87126e-05	-1.009992
0.00503125	1.02624	0.000115305	-1.010012
0.00504125	1.02632	0.000143276	-1.010032
0.00505125	1.02639	0.000171804	-1.010052
0.00506125	1.02646	0.000200122	-1.010071
0.00507125	1.02653	0.000227567	-1.010091
0.00508125	1.0266	0.000253603	-1.010111
0.00509125	1.02667	0.000277833	-1.010131
0.00510125	1.02674	0.000300005	-1.010151
0.00511	1.0268	0.00031749	-1.010168
0.00511125	1.02681	0.000319988	-1.01017
0.00512125	1.02688	0.000337761	-1.01019
0.00513125	1.02695	0.000353382	-1.01021
0.00514125	1.02701	0.000366966	-1.01023
0.00515125	1.02708	0.000378661	-1.01025
0.00516125	1.02715	0.000388638	-1.010269
0.00517125	1.02721	0.000397067	-1.010289
0.00518125	1.02728	0.000404119	-1.010309
0.00520125	1.02741	0.000414718	-1.010349
0.00522125	1.02754	0.000421556	-1.010388
0.00524125	1.02766	0.000425533	-1.010428
0.00526125	1.02779	0.000427343	-1.010467
0.00530125	1.02804	0.000426444	-1.010546
0.00532125	1.02817	0.000424437	-1.010586
0.00536125	1.02842	0.000418475	-1.010665
0.00540125	1.02867	0.000410915	-1.010744
0.00543	1.02885	0.000404918	-1.010801
0.00544125	1.02892	0.000402571	-1.010823
0.00548125	1.02917	0.000394004	-1.010902
0.00552125	1.02942	0.000385632	-1.010982
0.00556125	1.02967	0.000377841	-1.011061
0.00560125	1.02992	0.000370976	-1.01114
0.00568125	1.03042	0.000361511	-1.011298
0.00575	1.03084	0.000367391	-1.011434
0.00584125	1.03141	0.000375195	-1.011614
0.00588125	1.03165	0.000391058	-1.011693
0.00592125	1.0319	0.000415614	-1.011772
0.00596125	1.03215	0.000452347	-1.011851
0.00598125	1.03228	0.000476829	-1.011891
0.00600125	1.03241	0.000506497	-1.01193
0.00602125	1.03253	0.000542394	-1.01197
0.00604125	1.03266	0.000585731	-1.012009
0.00606125	1.03279	0.000637833	-1.012049
0.00607	1.03284	0.000665024	-1.012066
0.00608125	1.03292	0.000699983	-1.012088
0.00609125	1.03298	0.000735134	-1.012108
0.00610125	1.03304	0.000773068	-1.012128
0.00611125	1.03311	0.000813729	-1.012147
0.00612125	1.03317	0.00085693	-1.012167
0.00613125	1.03324	0.000902322	-1.012187
0.00614125	1.03331	0.000949342	-1.012207
0.00615125	1.03338	0.000997179	-1.012226
0.00616125	1.03344	0.00104475	-1.012246
0.00617125	1.03351	0.00109069	-1.012266
0.00618125	1.03358	0.00113342	-1.012286
0.00619125	1.03365	0.00117115	-1.012305
0.00620125	1.03372	0.00120208	-1.012325
0.00621125	1.03379	0.00122448	-1.012345
0.00622125	1.03386	0.00123689	-1.012365
0.00623125	1.03393	0.00123825	-1.012384
0.00625125	1.03407	0.00120613	-1.012424
0.00629125	1.03435	0.00102057	-1.012503
0.00630125	1.03442	0.000957579	-1.012523
0.00631125	1.03449	0.000891455	-1.012542
0.00632125	1.03456	0.000824166	-1.012562
0.00633125	1.03463	0.000757336	-1.012582
0.00634125	1.0347	0.000692329	-1.012602
0.00635125	1.03476	0.000630213	-1.012621
0.00636125	1.03483	0.000571757	-1.012641
0.00637125	1.0349	0.00051745	-1.012661
0.00638125	1.03497	0.000467537	-1.012681
0.00639	1.03502	0.000427752	-1.012698
0.00639125	1.03503	0.000422068	-1.0127
0.00640125	1.0351	0.000380941	-1.01272
0.00641125	1.03516	0.000343949	-1.01274
0.00642125	1.03523	0.000310821	-1.01276
0.00643125	1.03529	0.000281245	-1.012779
0.00644125	1.03535	0.000254898	-1.012799
0.00646125	1.03548	0.000210624	-1.012839
0.00648125	1.03561	0.000175634	-1.012878
0.00650125	1.03573	0.000147928	-1.012918
0.00652125	1.03586	0.000125893	-1.012957
0.00654125	1.03598	0.000108266	-1.012997
0.00656125	1.03611	9.40735e-05	-1.013036
0.00658125	1.03623	8.25668e-05	-1.013076
0.00662125	1.03648	6.54525e-05	-1.013155
0.00666125	1.03672	5.37522e-05	-1.013234
0.00670125	1.03697	4.55656e-05	-1.013313
0.00671	1.03702	4.42884e-05	-1.01333
0.00674125	1.03721	3.97268e-05	-1.013392
0.00678125	1.03745	3.55004e-05	-1.01347
0.00682125	1.0377	3.24107e-05	-1.013549
0.00686125	1.03794	3.01415e-05	-1.013628
0.00694125	1.03842	2.72693e-05	-1.013786
0.00702125	1.03891	2.5823e-05	-1.013944
0.00703	1.03896	2.57604e-05	-1.013961
0.00710125	1.03939	2.52505e-05	-1.014101
0.00726125	1.04035	2.56149e-05	-1.014417
0.00734125	1.04084	2.62515e-05	-1.014575
0.00735	1.04089	2.63417e-05	-1.014592
0.00742125	1.04132	2.70766e-05	-1.014732
0.00758125	1.04228	2.91002e-05	-1.015047
0.00767	1.04281	3.03917e-05	-1.015222
0.00774125	1.04324	3.14287e-05	-1.015362
0.00790125	1.0442	3.39255e-05	-1.015677
0.00799	1.04473	3.53599e-05	-1.015852
0.00806125	1.04516	3.65116e-05	-1.015992
0.00822125	1.04612	3.91336e-05	-1.016307
0.00831	1.04665	4.05822e-05	-1.016482
0.00838125	1.04707	4.17452e-05	-1.016622
0.00854125	1.04803	4.42929e-05	-1.016937
0.00863	1.04856	4.55549e-05	-1.017111
0.00886125	1.04995	4.88434e-05	-1.017566
0.00895	1.05048	4.86828e-05	-1.01774
0.00927	1.05239	4.81033e-05	-1.018368
0.00950125	1.05378	4.7684e-05	-1.018822
0.00959	1.05431	4.32849e-05	-1.018996
0.00966125	1.05474	3.97531e-05	-1.019136
0.00974125	1.05522	3.2775e-05	-1.019293
0.00982125	1.0557	2.28883e-05	-1.01945
0.00990125	1.05618	1.00216e-05	-1.019607
0.00991	1.05623	8.6106e-06	-1.019624
0.00994125	1.05642	3.57138e-06	-1.019685
0.00998125	1.05666	3.56609e-09	-1.019764
0.01000125	1.05678	1.37532e-06	-1.019803
0.01002125	1.0569	7.36533e-06	-1.019842
0.01004125	1.05702	2.19009e-05	-1.019881
0.01006125	1.05715	5.24936e-05	-1.01992
0.01007125	1.05721	7.79917e-05	-1.01994
0.01008125	1.05727	0.000113991	-1.01996
0.01009125	1.05733	0.000164763	-1.019979
0.01010125	1.0574	0.000236368	-1.019999
0.01011125	1.05746	0.000337262	-1.020018
0.01012125	1.05752	0.000478804	-1.020038
0.01012625	1.05756	0.000569161	-1.020048
0.01013125	1.05759	0.000675139	-1.020058
0.01013625	1.05762	0.000798646	-1.020067
0.01014125	1.05766	0.000941348	-1.020077
0.01014625	1.05769	0.00110456	-1.020087
0.01015125	1.05773	0.00128868	-1.020097
0.01015625	1.05776	0.00149318	-1.020106
0.01016125	1.0578	0.00171619	-1.020116
0.01016625	1.05783	0.00195451	-1.020126
0.01017125	1.05787	0.00220367	-1.020136
0.01017625	1.05791	0.00245827	-1.020146
0.01018125	1.05794	0.00271242	-1.020155
0.01018625	1.05798	0.00296025	-1.020165
0.01019125	1.05802	0.00319621	-1.020175
0.01019625	1.05806	0.0034158	-1.020185
0.01020125	1.0581	0.00361486	-1.020195
0.01020625	1.05814	0.00379002	-1.020204
0.01021625	1.05822	0.00405706	-1.020224
0.01023	1.05833	0.0041427	-1.020251
0.01023625	1.05837	0.00418164	-1.020263
0.01024125	1.05841	0.00411284	-1.020273
0.01024625	1.05845	0.00400179	-1.020283
0.01025125	1.05849	0.00385046	-1.020293
0.01025625	1.05853	0.00366357	-1.020302
0.01026125	1.05856	0.00344859	-1.020312
0.01026625	1.0586	0.00321503	-1.020322
0.01027125	1.05864	0.00297318	-1.020332
0.01027625	1.05867	0.00273267	-1.020342
0.01028125	1.05871	0.00250137	-1.020351
0.01028625	1.05874	0.00228482	-1.020361
0.01029125	1.05877	0.00208622	-1.020371
0.01029625	1.0588	0.00190684	-1.020381
0.01030125	1.05884	0.00174652	-1.020391
0.01030625	1.05887	0.00160422	-1.0204
0.01031125	1.0589	0.00147843	-1.02041
0.01032125	1.05896	0.00126946	-1.02043
0.01033125	1.05903	0.00110634	-1.020449
0.01034125	1.05909	0.000977919	-1.020469
0.01035125	1.05915	0.000875631	-1.020489
0.01037125	1.05927	0.000725669	-1.020528
0.01039125	1.0594	0.000623249	-1.020567
0.01041125	1.05952	0.000550208	-1.020606
0.01043125	1.05964	0.000496216	-1.020645
0.01047125	1.05988	0.000423056	-1.020724
0.01051125	1.06012	0.000376947	-1.020802
0.01055	1.06035	0.000347031	-1.020878
0.01055125	1.06036	0.000346066	-1.02088
0.01059125	1.0606	0.000324517	-1.020959
0.01067125	1.06108	0.000297819	-1.021115
0.01078125	1.06174	0.00028014	-1.02133
0.01086125	1.06222	0.000274599	-1.021487
0.01102125	1.06318	0.000272802	-1.0218
0.01118125	1.06414	0.000277002	-1.022113
0.01119	1.06419	0.000277312	-1.02213
0.01134125	1.0651	0.000282679	-1.022425
0.01150125	1.06606	0.000286536	-1.022738
0.01166125	1.06703	0.000285789	-1.02305
0.01182125	1.06799	0.000278352	-1.023363
0.01183	1.06804	0.000277532	-1.02338
0.01198125	1.06895	0.000263352	-1.023675
0.01215	1.06997	0.000237729	-1.024005
0.01230125	1.07088	0.00021476	-1.0243
0.01246125	1.07184	0.000185894	-1.024612
0.01247	1.07189	0.000184334	-1.024629
0.01262125	1.0728	0.000157375	-1.024924
0.01278125	1.07376	0.000130991	-1.025236
0.01279	1.07381	0.000129718	-1.025253
0.01294125	1.07472	0.000107704	-1.025548
0.01310125	1.07568	8.78108e-05	-1.02586
0.01311	1.07573	8.69014e-05	-1.025877
0.01326125	1.07663	7.11806e-05	-1.026171
0.01342125	1.07759	5.74673e-05	-1.026483
0.01343	1.07764	5.68539e-05	-1.0265
0.01358125	1.07854	4.62503e-05	-1.026794
0.01374125	1.0795	3.71143e-05	-1.027105
0.01375	1.07955	3.67081e-05	-1.027122
0.01390125	1.08045	2.96867e-05	-1.027416
0.01406125	1.0814	2.36502e-05	-1.027727
0.01407	1.08146	2.34069e-05	-1.027744
0.01438125	1.08331	1.47512e-05	-1.028349
0.01439	1.08336	1.45903e-05	-1.028366
0.01470125	1.08522	8.86644e-06	-1.028971
0.01471	1.08527	8.76068e-06	-1.028988
0.01502125	1.08712	4.9991e-06	-1.029592
0.01503	1.08717	4.93114e-06	-1.029609
0.01534125	1.08902	2.514e-06	-1.030212
0.01535	1.08907	2.47276e-06	-1.030229
0.01566125	1.09092	1.00637e-06	-1.030832
0.01567	1.09097	9.84861e-07	-1.030849
0.01598125	1.09282	2.20287e-07	-1.031452
0.01599	1.09288	2.14278e-07	-1.031469
0.01630125	1.09473	1.10207e-09	-1.032072
0.01631	1.09478	1.52507e-08	-1.032089
0.01663	1.09668	5.33374e-07	-1.032708
0.01694125	1.09852	1.03864e-06	-1.033309
0.01695	1.09858	1.2516e-06	-1.033326
0.01727	1.10047	9.04242e-06	-1.033944
0.01759	1.10237	1.68382e-05	-1.034562
0.01791	1.10427	2.46392e-05	-1.035179
0.01822125	1.10612	3.22319e-05	-1.035779
0.01823	1.10617	3.45753e-05	-1.035796
0.01830125	1.10659	5.36586e-05	-1.035933
0.01838125	1.10707	0.000118513	-1.036088
0.01842125	1.10731	0.000222297	-1.036165
0.01844125	1.10742	0.000342512	-1.036203
0.01846125	1.10755	0.000603372	-1.036242
0.01847125	1.10761	0.000861445	-1.036261
0.01848125	1.10767	0.00131062	-1.03628
0.01848625	1.1077	0.00165866	-1.03629
0.01849125	1.10773	0.00213125	-1.0363
0.01849625	1.10777	0.00276452	-1.036309
0.01849875	1.10778	0.00314951	-1.036314
0.01850125	1.1078	0.00357994	-1.036319
0.01850375	1.10782	0.00405098	-1.036324
0.01850625	1.10784	0.00455303	-1.036329
0.01850875	1.10785	0.00507204	-1.036333
0.01851125	1.10787	0.00559107	-1.036338
0.01851375	1.10789	0.00609271	-1.036343
0.01851625	1.10791	0.00656182	-1.036348
0.01852125	1.10795	0.00736328	-1.036358
0.01852375	1.10797	0.00768761	-1.036362
0.01852625	1.10799	0.00796187	-1.036367
0.01852875	1.10801	0.00818946	-1.036372
0.01853125	1.10803	0.00837471	-1.036377
0.01853375	1.10805	0.00852211	-1.036382
0.01853875	1.1081	0.00871924	-1.036391
0.01854125	1.10812	0.00877532	-1.036396
0.01854625	1.10816	0.00881272	-1.036406
0.01855	1.10819	0.00873222	-1.036413
0.01855625	1.10824	0.00859805	-1.036425
0.01856125	1.10829	0.00832483	-1.036435
0.01856625	1.10833	0.00790773	-1.036444
0.01857125	1.10837	0.0073129	-1.036454
0.01857625	1.10841	0.00651768	-1.036464
0.01857875	1.10843	0.00604889	-1.036468
0.01858125	1.10845	0.00554344	-1.036473
0.01858375	1.10847	0.00501546	-1.036478
0.01858625	1.10849	0.00448242	-1.036483
0.01858875	1.1085	0.00396255	-1.036488
0.01859125	1.10852	0.00347191	-1.036492
0.01859375	1.10854	0.00302226	-1.036497
0.01859625	1.10856	0.00262018	-1.036502
0.01859875	1.10857	0.00226754	-1.036507
0.01860375	1.10861	0.00170147	-1.036516
0.01860875	1.10864	0.00129034	-1.036526
0.01861375	1.10867	0.000994	-1.036536
0.01861875	1.1087	0.000778978	-1.036545
0.01862875	1.10876	0.000502565	-1.036565
0.01863875	1.10882	0.000343091	-1.036584
0.01864875	1.10888	0.000245026	-1.036603
0.01865875	1.10894	0.000181342	-1.036622
0.01867875	1.10906	0.000107567	-1.036661
0.01871875	1.1093	4.63854e-05	-1.036738
0.01875875	1.10954	2.32475e-05	-1.036815
0.01879875	1.10977	1.26512e-05	-1.036892
0.01883875	1.11001	7.15561e-06	-1.036969
0.01886125	1.11015	5.23305e-06	-1.037012
0.01887	1.1102	4.73776e-06	-1.037029
0.01890125	1.11038	2.96889e-06	-1.037089
0.01898125	1.11086	8.39521e-07	-1.037243
0.01914125	1.1118	3.69696e-09	-1.037551
0.01919	1.11209	1.84578e-07	-1.037645
0.01946125	1.1137	1.19219e-06	-1.038166
0.01950125	1.11394	1.39954e-06	-1.038243
0.01951	1.11399	1.4479e-06	-1.03826
0.01982125	1.11583	3.16933e-06	-1.038858
0.01983	1.11589	3.22177e-06	-1.038875
0.02015	1.11778	5.14033e-06	-1.039489
0.02046125	1.11962	7.00798e-06	-1.040087
0.02047	1.11967	7.06538e-06	-1.040104
0.02078125	1.12152	9.10784e-06	-1.0407
0.02079	1.12157	9.17297e-06	-1.040717
0.02111	1.12346	1.15554e-05	-1.04133
0.02142125	1.1253	1.38743e-05	-1.041926
0.02143	1.12535	1.39622e-05	-1.041943
0.02175	1.12725	1.71754e-05	-1.042556
0.02207	1.12914	2.03905e-05	-1.043168
0.02239	1.13103	2.36077e-05	-1.04378
0.02270125	1.13287	2.67387e-05	-1.044374
0.02271	1.13292	2.6861e-05	-1.044391
0.02303	1.13482	3.13362e-05	-1.045002
0.02334125	1.13665	3.56913e-05	-1.045595
0.02335	1.13671	3.58475e-05	-1.045612
0.02367	1.1386	4.15589e-05	-1.046222
0.02398125	1.14044	4.71172e-05	-1.046815
0.02399	1.14049	4.73191e-05	-1.046832
0.02431	1.14238	5.47017e-05	-1.047441
0.02462125	1.14422	6.18861e-05	-1.048033
0.02463	1.14427	6.21497e-05	-1.04805
0.02495	1.14616	7.17919e-05	-1.048658
0.02526125	1.148	8.1175e-05	-1.049249
0.02527	1.14805	8.15213e-05	-1.049266
0.02559	1.14994	9.4191e-05	-1.049874
0.02590125	1.15177	0.00010652	-1.050464
0.02591	1.15183	0.000106944	-1.050481
0.02622125	1.15366	0.000122032	-1.051071
0.02623	1.15372	0.000122516	-1.051088
0.02654125	1.15555	0.000139754	-1.051677
0.02655	1.1556	0.000140304	-1.051694
0.02686125	1.15744	0.000159892	-1.052284
0.02687	1.15749	0.000160512	-1.052301
0.02718125	1.15933	0.000182577	-1.052889
0.02719	1.15938	0.000183266	-1.052906
0.02750125	1.16122	0.000207788	-1.053494
0.02751	1.16127	0.000208539	-1.053511
0.02782125	1.16311	0.000235261	-1.054099
0.02783	1.16316	0.000236057	-1.054116
0.02814125	1.165	0.000264366	-1.054704
0.02815	1.16505	0.000265176	-1.054721
0.02846125	1.16689	0.000293999	-1.055308
0.02847	1.16694	0.000294779	-1.055325
0.02878125	1.16878	0.000322522	-1.055912
0.02879	1.16883	0.000323214	-1.055928
0.02910125	1.17067	0.000347849	-1.056515
0.02911	1.17072	0.000348393	-1.056531
0.02942125	1.17256	0.000367765	-1.057118
0.02975	1.1745	0.000376087	-1.057737
0.03006125	1.17633	0.000383964	-1.058323
0.03039	1.17827	0.000374859	-1.05894
0.03070125	1.18011	0.000366229	-1.059525
0.03071	1.18016	0.000365717	-1.059541
0.03102125	1.182	0.000347494	-1.060126
0.03103	1.18205	0.000346875	-1.060142
0.03134125	1.18388	0.000324848	-1.060727
0.03135	1.18393	0.000324176	-1.060743
0.03166125	1.18577	0.000300242	-1.061327
0.03167	1.18582	0.000299558	-1.061343
0.03198125	1.18765	0.000275251	-1.061926
0.03199	1.1877	0.000274588	-1.061942
0.03230125	1.18953	0.000250993	-1.062526
0.03231	1.18959	0.000250369	-1.062542
0.03262125	1.19142	0.000228164	-1.063124
0.03263	1.19147	0.000227589	-1.06314
0.03294125	1.1933	0.000207132	-1.063723
0.03295	1.19335	0.00020661	-1.063739
0.03326125	1.19518	0.000188027	-1.064321
0.03327	1.19523	0.000187557	-1.064337
0.03358125	1.19706	0.000170835	-1.064918
0.03359	1.19711	0.000170438	-1.064934
0.03391	1.19899	0.000155889	-1.065532
0.03422125	1.20082	0.000141732	-1.066113
0.03423	1.20087	0.000141416	-1.066129
0.03455	1.20275	0.000129863	-1.066725
0.03486125	1.20457	0.000118621	-1.067305
0.03487	1.20462	0.00011837	-1.067321
0.03519	1.2065	0.000109181	-1.067917
0.03550125	1.20833	0.000100241	-1.068496
0.03551	1.20838	0.000100039	-1.068512
0.03583	1.21025	9.26764e-05	-1.069107
0.03614125	1.21208	8.55122e-05	-1.069685
0.03615	1.21213	8.53494e-05	-1.069701
0.03647	1.214	7.93974e-05	-1.070295
0.03678125	1.21583	7.36061e-05	-1.070873
0.03679	1.21588	7.34731e-05	-1.070889
0.03711	1.21775	6.86076e-05	-1.071482
0.03742125	1.21957	6.38735e-05	-1.072059
0.03743	1.21962	6.37635e-05	-1.072075
0.03775	1.2215	5.9743e-05	-1.072667
0.03806125	1.22332	5.58311e-05	-1.073244
0.03807	1.22337	5.57465e-05	-1.07326
0.03839	1.22524	5.2653e-05	-1.073851
0.03871	1.22711	4.95586e-05	-1.074442
0.03903	1.22898	4.64632e-05	-1.075033
0.03934125	1.2308	4.34514e-05	-1.075608
0.03935	1.23086	4.33902e-05	-1.075624
0.03967	1.23273	4.11507e-05	-1.076214
0.03999	1.2346	3.89105e-05	-1.076804
0.04031	1.23647	3.66698e-05	-1.077393
0.04062125	1.23828	3.44897e-05	-1.077966
0.04063	1.23833	3.44438e-05	-1.077982
0.04095	1.2402	3.27671e-05	-1.07857
0.04127	1.24207	3.10899e-05	-1.079158
0.04159	1.24394	2.94123e-05	-1.079746
0.04190125	1.24576	2.77801e-05	-1.080318
0.04191	1.24581	2.77448e-05	-1.080334
0.04223	1.24767	2.64527e-05	-1.08092
0.04255	1.24954	2.51603e-05	-1.081507
0.04287	1.25141	2.38676e-05	-1.082093
0.04318125	1.25322	2.26099e-05	-1.082663
0.04319	1.25327	2.25847e-05	-1.082679
0.04351	1.25514	2.16634e-05	-1.083264
0.04383	1.257	2.07419e-05	-1.083849
0.04415	1.25887	1.98203e-05	-1.084434
0.04447	1.26073	1.88986e-05	-1.085018
0.04479	1.26259	1.79766e-05	-1.085602
0.04511	1.26446	1.70545e-05	-1.086186
0.04543	1.26632	1.61322e-05	-1.086769
0.04574125	1.26813	1.52349e-05	-1.087335
0.04607	1.27005	1.46909e-05	-1.087934
0.04639	1.27191	1.41614e-05	-1.088515
0.04671	1.27377	1.36319e-05	-1.089097
0.04703	1.27563	1.31023e-05	-1.089678
0.04735	1.27749	1.25728e-05	-1.090259
0.04767	1.27935	1.20432e-05	-1.090839
0.04799	1.28121	1.15135e-05	-1.091419
0.04831	1.28307	1.09839e-05	-1.091999
0.04863	1.28493	1.04543e-05	-1.092578
0.04895	1.28679	9.92468e-06	-1.093157
0.04927	1.28865	9.39504e-06	-1.093735
0.04959	1.29051	8.86536e-06	-1.094313
0.04991	1.29236	8.33567e-06	-1.094891
0.05023	1.29422	7.80599e-06	-1.095468
0.05055	1.29608	7.27628e-06	-1.096045
0.05086125	1.29788	6.76105e-06	-1.096605
0.05119	1.29979	6.54664e-06	-1.097197
0.05151	1.30165	6.33815e-06	-1.097773
0.05183	1.3035	6.12987e-06	-1.098348
0.05215	1.30536	5.9218e-06	-1.098923
0.05247	1.30721	5.71394e-06	-1.099498
0.05279	1.30906	5.50629e-06	-1.100072
0.05311	1.31092	5.29886e-06	-1.100646
0.05343	1.31277	5.09164e-06	-1.101219
0.05375	1.31462	4.88464e-06	-1.101792
0.05407	1.31648	4.67785e-06	-1.102365
0.05439	1.31833	4.47129e-06	-1.102937
0.05471	1.32018	4.26495e-06	-1.103509
0.05503	1.32203	4.05883e-06	-1.104081
0.05535	1.32388	3.85294e-06	-1.104652
0.05567	1.32573	3.64726e-06	-1.105222
0.05599	1.32758	3.44181e-06	-1.105793
0.05631	1.32943	3.23659e-06	-1.106363
0.05663	1.33128	3.0316e-06	-1.106932
0.05695	1.33313	2.82684e-06	-1.107501
0.05727	1.33498	2.6223e-06	-1.10807
0.05759	1.33683	2.418e-06	-1.108639
0.05791	1.33868	2.21393e-06	-1.109207
0.05823	1.34053	2.01009e-06	-1.109775
0.05855	1.34237	1.80649e-06	-1.110342
0.05887	1.34422	1.60312e-06	-1.110909
0.05919	1.34607	1.39999e-06	-1.111476
0.05951	1.34791	1.1971e-06	-1.112042
0.05983	1.34976	9.94446e-07	-1.112607
0.06015	1.3516	7.9203e-07	-1.113173
0.06047	1.35345	5.89855e-07	-1.113738
0.06079	1.35529	3.87923e-07	-1.114303
0.06110125	1.35709	1.91744e-07	-1.114852
0.06111	1.35714	1.91103e-07	-1.114867
0.06143	1.35898	1.67975e-07	-1.115431
0.06175	1.36083	1.45402e-07	-1.115995
0.06207	1.36267	1.23385e-07	-1.116558
0.06239	1.36451	1.01927e-07	-1.117121
0.06271	1.36635	8.10301e-08	-1.117683
0.06303	1.36819	6.06956e-08	-1.118245
0.06335	1.37004	4.09255e-08	-1.118807
0.06366125	1.37183	2.22395e-08	-1.119353
0.06367	1.37188	2.42534e-08	-1.119368
0.06399	1.37372	9.8322e-08	-1.119929
0.06431	1.37556	1.73198e-07	-1.12049
0.06463	1.3774	2.48885e-07	-1.12105
0.06495	1.37924	3.25385e-07	-1.12161
0.06527	1.38108	4.027e-07	-1.122169
0.06559	1.38292	4.80832e-07	-1.122729
0.06591	1.38476	5.59784e-07	-1.123287
0.06622125	1.38655	6.37367e-07	-1.123831
0.06623	1.3866	6.43145e-07	-1.123846
0.06655	1.38843	8.55079e-07	-1.124404
0.06687	1.39027	1.0682e-06	-1.124961
0.06719	1.39211	1.28251e-06	-1.125519
0.06751	1.39395	1.49801e-06	-1.126075
0.06783	1.39578	1.71471e-06	-1.126632
0.06815	1.39762	1.9326e-06	-1.127188
0.06847	1.39946	2.1517e-06	-1.127744
0.06878125	1.40124	2.36597e-06	-1.128284
0.06879	1.40129	2.37747e-06	-1.128299
0.06911	1.40312	2.79902e-06	-1.128854
0.06943	1.40496	3.22234e-06	-1.129409
0.06975	1.40679	3.64743e-06	-1.129963
0.07007	1.40863	4.0743e-06	-1.130517
0.07039	1.41046	4.50294e-06	-1.131071
0.07071	1.4123	4.93337e-06	-1.131624
0.07103	1.41413	5.36558e-06	-1.132177
0.07134125	1.41591	5.7877e-06	-1.132715
0.07135	1.41596	5.80836e-06	-1.13273
0.07167	1.41779	6.56522e-06	-1.133282
0.07199	1.41963	7.32478e-06	-1.133833
0.07231	1.42146	8.08704e-06	-1.134385
0.07263	1.42329	8.85199e-06	-1.134936
0.07295	1.42512	9.61961e-06	-1.135487
0.07327	1.42695	1.039e-05	-1.136037
0.07359	1.42878	1.1163e-05	-1.136587
0.07390125	1.43056	1.19176e-05	-1.137121
0.07391	1.43061	1.19487e-05	-1.137136
0.07423	1.43244	1.3091e-05	-1.137686
0.07455	1.43427	1.42369e-05	-1.138235
0.07487	1.4361	1.53866e-05	-1.138783
0.07518125	1.43788	1.65085e-05	-1.139316
0.07519	1.43793	1.65493e-05	-1.139331
0.07551	1.43976	1.80471e-05	-1.139879
0.07583	1.44158	1.95496e-05	-1.140427
0.07615	1.44341	2.10567e-05	-1.140974
0.07646125	1.44519	2.2527e-05	-1.141505
0.07647	1.44524	2.25805e-05	-1.14152
0.07679	1.44706	2.45406e-05	-1.142067
0.07711	1.44889	2.65067e-05	-1.142613
0.07743	1.45072	2.84787e-05	-1.143158
0.07774125	1.45249	3.04024e-05	-1.143689
0.07775	1.45254	3.04723e-05	-1.143704
0.07807	1.45437	3.30332e-05	-1.144249
0.07839	1.45619	3.56015e-05	-1.144793
0.07871	1.45802	3.81771e-05	-1.145337
0.07902125	1.45979	4.06893e-05	-1.145866
0.07903	1.45984	4.07803e-05	-1.145881
0.07935	1.46167	4.41139e-05	-1.146425
0.07967	1.46349	4.74567e-05	-1.146968
0.07999	1.46531	5.08088e-05	-1.147511
0.08030125	1.46709	5.40781e-05	-1.148038
0.08031	1.46714	5.41956e-05	-1.148053
0.08063	1.46896	5.85011e-05	-1.148595
0.08095	1.47078	6.28181e-05	-1.149137
0.08127	1.47261	6.71468e-05	-1.149678
0.08158125	1.47438	7.13681e-05	-1.150204
0.08159	1.47443	7.15179e-05	-1.150219
0.08191	1.47625	7.70009e-05	-1.15076
0.08223	1.47807	8.24983e-05	-1.1513
0.08255	1.47989	8.801e-05	-1.15184
0.08286125	1.48166	9.33845e-05	-1.152365
0.08287	1.48171	9.357e-05	-1.15238
0.08319	1.48354	0.00010036	-1.152919
0.08351	1.48536	0.000107168	-1.153458
0.08383	1.48718	0.000113992	-1.153997
0.08414125	1.48894	0.000120647	-1.15452
0.08415	1.489	0.00012086	-1.154535
0.08447	1.49082	0.000128637	-1.155073
0.08478125	1.49258	0.00013622	-1.155595
0.08479	1.49263	0.000136447	-1.15561
0.08511	1.49445	0.000144779	-1.156148
0.08542125	1.49622	0.000152901	-1.156669
0.08543	1.49627	0.00015314	-1.156684
0.08575	1.49809	0.000161881	-1.157221
0.08606125	1.49986	0.000170403	-1.157742
0.08607	1.49991	0.000170645	-1.157757
0.08639	1.50172	0.00017951	-1.158293
0.08671	1.50354	0.000188397	-1.158828
0.08703	1.50536	0.000197302	-1.159363
0.08734125	1.50713	0.000205983	-1.159883
0.08735	1.50718	0.000206201	-1.159898
0.08767	1.50899	0.000214162	-1.160432
0.08799	1.51081	0.000222138	-1.160966
0.08831	1.51262	0.000230132	-1.1615
0.08862125	1.51439	0.000237923	-1.162018
0.08895	1.51626	0.000243676	-1.162567
0.08927	1.51807	0.000249286	-1.163099
0.08959	1.51989	0.000254907	-1.163631
0.08990125	1.52165	0.000260383	-1.164148
0.09023	1.52351	0.000262705	-1.164695
0.09055	1.52533	0.000264966	-1.165226
0.09087	1.52714	0.000267229	-1.165757
0.09118125	1.5289	0.00026943	-1.166273
0.09151	1.53077	0.000268314	-1.166818
0.09183	1.53258	0.00026722	-1.167348
0.09215	1.53439	0.00026612	-1.167878
0.09246125	1.53615	0.000265043	-1.168393
0.09279	1.53801	0.000261344	-1.168936
0.09311	1.53982	0.00025773	-1.169464
0.09343	1.54163	0.000254105	-1.169993
0.09374125	1.54339	0.000250567	-1.170507
0.09407	1.54525	0.000245647	-1.171048
0.09438125	1.54701	0.000240974	-1.171561
0.09471	1.54887	0.00023561	-1.172102
0.09502125	1.55063	0.000230518	-1.172615
0.09535	1.55249	0.000224934	-1.173155
0.09566125	1.55424	0.000219634	-1.173667
0.09599	1.5561	0.000214066	-1.174206
0.09631	1.55791	0.000208632	-1.174731
0.09663	1.55971	0.000203183	-1.175256
0.09694125	1.56147	0.000197869	-1.175767
0.09727	1.56332	0.000192642	-1.176305
0.09759	1.56513	0.00018754	-1.176829
0.09791	1.56693	0.000182425	-1.177352
0.09822125	1.56869	0.000177437	-1.177861
0.09855	1.57054	0.000172745	-1.178398
0.09887	1.57235	0.000168166	-1.178921
0.09919	1.57415	0.000163576	-1.179443
0.09950125	1.5759	0.0001591	-1.179951
0.10015	1.57955	0.000150978	-1.181007
0.10047	1.58135	0.000146957	-1.181528
0.10078125	1.58311	0.000143037	-1.182035
0.10111	1.58496	0.000139478	-1.182569
0.10143	1.58676	0.000136005	-1.183089
0.10175	1.58856	0.000132525	-1.183608
0.10206125	1.59031	0.000129131	-1.184113
0.10239	1.59216	0.000126064	-1.184646
0.10271	1.59396	0.000123072	-1.185165
0.10303	1.59576	0.000120073	-1.185683
0.10334125	1.59751	0.000117149	-1.186187
0.10367	1.59935	0.000114507	-1.186718
0.10399	1.60115	0.000111929	-1.187236
0.10462125	1.60469	0.000106826	-1.188255
0.10495	1.60654	0.000104706	-1.188785
0.10527	1.60834	0.000102638	-1.189301
0.10559	1.61013	0.000100565	-1.189817
0.10591	1.61193	9.84878e-05	-1.190332
0.10623	1.61372	9.6405e-05	-1.190847
0.10687	1.61731	9.22256e-05	-1.191876
0.10718125	1.61906	9.01861e-05	-1.192376
0.10751	1.6209	8.85791e-05	-1.192903
0.10783	1.62269	8.70112e-05	-1.193417
0.10815	1.62449	8.54399e-05	-1.19393
0.10847	1.62628	8.3865e-05	-1.194442
0.10911	1.62987	8.07045e-05	-1.195467
0.10943	1.63166	7.91191e-05	-1.195979
0.10974125	1.6334	7.75736e-05	-1.196476
0.11007	1.63524	7.63303e-05	-1.197001
0.11039	1.63703	7.51173e-05	-1.197512
0.11071	1.63882	7.39018e-05	-1.198022
0.11135	1.6424	7.14626e-05	-1.199042
0.11167	1.64419	7.0239e-05	-1.199551
0.11199	1.64598	6.90128e-05	-1.200061
0.11230125	1.64772	6.78175e-05	-1.200555
0.11263	1.64956	6.68361e-05	-1.201078
0.11295	1.65135	6.58786e-05	-1.201586
0.11359	1.65492	6.39576e-05	-1.202602
0.11391	1.65671	6.2994e-05	-1.203109
0.11423	1.6585	6.20283e-05	-1.203616
0.11455	1.66028	6.10606e-05	-1.204122
0.11486125	1.66202	6.01174e-05	-1.204615
0.11519	1.66385	5.94058e-05	-1.205134
0.11583	1.66743	5.80161e-05	-1.206146
0.11615	1.66921	5.7319e-05	-1.206651
0.11647	1.671	5.66204e-05	-1.207155
0.11679	1.67278	5.59204e-05	-1.20766
0.11711	1.67457	5.5219e-05	-1.208164
0.11743	1.67635	5.4516e-05	-1.208668
0.11807	1.67992	5.31057e-05	-1.209674
0.11839	1.6817	5.23984e-05	-1.210177
0.11871	1.68348	5.16896e-05	-1.210679
0.11903	1.68527	5.09793e-05	-1.211182
0.11935	1.68705	5.02677e-05	-1.211684
0.11967	1.68883	4.95546e-05	-1.212185
0.11998125	1.69056	4.88595e-05	-1.212673
0.12031	1.69239	4.83695e-05	-1.213188
0.12063	1.69417	4.78916e-05	-1.213688
0.12095	1.69595	4.74127e-05	-1.214189
0.12127	1.69773	4.69328e-05	-1.214689
0.12159	1.69951	4.6452e-05	-1.215188
0.12191	1.70129	4.59701e-05	-1.215688
0.12255	1.70485	4.50036e-05	-1.216686
0.12287	1.70663	4.45189e-05	-1.217184
0.12319	1.70841	4.40331e-05	-1.217683
0.12351	1.71018	4.35465e-05	-1.218181
0.12383	1.71196	4.30589e-05	-1.218678
0.12415	1.71374	4.25703e-05	-1.219175
0.12479	1.71729	4.15902e-05	-1.220169
0.12510125	1.71902	4.11122e-05	-1.220651
0.12543	1.72085	4.0757e-05	-1.221162
0.12575	1.72262	4.04105e-05	-1.221657
0.12607	1.7244	4.00634e-05	-1.222153
0.12639	1.72617	3.97156e-05	-1.222648
0.12703	1.72972	3.9018e-05	-1.223637
0.12735	1.7315	3.86681e-05	-1.224132
0.12767	1.73327	3.83176e-05	-1.224626
0.12799	1.73504	3.79664e-05	-1.225119
0.12831	1.73682	3.76145e-05	-1.225613
0.12863	1.73859	3.7262e-05	-1.226106
0.12927	1.74213	3.65548e-05	-1.227091
0.12959	1.74391	3.62003e-05	-1.227583
0.12991	1.74568	3.5845e-05	-1.228075
0.13022125	1.7474	3.54989e-05	-1.228554
0.13055	1.74922	3.52306e-05	-1.229058
0.13087	1.75099	3.49691e-05	-1.229549
0.13151	1.75453	3.44445e-05	-1.23053
0.13183	1.7563	3.41814e-05	-1.23102
0.13215	1.75807	3.39178e-05	-1.23151
0.13247	1.75984	3.36538e-05	-1.231999
0.13279	1.76161	3.33893e-05	-1.232489
0.13311	1.76338	3.31242e-05	-1.232978
0.13375	1.76692	3.25926e-05	-1.233955
0.13407	1.76869	3.23262e-05	-1.234443
0.13439	1.77045	3.20592e-05	-1.23493
0.13471	1.77222	3.17917e-05	-1.235418
0.13503	1.77399	3.15237e-05	-1.235905
0.13534125	1.77571	3.12625e-05	-1.236379
0.13599	1.77929	3.08958e-05	-1.237364
0.13631	1.78105	3.07143e-05	-1.23785
0.13663	1.78282	3.05326e-05	-1.238336
0.13695	1.78459	3.03504e-05	-1.238822
0.13727	1.78635	3.0168e-05	-1.239307
0.13759	1.78811	2.99852e-05	-1.239791
0.13823	1.79164	2.96186e-05	-1.24076
0.13855	1.79341	2.94348e-05	-1.241244
0.13887	1.79517	2.92506e-05	-1.241728
0.13919	1.79693	2.90662e-05	-1.242211
0.13951	1.7987	2.88814e-05	-1.242694
0.13983	1.80046	2.86963e-05	-1.243177
0.14047	1.80398	2.8325e-05	-1.244142
0.14079	1.80575	2.81389e-05	-1.244624
0.14111	1.80751	2.79524e-05	-1.245105
0.14143	1.80927	2.77656e-05	-1.245587
0.14175	1.81103	2.75786e-05	-1.246068
0.14207	1.81279	2.73911e-05	-1.246549
0.14271	1.81631	2.70153e-05	-1.247509
0.14303	1.81807	2.68269e-05	-1.247989
0.14335	1.81983	2.66382e-05	-1.248469
0.14367	1.82159	2.64491e-05	-1.248948
0.14399	1.82335	2.62598e-05	-1.249427
0.14431	1.82511	2.60701e-05	-1.249906
0.14495	1.82863	2.56898e-05	-1.250863
0.14527	1.83038	2.54991e-05	-1.251341
0.14558125	1.83209	2.53134e-05	-1.251806
0.14591	1.8339	2.52097e-05	-1.252296
0.14623	1.83566	2.51086e-05	-1.252773
0.14655	1.83741	2.50073e-05	-1.25325
0.14719	1.84092	2.48042e-05	-1.254203
0.14751	1.84268	2.47024e-05	-1.254679
0.14783	1.84444	2.46003e-05	-1.255154
0.14815	1.84619	2.44981e-05	-1.25563
0.14847	1.84795	2.43957e-05	-1.256105
0.14879	1.8497	2.42931e-05	-1.25658
0.14943	1.85321	2.40875e-05	-1.257529
0.14975	1.85496	2.39843e-05	-1.258003
0.15007	1.85672	2.3881e-05	-1.258477
0.15039	1.85847	2.37775e-05	-1.25895
0.15071	1.86022	2.36738e-05	-1.259423
0.15103	1.86198	2.357e-05	-1.259896
0.15167	1.86548	2.33618e-05	-1.260841
0.15199	1.86723	2.32575e-05	-1.261313
0.15231	1.86899	2.31529e-05	-1.261785
0.15263	1.87074	2.30482e-05	-1.262257
0.15295	1.87249	2.29432e-05	-1.262728
0.15327	1.87424	2.28382e-05	-1.263199
0.15391	1.87774	2.26275e-05	-1.26414
0.15423	1.87949	2.25219e-05	-1.264611
0.15455	1.88124	2.24161e-05	-1.265081
0.15487	1.88299	2.23101e-05	-1.26555
0.15519	1.88474	2.2204e-05	-1.26602
0.15551	1.88649	2.20978e-05	-1.266489
0.15615	1.88999	2.18846e-05	-1.267426
0.15647	1.89173	2.17778e-05	-1.267894
0.15679	1.89348	2.16708e-05	-1.268363
0.15711	1.89523	2.15637e-05	-1.26883
0.15743	1.89698	2.14564e-05	-1.269298
0.15775	1.89872	2.13489e-05	-1.269765
0.15839	1.90222	2.11334e-05	-1.270699
0.15871	1.90397	2.10254e-05	-1.271165
0.15903	1.90571	2.09172e-05	-1.271631
0.15935	1.90746	2.08089e-05	-1.272097
0.15967	1.9092	2.07004e-05	-1.272563
0.15999	1.91095	2.05918e-05	-1.273028
0.16063	1.91444	2.0374e-05	-1.273958
0.16095	1.91618	2.02648e-05	-1.274422
0.16127	1.91793	2.01555e-05	-1.274887
0.16159	1.91967	2.0046e-05	-1.275351
0.16191	1.92141	1.99364e-05	-1.275815
0.16223	1.92316	1.98266e-05	-1.276278
0.16287	1.92664	1.96065e-05	-1.277204
0.16319	1.92839	1.94962e-05	-1.277667
0.16351	1.93013	1.93858e-05	-1.278129
0.16383	1.93187	1.92752e-05	-1.278591
0.16415	1.93361	1.91645e-05	-1.279053
0.16447	1.93535	1.90535e-05	-1.279515
0.16511	1.93884	1.88313e-05	-1.280437
0.16543	1.94058	1.87199e-05	-1.280898
0.16575	1.94232	1.86084e-05	-1.281359
0.16606125	1.94401	1.84997e-05	-1.281806
0.16639	1.9458	1.8454e-05	-1.282279
0.16671	1.94754	1.84095e-05	-1.282739
0.16735	1.95102	1.83201e-05	-1.283658
0.16767	1.95276	1.82753e-05	-1.284117
0.16799	1.9545	1.82305e-05	-1.284576
0.16831	1.95623	1.81855e-05	-1.285034
0.16863	1.95797	1.81405e-05	-1.285493
0.16895	1.95971	1.80954e-05	-1.285951
0.16959	1.96318	1.80049e-05	-1.286866
0.16991	1.96492	1.79596e-05	-1.287323
0.17023	1.96666	1.79142e-05	-1.28778
0.17055	1.9684	1.78687e-05	-1.288237
0.17087	1.97013	1.7823e-05	-1.288693
0.17119	1.97187	1.77774e-05	-1.289149
0.17183	1.97534	1.76859e-05	-1.290061
0.17215	1.97707	1.764e-05	-1.290517
0.17247	1.97881	1.7594e-05	-1.290972
0.17279	1.98055	1.7548e-05	-1.291427
0.17311	1.98228	1.75019e-05	-1.291881
0.17343	1.98401	1.74557e-05	-1.292336
0.17407	1.98748	1.73631e-05	-1.293244
0.17439	1.98922	1.73167e-05	-1.293697
0.17471	1.99095	1.72702e-05	-1.294151
0.17503	1.99268	1.72236e-05	-1.294604
0.17535	1.99441	1.7177e-05	-1.295057
0.17567	1.99615	1.71302e-05	-1.29551
0.17631	1.99961	1.70366e-05	-1.296414
0.17663	2.00134	1.69897e-05	-1.296866
0.17695	2.00307	1.69427e-05	-1.297318
0.17727	2.00481	1.68956e-05	-1.297769
0.17759	2.00654	1.68484e-05	-1.29822
0.17791	2.00827	1.68012e-05	-1.298671
0.17855	2.01173	1.67066e-05	-1.299572
0.17919	2.01519	1.66116e-05	-1.300472
0.17983	2.01865	1.65164e-05	-1.301371
0.18047	2.02211	1.64208e-05	-1.302269
0.18111	2.02556	1.6325e-05	-1.303166
0.18175	2.02902	1.62289e-05	-1.304063
0.18239	2.03247	1.61326e-05	-1.304958
0.18303	2.03593	1.6036e-05	-1.305852
0.18367	2.03938	1.5939e-05	-1.306745
0.18431	2.04283	1.58418e-05	-1.307637
0.18495	2.04628	1.57444e-05	-1.308528
0.18559	2.04974	1.56466e-05	-1.309419
0.18623	2.05318	1.55487e-05	-1.310308
0.18687	2.05663	1.54504e-05	-1.311196
0.18751	2.06008	1.53519e-05	-1.312084
0.18815	2.06352	1.52532e-05	-1.31297
0.18879	2.06697	1.51541e-05	-1.313855
0.18943	2.07042	1.50548e-05	-1.31474
0.19007	2.07386	1.49553e-05	-1.315623
0.19071	2.0773	1.48555e-05	-1.316506
0.19135	2.08074	1.47555e-05	-1.317387
0.19199	2.08418	1.46552e-05	-1.318268
0.19263	2.08762	1.45547e-05	-1.319148
0.19327	2.09106	1.44539e-05	-1.320027
0.19391	2.0945	1.43528e-05	-1.320904
0.19455	2.09794	1.42516e-05	-1.321781
0.19519	2.10137	1.41501e-05	-1.322657
0.19583	2.10481	1.40484e-05	-1.323532
0.19647	2.10824	1.39464e-05	-1.324406
0.19711	2.11167	1.38443e-05	-1.325279
0.19775	2.11511	1.37418e-05	-1.326152
0.19839	2.11854	1.36392e-05	-1.327023
0.19903	2.12197	1.35363e-05	-1.327893
0.19967	2.1254	1.34333e-05	-1.328763
0.20031	2.12882	1.33299e-05	-1.329631
0.20095	2.13225	1.32264e-05	-1.330499
0.20159	2.13568	1.31226e-05	-1.331366
0.20223	2.1391	1.30187e-05	-1.332231
0.20287	2.14253	1.29146e-05	-1.333096
0.20351	2.14595	1.28102e-05	-1.33396
0.20415	2.14938	1.27056e-05	-1.334823
0.20479	2.1528	1.26008e-05	-1.335685
0.20543	2.15622	1.24958e-05	-1.336547
0.20607	2.15964	1.23907e-05	-1.337407
0.20671	2.16306	1.22852e-05	-1.338267
0.20702125	2.16472	1.22339e-05	-1.338684
0.20735	2.16648	1.22115e-05	-1.339125
0.20799	2.16989	1.21678e-05	-1.339983
0.20863	2.17331	1.21239e-05	-1.340839
0.20927	2.17673	1.20799e-05	-1.341695
0.20991	2.18014	1.20358e-05	-1.34255
0.21055	2.18356	1.19915e-05	-1.343404
0.21119	2.18697	1.19471e-05	-1.344258
0.21183	2.19038	1.19026e-05	-1.34511
0.21247	2.19379	1.1858e-05	-1.345961
0.21311	2.1972	1.18132e-05	-1.346812
0.21375	2.20061	1.17683e-05	-1.347662
0.21439	2.20402	1.17233e-05	-1.34851
0.21503	2.20743	1.16782e-05	-1.349358
0.21567	2.21084	1.1633e-05	-1.350205
0.21631	2.21424	1.15877e-05	-1.351052
0.21695	2.21765	1.15422e-05	-1.351897
0.21759	2.22105	1.14967e-05	-1.352742
0.21823	2.22446	1.1451e-05	-1.353585
0.21887	2.22786	1.14051e-05	-1.354428
0.21951	2.23126	1.13592e-05	-1.35527
0.22015	2.23466	1.13132e-05	-1.356111
0.22079	2.23806	1.12671e-05	-1.356951
0.22143	2.24146	1.12208e-05	-1.35779
0.22207	2.24486	1.11745e-05	-1.358629
0.22271	2.24826	1.1128e-05	-1.359466
0.22335	2.25165	1.10814e-05	-1.360303
0.22399	2.25505	1.10347e-05	-1.361139
0.22463	2.25844	1.0988e-05	-1.361974
0.22527	2.26184	1.09411e-05	-1.362809
0.22591	2.26523	1.08941e-05	-1.363642
0.22655	2.26863	1.0847e-05	-1.364475
0.22719	2.27202	1.07999e-05	-1.365306
0.22783	2.27541	1.07526e-05	-1.366137
0.22847	2.2788	1.07052e-05	-1.366967
0.22911	2.28219	1.06577e-05	-1.367797
0.22975	2.28557	1.06101e-05	-1.368625
0.23039	2.28896	1.05624e-05	-1.369453
0.23103	2.29235	1.05147e-05	-1.37028
0.23167	2.29574	1.04668e-05	-1.371106
0.23231	2.29912	1.04188e-05	-1.371931
0.23295	2.3025	1.03708e-05	-1.372755
0.23359	2.30589	1.03226e-05	-1.373579
0.23423	2.30927	1.02744e-05	-1.374401
0.23487	2.31265	1.0226e-05	-1.375223
0.23551	2.31603	1.01776e-05	-1.376044
0.23615	2.31941	1.01291e-05	-1.376864
0.23679	2.32279	1.00805e-05	-1.377684
0.23743	2.32617	1.00319e-05	-1.378503
0.23807	2.32955	9.9831e-06	-1.37932
0.23871	2.33293	9.93426e-06	-1.380138
0.23935	2.3363	9.88533e-06	-1.380954
0.23999	2.33968	9.83633e-06	-1.381769
0.24063	2.34305	9.78724e-06	-1.382584
0.24127	2.34643	9.73807e-06	-1.383398
0.24191	2.3498	9.68882e-06	-1.384211
0.24255	2.35317	9.63948e-06	-1.385023
0.24319	2.35654	9.59007e-06	-1.385835
0.24383	2.35991	9.54059e-06	-1.386645
0.24447	2.36328	9.49103e-06	-1.387455
0.24511	2.36665	9.44139e-06	-1.388264
0.24575	2.37002	9.39168e-06	-1.389073
0.24639	2.37339	9.3419e-06	-1.38988
0.24703	2.37675	9.29205e-06	-1.390687
0.24767	2.38012	9.24213e-06	-1.391493
0.24798125	2.38176	9.21782e-06	-1.391884
0.24831	2.38349	9.20417e-06	-1.392298
0.24895	2.38685	9.17756e-06	-1.393103
0.24959	2.39021	9.15089e-06	-1.393907
0.25023	2.39358	9.12415e-06	-1.39471
0.25087	2.39694	9.09735e-06	-1.395512
0.25151	2.4003	9.07048e-06	-1.396313
0.25215	2.40366	9.04356e-06	-1.397114
0.25279	2.40702	9.01657e-06	-1.397914
0.25343	2.41038	8.98953e-06	-1.398713
0.25407	2.41374	8.96242e-06	-1.399511
0.25471	2.41709	8.93525e-06	-1.400309
0.25535	2.42045	8.90802e-06	-1.401105
0.25599	2.42381	8.88073e-06	-1.401902
0.25663	2.42716	8.85339e-06	-1.402697
0.25727	2.43052	8.82598e-06	-1.403491
0.25791	2.43387	8.79852e-06	-1.404285
0.25855	2.43722	8.771e-06	-1.405078
0.25919	2.44058	8.74343e-06	-1.405871
0.25983	2.44393	8.7158e-06	-1.406662
0.26047	2.44728	8.68811e-06	-1.407453
0.26111	2.45063	8.66038e-06	-1.408243
0.26175	2.45398	8.63258e-06	-1.409033
0.26239	2.45733	8.60473e-06	-1.409821
0.26303	2.46067	8.57683e-06	-1.410609
0.26367	2.46402	8.54888e-06	-1.411396
0.26431	2.46737	8.52087e-06	-1.412183
0.26495	2.47071	8.49282e-06	-1.412969
0.26559	2.47406	8.46471e-06	-1.413754
0.26623	2.4774	8.43655e-06	-1.414538
0.26687	2.48075	8.40834e-06	-1.415321
0.26751	2.48409	8.38009e-06	-1.416104
0.26815	2.48743	8.35178e-06	-1.416886
0.26879	2.49077	8.32342e-06	-1.417668
0.26943	2.49411	8.29501e-06	-1.418448
0.27007	2.49745	8.26656e-06	-1.419228
0.27071	2.50079	8.23806e-06	-1.420007
0.27135	2.50413	8.20952e-06	-1.420786
0.27199	2.50747	8.18093e-06	-1.421563
0.27263	2.5108	8.15229e-06	-1.42234
0.27327	2.51414	8.12361e-06	-1.423117
0.27391	2.51748	8.09488e-06	-1.423892
0.27455	2.52081	8.06611e-06	-1.424667
0.27519	2.52415	8.0373e-06	-1.425442
0.27583	2.52748	8.00844e-06	-1.426215
0.27647	2.53081	7.97954e-06	-1.426988
0.27711	2.53414	7.9506e-06	-1.42776
0.27775	2.53747	7.92161e-06	-1.428531
0.27839	2.5408	7.89259e-06	-1.429302
0.27903	2.54413	7.86352e-06	-1.430072
0.27967	2.54746	7.83442e-06	-1.430841
0.28031	2.55079	7.80528e-06	-1.43161
0.28095	2.55412	7.7761e-06	-1.432378
0.28159	2.55745	7.74687e-06	-1.433145
0.28223	2.56078	7.71761e-06	-1.433912
0.28287	2.5641	7.68832e-06	-1.434677
0.28351	2.56743	7.65898e-06	-1.435442
0.28415	2.57075	7.62961e-06	-1.436207
0.28479	2.57407	7.60021e-06	-1.436971
0.28543	2.5774	7.57076e-06	-1.437734
0.28607	2.58072	7.54128e-06	-1.438496
0.28671	2.58404	7.51177e-06	-1.439258
0.28735	2.58736	7.48223e-06	-1.440019
0.28799	2.59068	7.45265e-06	-1.440779
0.28863	2.594	7.42303e-06	-1.441539
0.28894125	2.59562	7.40861e-06	-1.441908
0.28927	2.59732	7.39932e-06	-1.442298
0.28991	2.60064	7.3812e-06	-1.443056
0.29055	2.60396	7.36305e-06	-1.443814
0.29119	2.60727	7.34485e-06	-1.444571
0.29183	2.61059	7.32662e-06	-1.445328
0.29247	2.6139	7.30836e-06	-1.446083
0.29311	2.61722	7.29006e-06	-1.446838
0.29375	2.62053	7.27173e-06	-1.447593
0.29439	2.62385	7.25336e-06	-1.448346
0.29503	2.62716	7.23495e-06	-1.449099
0.29567	2.63047	7.21652e-06	-1.449852
0.29631	2.63378	7.19804e-06	-1.450603
0.29695	2.63709	7.17954e-06	-1.451354
0.29759	2.64041	7.161e-06	-1.452105
0.29823	2.64372	7.14243e-06	-1.452854
0.29887	2.64703	7.12383e-06	-1.453604
0.29951	2.65033	7.1052e-06	-1.454352
0.30015	2.65364	7.08652e-06	-1.4551
0.30079	2.65695	7.06782e-06	-1.455847
0.30143	2.66025	7.0491e-06	-1.456593
0.30207	2.66356	7.03034e-06	-1.457339
0.30271	2.66687	7.01155e-06	-1.458084
0.30335	2.67017	6.99273e-06	-1.458829
0.30399	2.67347	6.97387e-06	-1.459573
0.30463	2.67678	6.95499e-06	-1.460316
0.30527	2.68008	6.93609e-06	-1.461059
0.30591	2.68338	6.91715e-06	-1.461801
0.30655	2.68668	6.89818e-06	-1.462542
0.30719	2.68998	6.87919e-06	-1.463283
0.30783	2.69328	6.86016e-06	-1.464023
0.30847	2.69658	6.84111e-06	-1.464762
0.30911	2.69988	6.82203e-06	-1.465501
0.30975	2.70318	6.80292e-06	-1.466239
0.31039	2.70648	6.78379e-06	-1.466977
0.31103	2.70977	6.76463e-06	-1.467714
0.31167	2.71307	6.74544e-06	-1.46845
0.31231	2.71637	6.72623e-06	-1.469186
0.31295	2.71966	6.70699e-06	-1.469921
0.31359	2.72295	6.68773e-06	-1.470655
0.31423	2.72625	6.66845e-06	-1.471389
0.31487	2.72954	6.64913e-06	-1.472122
0.31551	2.73283	6.62979e-06	-1.472854
0.31615	2.73613	6.61043e-06	-1.473586
0.31679	2.73942	6.59105e-06	-1.474318
0.31743	2.74271	6.57164e-06	-1.475048
0.31807	2.746	6.55221e-06	-1.475779
0.31871	2.74929	6.53275e-06	-1.476508
0.31935	2.75258	6.51328e-06	-1.477237
0.31999	2.75586	6.49379e-06	-1.477965
0.32063	2.75915	6.47426e-06	-1.478693
0.32127	2.76244	6.45472e-06	-1.47942
0.32191	2.76572	6.43515e-06	-1.480146
0.32255	2.76901	6.41556e-06	-1.480872
0.32319	2.7723	6.39596e-06	-1.481597
0.32383	2.77558	6.37633e-06	-1.482322
0.32447	2.77887	6.35669e-06	-1.483046
0.32511	2.78215	6.33702e-06	-1.483769
0.32575	2.78543	6.31733e-06	-1.484492
0.32639	2.78871	6.29763e-06	-1.485214
0.32703	2.79199	6.2779e-06	-1.485936
0.32767	2.79528	6.25815e-06	-1.486657
0.32831	2.79855	6.23839e-06	-1.487377
0.32895	2.80184	6.21862e-06	-1.488097
0.32959	2.80511	6.19881e-06	-1.488816
0.32990125	2.80671	6.18917e-06	-1.489166
0.33023	2.80839	6.18239e-06	-1.489535
0.33087	2.81167	6.16918e-06	-1.490253
0.33151	2.81495	6.15593e-06	-1.49097
0.33215	2.81822	6.14266e-06	-1.491687
0.33279	2.8215	6.12937e-06	-1.492403
0.33343	2.82478	6.11607e-06	-1.493119
0.33407	2.82805	6.10289e-06	-1.493834
0.33471	2.83133	6.08954e-06	-1.494549
0.33535	2.8346	6.07616e-06	-1.495263
0.33599	2.83787	6.06277e-06	-1.495976
0.33663	2.84115	6.04934e-06	-1.496689
0.33727	2.84442	6.03591e-06	-1.497401
0.33791	2.84769	6.02244e-06	-1.498112
0.33855	2.85096	6.00896e-06	-1.498824
0.33919	2.85423	5.99546e-06	-1.499534
0.33983	2.8575	5.98193e-06	-1.500244
0.34047	2.86077	5.9684e-06	-1.500953
0.34111	2.86404	5.95483e-06	-1.501662
0.34175	2.86731	5.94126e-06	-1.50237
0.34239	2.87057	5.92766e-06	-1.503078
0.34303	2.87384	5.91404e-06	-1.503785
0.34367	2.87711	5.9004e-06	-1.504491
0.34431	2.88037	5.88674e-06	-1.505197
0.34495	2.88364	5.87307e-06	-1.505902
0.34559	2.8869	5.85937e-06	-1.506607
0.34623	2.89017	5.84567e-06	-1.507311
0.34687	2.89343	5.83194e-06	-1.508015
0.34751	2.89669	5.81819e-06	-1.508718
0.34815	2.89996	5.80443e-06	-1.509421
0.34879	2.90322	5.79065e-06	-1.510123
0.34943	2.90648	5.77685e-06	-1.510824
0.35007	2.90974	5.76303e-06	-1.511525
0.35071	2.913	5.74921e-06	-1.512225
0.35135	2.91626	5.73536e-06	-1.512925
0.35199	2.91952	5.7215e-06	-1.513624
0.35263	2.92278	5.70762e-06	-1.514323
0.35327	2.92604	5.69372e-06	-1.515021
0.35391	2.92929	5.67981e-06	-1.515718
0.35455	2.93255	5.66588e-06	-1.516415
0.35519	2.93581	5.65194e-06	-1.517111
0.35583	2.93906	5.63799e-06	-1.517807
0.35647	2.94232	5.62401e-06	-1.518503
0.35711	2.94557	5.61003e-06	-1.519197
0.35775	2.94883	5.59603e-06	-1.519892
0.35839	2.95208	5.58201e-06	-1.520585
0.35903	2.95533	5.56799e-06	-1.521279
0.35967	2.95859	5.55394e-06	-1.521971
0.36031	2.96184	5.53989e-06	-1.522663
0.36095	2.96509	5.52581e-06	-1.523355
0.36159	2.96834	5.51173e-06	-1.524046
0.36223	2.97159	5.49764e-06	-1.524736
0.36287	2.97484	5.48353e-06	-1.525426
0.36351	2.97809	5.46941e-06	-1.526115
0.36415	2.98134	5.45527e-06	-1.526804
0.36479	2.98459	5.44112e-06	-1.527493
0.36543	2.98784	5.42697e-06	-1.52818
0.36607	2.99108	5.4128e-06	-1.528868
0.36671	2.99433	5.39861e-06	-1.529554
0.36735	2.99757	5.38442e-06	-1.530241
0.36799	3.00082	5.3702e-06	-1.530926
0.36863	3.00406	5.35599e-06	-1.531611
0.36927	3.00731	5.34176e-06	-1.532296
0.36991	3.01055	5.32752e-06	-1.53298
0.37055	3.0138	5.31328e-06	-1.533664
0.37086125	3.01537	5.30634e-06	-1.533996
0.37183	3.02028	5.29104e-06	-1.535029
0.37247	3.02353	5.28092e-06	-1.535711
0.37311	3.02677	5.27078e-06	-1.536393
0.37375	3.03001	5.26062e-06	-1.537073
0.37439	3.03325	5.25046e-06	-1.537754
0.37503	3.03649	5.24027e-06	-1.538434
0.37567	3.03973	5.23008e-06	-1.539113
0.37631	3.04297	5.21987e-06	-1.539792
0.37695	3.0462	5.20964e-06	-1.540471
0.37759	3.04944	5.19941e-06	-1.541148
0.37823	3.05268	5.18915e-06	-1.541826
0.37887	3.05592	5.17889e-06	-1.542503
0.37951	3.05915	5.16861e-06	-1.543179
0.38015	3.06239	5.15831e-06	-1.543855
0.38079	3.06562	5.14801e-06	-1.54453
0.38143	3.06886	5.13769e-06	-1.545205
0.38207	3.07209	5.12736e-06	-1.545879
0.38271	3.07533	5.11701e-06	-1.546553
0.38335	3.07856	5.10665e-06	-1.547226
0.38399	3.08179	5.09628e-06	-1.547899
0.38463	3.08502	5.0859e-06	-1.548571
0.38527	3.08826	5.07551e-06	-1.549243
0.38591	3.09149	5.06511e-06	-1.549914
0.38655	3.09472	5.05469e-06	-1.550585
0.38719	3.09795	5.04425e-06	-1.551255
0.38783	3.10118	5.03382e-06	-1.551925
0.38847	3.10441	5.02337e-06	-1.552594
0.38911	3.10764	5.0129e-06	-1.553263
0.38975	3.11086	5.00242e-06	-1.553931
0.39039	3.11409	4.99194e-06	-1.554599
0.39103	3.11732	4.98144e-06	-1.555266
0.39167	3.12054	4.97093e-06	-1.555933
0.39231	3.12377	4.96041e-06	-1.556599
0.39295	3.127	4.94989e-06	-1.557265
0.39359	3.13022	4.93934e-06	-1.55793
0.39423	3.13345	4.92879e-06	-1.558595
0.39487	3.13667	4.91823e-06	-1.559259
0.39551	3.1399	4.90766e-06	-1.559923
0.39615	3.14312	4.89708e-06	-1.560587
0.39679	3.14634	4.88649e-06	-1.561249
0.39743	3.14956	4.8759e-06	-1.561912
0.39807	3.15279	4.86528e-06	-1.562574
0.39871	3.15601	4.85467e-06	-1.563235
0.39935	3.15923	4.84404e-06	-1.563896
0.39999	3.16245	4.8334e-06	-1.564556
0.40063	3.16567	4.82276e-06	-1.565216
0.40127	3.16889	4.8121e-06	-1.565876
0.40191	3.17211	4.80143e-06	-1.566535
0.40255	3.17532	4.79077e-06	-1.567193
0.40319	3.17854	4.78008e-06	-1.567851
0.40383	3.18176	4.7694e-06	-1.568509
0.40447	3.18498	4.7587e-06	-1.569166
0.40511	3.18819	4.74799e-06	-1.569823
0.40575	3.19141	4.73727e-06	-1.570479
0.40639	3.19463	4.72655e-06	-1.571135
0.40703	3.19784	4.71583e-06	-1.57179
0.40767	3.20106	4.70509e-06	-1.572444
0.40831	3.20427	4.69435e-06	-1.573099
0.40895	3.20748	4.68359e-06	-1.573753
0.40959	3.2107	4.67284e-06	-1.574406
0.41023	3.21391	4.66207e-06	-1.575059
0.41087	3.21712	4.65129e-06	-1.575711
0.41151	3.22033	4.64051e-06	-1.576363
0.41182125	3.2219	4.63527e-06	-1.57668
0.41279	3.22676	4.62317e-06	-1.577665
0.41343	3.22997	4.61517e-06	-1.578316
0.41407	3.23318	4.60716e-06	-1.578966
0.41471	3.23639	4.59913e-06	-1.579615
0.41535	3.23959	4.5911e-06	-1.580264
0.41599	3.2428	4.58305e-06	-1.580913
0.41663	3.24601	4.57501e-06	-1.581561
0.41727	3.24922	4.56694e-06	-1.582209
0.41791	3.25243	4.55887e-06	-1.582856
0.41855	3.25563	4.55078e-06	-1.583503
0.41919	3.25884	4.54269e-06	-1.58415
0.41983	3.26204	4.53459e-06	-1.584795
0.42047	3.26525	4.52648e-06	-1.585441
0.42111	3.26846	4.51836e-06	-1.586086
0.42175	3.27166	4.51023e-06	-1.58673
0.42239	3.27486	4.50209e-06	-1.587374
0.42303	3.27807	4.49395e-06	-1.588018
0.42367	3.28127	4.48579e-06	-1.588661
0.42431	3.28447	4.47763e-06	-1.589304
0.42495	3.28768	4.46946e-06	-1.589946
0.42559	3.29088	4.46128e-06	-1.590588
0.42623	3.29408	4.45309e-06	-1.59123
0.42687	3.29728	4.44489e-06	-1.59187
0.42751	3.30048	4.43668e-06	-1.592511
0.42815	3.30368	4.42847e-06	-1.593151
0.42879	3.30688	4.42025e-06	-1.593791
0.42943	3.31008	4.41202e-06	-1.59443
0.43007	3.31328	4.40378e-06	-1.595068
0.43071	3.31648	4.39554e-06	-1.595707
0.43135	3.31968	4.38728e-06	-1.596345
0.43199	3.32287	4.37902e-06	-1.596982
0.43263	3.32607	4.37075e-06	-1.597619
0.43327	3.32926	4.36248e-06	-1.598255
0.43391	3.33246	4.3542e-06	-1.598891
0.43455	3.33566	4.34591e-06	-1.599527
0.43519	3.33885	4.33761e-06	-1.600162
0.43583	3.34205	4.32931e-06	-1.600797
0.43647	3.34524	4.321e-06	-1.601431
0.43711	3.34843	4.31268e-06	-1.602065
0.43775	3.35163	4.30436e-06	-1.602698
0.43839	3.35482	4.29603e-06	-1.603331
0.43903	3.35801	4.28769e-06	-1.603964
0.43967	3.3612	4.27935e-06	-1.604596
0.44031	3.3644	4.271e-06	-1.605228
0.44095	3.36759	4.26264e-06	-1.605859
0.44159	3.37078	4.25428e-06	-1.60649
0.44223	3.37397	4.24592e-06	-1.60712
0.44287	3.37716	4.23754e-06	-1.60775
0.44351	3.38035	4.22916e-06	-1.60838
0.44415	3.38354	4.22077e-06	-1.609009
0.44479	3.38673	4.21239e-06	-1.609638
0.44543	3.38992	4.20399e-06	-1.610266
0.44607	3.3931	4.19558e-06	-1.610894
0.44671	3.39629	4.18718e-06	-1.611521
0.44735	3.39948	4.17877e-06	-1.612148
0.44799	3.40266	4.17034e-06	-1.612775
0.44863	3.40585	4.16192e-06	-1.613401
0.44927	3.40904	4.15349e-06	-1.614027
0.44991	3.41222	4.14505e-06	-1.614652
0.45055	3.4154	4.13662e-06	-1.615277
0.45119	3.41859	4.12817e-06	-1.615901
0.45183	3.42177	4.11973e-06	-1.616525
0.45247	3.42496	4.11127e-06	-1.617149
0.45278125	3.4265	4.10716e-06	-1.617452
0.45375	3.43132	4.0985e-06	-1.618395
0.45439	3.4345	4.09277e-06	-1.619017
0.45503	3.43769	4.08703e-06	-1.619639
0.45567	3.44087	4.08128e-06	-1.620261
0.45631	3.44405	4.07553e-06	-1.620882
0.45695	3.44723	4.06976e-06	-1.621502
0.45759	3.45041	4.06399e-06	-1.622123
0.45823	3.45359	4.05821e-06	-1.622742
0.45887	3.45677	4.05242e-06	-1.623362
0.45951	3.45995	4.04663e-06	-1.623981
0.46015	3.46313	4.04082e-06	-1.6246
0.46079	3.46631	4.03501e-06	-1.625218
0.46143	3.46948	4.02919e-06	-1.625836
0.46207	3.47266	4.02336e-06	-1.626453
0.46271	3.47584	4.01753e-06	-1.62707
0.46335	3.47901	4.01169e-06	-1.627687
0.46399	3.48219	4.00584e-06	-1.628303
0.46463	3.48537	3.99998e-06	-1.628919
0.46527	3.48854	3.99411e-06	-1.629534
0.46591	3.49172	3.98825e-06	-1.630149
0.46655	3.49489	3.98237e-06	-1.630764
0.46719	3.49806	3.97648e-06	-1.631378
0.46783	3.50124	3.97059e-06	-1.631992
0.46847	3.50441	3.96469e-06	-1.632605
0.46911	3.50758	3.95879e-06	-1.633218
0.46975	3.51076	3.95287e-06	-1.63383
0.47039	3.51393	3.94695e-06	-1.634443
0.47103	3.5171	3.94103e-06	-1.635054
0.47167	3.52027	3.9351e-06	-1.635666
0.47231	3.52344	3.92915e-06	-1.636277
0.47295	3.52661	3.92321e-06	-1.636887
0.47359	3.52978	3.91726e-06	-1.637497
0.47423	3.53295	3.9113e-06	-1.638107
0.47487	3.53612	3.90533e-06	-1.638716
0.47551	3.53929	3.89937e-06	-1.639325
0.47615	3.54246	3.89339e-06	-1.639934
0.47679	3.54563	3.88741e-06	-1.640542
0.47743	3.5488	3.88142e-06	-1.64115
0.47807	3.55196	3.87542e-06	-1.641757
0.47871	3.55513	3.86942e-06	-1.642365
0.47935	3.5583	3.86342e-06	-1.642971
0.47999	3.56146	3.8574e-06	-1.643577
0.48063	3.56463	3.85139e-06	-1.644183
0.48127	3.5678	3.84536e-06	-1.644789
0.48191	3.57096	3.83933e-06	-1.645394
0.48255	3.57412	3.8333e-06	-1.645998
0.48319	3.57729	3.82726e-06	-1.646603
0.48383	3.58045	3.82121e-06	-1.647207
0.48447	3.58362	3.81516e-06	-1.64781
0.48511	3.58678	3.8091e-06	-1.648413
0.48575	3.58994	3.80305e-06	-1.649016
0.48639	3.5931	3.79698e-06	-1.649618
0.48703	3.59627	3.7909e-06	-1.65022
0.48767	3.59943	3.78483e-06	-1.650822
0.48831	3.60259	3.77875e-06	-1.651423
0.48895	3.60575	3.77266e-06	-1.652024
0.48959	3.60891	3.76657e-06	-1.652624
0.49023	3.61207	3.76047e-06	-1.653224
0.49087	3.61523	3.75438e-06	-1.653824
0.49151	3.61839	3.74827e-06	-1.654423
0.49215	3.62155	3.74215e-06	-1.655022
0.49279	3.62471	3.73604e-06	-1.655621
0.49343	3.62786	3.72992e-06	-1.656219
0.49407	3.63102	3.7238e-06	-1.656817
0.49471	3.63418	3.71767e-06	-1.657414
0.49535	3.63734	3.71154e-06	-1.658011
0.49599	3.64049	3.7054e-06	-1.658608
0.49663	3.64365	3.69926e-06	-1.659204
0.49727	3.6468	3.69311e-06	-1.6598
0.49791	3.64996	3.68697e-06	-1.660396
0.49855	3.65312	3.68081e-06	-1.660991
0.49919	3.65627	3.67465e-06	-1.661586
0.49983	3.65942	3.6685e-06	-1.66218
0.50047	3.66258	3.66233e-06	-1.662774
0.50111	3.66573	3.65616e-06	-1.663368
0.50175	3.66889	3.64999e-06	-1.663961
0.50239	3.67204	3.64381e-06	-1.664554
0.50303	3.67519	3.63763e-06	-1.665147
0.50367	3.67834	3.63144e-06	-1.665739
0.50431	3.68149	3.62526e-06	-1.66633
0.50495	3.68465	3.61907e-06	-1.666922
0.50559	3.6878	3.61288e-06	-1.667513
0.50623	3.69095	3.60668e-06	-1.668104
0.50687	3.6941	3.60048e-06	-1.668694
0.50751	3.69725	3.59427e-06	-1.669284
0.50815	3.7004	3.58806e-06	-1.669874
0.50879	3.70355	3.58185e-06	-1.670463
0.50943	3.7067	3.57564e-06	-1.671052
0.51007	3.70985	3.56943e-06	-1.671641
0.51071	3.71299	3.5632e-06	-1.672229
0.51135	3.71614	3.55698e-06	-1.672816
0.51199	3.71929	3.55075e-06	-1.673404
0.51263	3.72243	3.54453e-06	-1.673991
0.51327	3.72558	3.53829e-06	-1.674578
0.51391	3.72873	3.53206e-06	-1.675164
0.51455	3.73187	3.52582e-06	-1.67575
0.51519	3.73502	3.51959e-06	-1.676336
0.51583	3.73816	3.51334e-06	-1.676921
0.51647	3.74131	3.5071e-06	-1.677506
0.51711	3.74446	3.50085e-06	-1.678091
0.51775	3.7476	3.4946e-06	-1.678675
0.51839	3.75074	3.48835e-06	-1.679259
0.51903	3.75389	3.4821e-06	-1.679842
0.51967	3.75703	3.47584e-06	-1.680425
0.52031	3.76017	3.46958e-06	-1.681008
0.52095	3.76331	3.46332e-06	-1.681591
0.52159	3.76646	3.45706e-06	-1.682173
0.52223	3.7696	3.45079e-06	-1.682754
0.52287	3.77274	3.44453e-06	-1.683336
0.52351	3.77588	3.43825e-06	-1.683917
0.52415	3.77902	3.43198e-06	-1.684498
0.52479	3.78216	3.42571e-06	-1.685078
0.52543	3.7853	3.41944e-06	-1.685658
0.52607	3.78844	3.41316e-06	-1.686238
0.52671	3.79158	3.40688e-06	-1.686817
0.52735	3.79472	3.40061e-06	-1.687396
0.52799	3.79786	3.39432e-06	-1.687974
0.52863	3.801	3.38804e-06	-1.688553
0.52927	3.80413	3.38176e-06	-1.689131
0.52991	3.80727	3.37547e-06	-1.689708
0.53055	3.81041	3.36918e-06	-1.690285
0.53119	3.81354	3.36289e-06	-1.690862
0.53183	3.81668	3.3566e-06	-1.691439
0.53247	3.81982	3.35031e-06	-1.692015
0.53311	3.82295	3.34402e-06	-1.692591
0.53375	3.82609	3.33773e-06	-1.693166
0.53439	3.82922	3.33143e-06	-1.693741
0.53503	3.83236	3.32628e-06	-1.694316
0.53567	3.83549	3.32221e-06	-1.694891
0.53631	3.83863	3.31814e-06	-1.695465
0.53695	3.84176	3.31407e-06	-1.696039
0.53759	3.8449	3.30998e-06	-1.696612
0.53823	3.84803	3.3059e-06	-1.697185
0.53887	3.85116	3.30181e-06	-1.697758
0.53951	3.85429	3.29771e-06	-1.69833
0.54015	3.85743	3.29362e-06	-1.698902
0.54079	3.86056	3.28951e-06	-1.699474
0.54143	3.86369	3.2854e-06	-1.700045
0.54207	3.86682	3.28129e-06	-1.700616
0.54271	3.86995	3.27718e-06	-1.701187
0.54335	3.87308	3.27305e-06	-1.701758
0.54399	3.87621	3.26893e-06	-1.702328
0.54463	3.87934	3.2648e-06	-1.702897
0.54527	3.88247	3.26067e-06	-1.703467
0.54591	3.8856	3.25653e-06	-1.704036
0.54655	3.88873	3.25239e-06	-1.704605
0.54719	3.89185	3.24824e-06	-1.705173
0.54847	3.89811	3.23994e-06	-1.706309
0.54911	3.90124	3.23578e-06	-1.706876
0.54975	3.90436	3.23162e-06	-1.707443
0.55039	3.90749	3.22745e-06	-1.70801
0.55103	3.91062	3.22328e-06	-1.708576
0.55167	3.91374	3.2191e-06	-1.709142
0.55295	3.92	3.21075e-06	-1.710274
0.55359	3.92312	3.20656e-06	-1.710839
0.55423	3.92624	3.20238e-06	-1.711403
0.55487	3.92937	3.19818e-06	-1.711968
0.55551	3.93249	3.19399e-06	-1.712532
0.55615	3.93562	3.18979e-06	-1.713096
0.55743	3.94186	3.18138e-06	-1.714222
0.55807	3.94499	3.17717e-06	-1.714785
0.55871	3.94811	3.17295e-06	-1.715348
0.55935	3.95123	3.16874e-06	-1.71591
0.55999	3.95435	3.16451e-06	-1.716471
0.56063	3.95747	3.1603e-06	-1.717033
0.56191	3.96372	3.15183e-06	-1.718155
0.56255	3.96684	3.14761e-06	-1.718716
0.56319	3.96996	3.14337e-06	-1.719276
0.56383	3.97308	3.13913e-06	-1.719836
0.56447	3.9762	3.13488e-06	-1.720395
0.56511	3.97931	3.13064e-06	-1.720954
0.56639	3.98555	3.12214e-06	-1.722072
0.56703	3.98867	3.11788e-06	-1.72263
0.56767	3.99179	3.11363e-06	-1.723188
0.56831	3.99491	3.10937e-06	-1.723746
0.56895	3.99802	3.1051e-06	-1.724303
0.56959	4.00114	3.10084e-06	-1.72486
0.57087	4.00737	3.0923e-06	-1.725974
0.57151	4.01049	3.08802e-06	-1.72653
0.57215	4.01361	3.08374e-06	-1.727085
0.57279	4.01672	3.07946e-06	-1.727641
0.57343	4.01984	3.07518e-06	-1.728196
0.57407	4.02295	3.07089e-06	-1.728751
0.57535	4.02918	3.06231e-06	-1.729859
0.57599	4.03229	3.05802e-06	-1.730413
0.57663	4.03541	3.05373e-06	-1.730967
0.57727	4.03852	3.04943e-06	-1.73152
0.57791	4.04163	3.04513e-06	-1.732073
0.57855	4.04475	3.04083e-06	-1.732626
0.57983	4.05097	3.03221e-06	-1.73373
0.58047	4.05408	3.0279e-06	-1.734282
0.58111	4.05719	3.02359e-06	-1.734833
0.58175	4.0603	3.01928e-06	-1.735384
0.58239	4.06341	3.01496e-06	-1.735935
0.58303	4.06653	3.01064e-06	-1.736486
0.58431	4.07275	3.002e-06	-1.737586
0.58495	4.07585	2.99767e-06	-1.738135
0.58559	4.07896	2.99335e-06	-1.738684
0.58623	4.08207	2.98902e-06	-1.739233
0.58687	4.08518	2.98469e-06	-1.739782
0.58751	4.08829	2.98036e-06	-1.74033
0.58879	4.09451	2.97169e-06	-1.741426
0.58943	4.09761	2.96735e-06	-1.741974
0.59007	4.10072	2.96301e-06	-1.742521
0.59071	4.10383	2.95867e-06	-1.743067
0.59135	4.10693	2.95432e-06	-1.743614
0.59199	4.11004	2.94998e-06	-1.74416
0.59327	4.11625	2.94128e-06	-1.745252
0.59391	4.11936	2.93693e-06	-1.745797
0.59455	4.12246	2.93258e-06	-1.746342
0.59519	4.12557	2.92823e-06	-1.746887
0.59583	4.12867	2.92387e-06	-1.747431
0.59647	4.13177	2.91951e-06	-1.747975
0.59775	4.13798	2.9108e-06	-1.749063
0.59839	4.14109	2.90643e-06	-1.749606
0.59903	4.14419	2.90207e-06	-1.750149
0.59967	4.14729	2.89771e-06	-1.750691
0.60031	4.15039	2.89334e-06	-1.751234
0.60095	4.15349	2.88898e-06	-1.751776
0.60223	4.1597	2.88024e-06	-1.752859
0.60287	4.1628	2.87587e-06	-1.7534
0.60351	4.1659	2.8715e-06	-1.753941
0.60415	4.169	2.86713e-06	-1.754482
0.60479	4.1721	2.86275e-06	-1.755022
0.60543	4.1752	2.85838e-06	-1.755562
0.60671	4.1814	2.84962e-06	-1.756641
0.60735	4.1845	2.84525e-06	-1.75718
0.60799	4.1876	2.84087e-06	-1.757719
0.60863	4.19069	2.83649e-06	-1.758257
0.60927	4.19379	2.83211e-06	-1.758795
0.60991	4.19689	2.82773e-06	-1.759334
0.61119	4.20309	2.81896e-06	-1.760409
0.61183	4.20618	2.81458e-06	-1.760946
0.61247	4.20928	2.81019e-06	-1.761482
0.61311	4.21238	2.80581e-06	-1.762019
0.61375	4.21547	2.80142e-06	-1.762555
0.61439	4.21857	2.79704e-06	-1.763091
0.61567	4.22476	2.78826e-06	-1.764162
0.61631	4.22785	2.78387e-06	-1.764697
0.61695	4.23095	2.78018e-06	-1.765232
0.61759	4.23404	2.77715e-06	-1.765766
0.61823	4.23714	2.7741e-06	-1.7663
0.61887	4.24023	2.77107e-06	-1.766834
0.62015	4.24642	2.76498e-06	-1.767901
0.62079	4.24951	2.76193e-06	-1.768434
0.62143	4.2526	2.75888e-06	-1.768967
0.62207	4.2557	2.75583e-06	-1.7695
0.62271	4.25879	2.75277e-06	-1.770032
0.62335	4.26188	2.74971e-06	-1.770564
0.62463	4.26806	2.74358e-06	-1.771627
0.62527	4.27116	2.74052e-06	-1.772158
0.62591	4.27425	2.73745e-06	-1.772689
0.62655	4.27734	2.73437e-06	-1.773219
0.62719	4.28043	2.73131e-06	-1.773749
0.62783	4.28352	2.72822e-06	-1.774279
0.62911	4.2897	2.72206e-06	-1.775338
0.62975	4.29279	2.71898e-06	-1.775868
0.63039	4.29587	2.71589e-06	-1.776396
0.63103	4.29896	2.7128e-06	-1.776925
0.63167	4.30205	2.70971e-06	-1.777453
0.63231	4.30514	2.70661e-06	-1.777981
0.63359	4.31131	2.70041e-06	-1.779036
0.63423	4.3144	2.69731e-06	-1.779564
0.63487	4.31749	2.69421e-06	-1.780091
0.63551	4.32057	2.69111e-06	-1.780617
0.63615	4.32366	2.688e-06	-1.781144
0.63679	4.32675	2.68489e-06	-1.78167
0.63807	4.33292	2.67866e-06	-1.782721
0.63871	4.336	2.67554e-06	-1.783246
0.63935	4.33909	2.67242e-06	-1.783771
0.63999	4.34217	2.6693e-06	-1.784296
0.64063	4.34526	2.66618e-06	-1.78482
0.64127	4.34834	2.66305e-06	-1.785345
0.64255	4.35451	2.65679e-06	-1.786392
0.64319	4.35759	2.65367e-06	-1.786915
0.64383	4.36068	2.65053e-06	-1.787438
0.64447	4.36376	2.6474e-06	-1.787961
0.64511	4.36684	2.64426e-06	-1.788484
0.64575	4.36992	2.64112e-06	-1.789006
0.64703	4.37609	2.63483e-06	-1.79005
0.64767	4.37917	2.63169e-06	-1.790571
0.64831	4.38225	2.62854e-06	-1.791093
0.64895	4.38533	2.62539e-06	-1.791613
0.64959	4.38841	2.62224e-06	-1.792134
0.65023	4.39149	2.61909e-06	-1.792655
0.65151	4.39765	2.61278e-06	-1.793694
0.65215	4.40073	2.60962e-06	-1.794214
0.65279	4.40381	2.60646e-06	-1.794733
0.65343	4.40689	2.60331e-06	-1.795252
0.65407	4.40997	2.60014e-06	-1.795771
0.65471	4.41305	2.59698e-06	-1.79629
0.65599	4.4192	2.59065e-06	-1.797326
0.65663	4.42228	2.58747e-06	-1.797844
0.65727	4.42536	2.58431e-06	-1.798361
0.65791	4.42844	2.58113e-06	-1.798879
0.65855	4.43151	2.57796e-06	-1.799395
0.65919	4.43459	2.57478e-06	-1.799912
0.66047	4.44074	2.56843e-06	-1.800945
0.66111	4.44382	2.56525e-06	-1.801461
0.66175	4.44689	2.56207e-06	-1.801976
0.66239	4.44997	2.55889e-06	-1.802492
0.66303	4.45304	2.55571e-06	-1.803007
0.66367	4.45612	2.55251e-06	-1.803522
0.66495	4.46227	2.54615e-06	-1.804551
0.66559	4.46534	2.54296e-06	-1.805065
0.66623	4.46842	2.53976e-06	-1.805579
0.66687	4.47149	2.53657e-06	-1.806092
0.66751	4.47456	2.53338e-06	-1.806605
0.66815	4.47763	2.53019e-06	-1.807119
0.66943	4.48378	2.5238e-06	-1.808144
0.67007	4.48685	2.5206e-06	-1.808656
0.67071	4.48992	2.51741e-06	-1.809168
0.67135	4.49299	2.5142e-06	-1.80968
0.67199	4.49607	2.511e-06	-1.810191
0.67263	4.49914	2.5078e-06	-1.810703
0.67391	4.50528	2.50139e-06	-1.811724
0.67455	4.50835	2.49818e-06	-1.812235
0.67519	4.51142	2.49498e-06	-1.812745
0.67583	4.51449	2.49177e-06	-1.813255
0.67647	4.51756	2.48856e-06	-1.813765
0.67711	4.52063	2.48535e-06	-1.814274
0.67839	4.52677	2.47894e-06	-1.815292
0.67903	4.52984	2.47573e-06	-1.815801
0.67967	4.5329	2.47251e-06	-1.81631
0.68031	4.53597	2.46929e-06	-1.816818
0.68095	4.53904	2.46608e-06	-1.817326
0.68159	4.54211	2.46287e-06	-1.817833
0.68287	4.54824	2.45644e-06	-1.818848
0.68351	4.55131	2.45321e-06	-1.819355
0.68415	4.55438	2.45e-06	-1.819862
0.68479	4.55744	2.44678e-06	-1.820368
0.68543	4.56051	2.44356e-06	-1.820874
0.68607	4.56358	2.44034e-06	-1.82138
0.68735	4.56971	2.4339e-06	-1.822391
0.68863	4.57584	2.42745e-06	-1.823402
0.68991	4.58197	2.421e-06	-1.824411
0.69119	4.58809	2.41455e-06	-1.825419
0.69247	4.59422	2.4081e-06	-1.826426
0.69375	4.60035	2.40165e-06	-1.827432
0.69503	4.60647	2.39519e-06	-1.828438
0.69631	4.6126	2.38873e-06	-1.829442
0.69759	4.61872	2.38227e-06	-1.830445
0.69854125	4.62327	2.37747e-06	-1.83119
0.70015	4.63096	2.37157e-06	-1.832449
0.70143	4.63708	2.36687e-06	-1.833449
0.70271	4.6432	2.36216e-06	-1.834449
0.70399	4.64932	2.35745e-06	-1.835447
0.70527	4.65544	2.35272e-06	-1.836445
0.70655	4.66155	2.348e-06	-1.837441
0.70783	4.66767	2.34326e-06	-1.838437
0.70911	4.67378	2.33852e-06	-1.839431
0.71039	4.6799	2.33376e-06	-1.840425
0.71167	4.68601	2.32901e-06	-1.841417
0.71295	4.69212	2.32425e-06	-1.842409
0.71423	4.69823	2.31948e-06	-1.8434
0.71551	4.70434	2.31471e-06	-1.84439
0.71679	4.71045	2.30993e-06	-1.845379
0.71807	4.71656	2.30515e-06	-1.846367
0.71935	4.72267	2.30036e-06	-1.847354
0.72063	4.72877	2.29555e-06	-1.84834
0.72191	4.73488	2.29075e-06	-1.849325
0.72319	4.74098	2.28594e-06	-1.850309
0.72447	4.74709	2.28113e-06	-1.851293
0.72575	4.75319	2.27631e-06	-1.852275
0.72703	4.75929	2.27149e-06	-1.853257
0.72831	4.76539	2.26666e-06	-1.854237
0.72959	4.77149	2.26183e-06	-1.855217
0.73087	4.77759	2.25699e-06	-1.856195
0.73215	4.78369	2.25215e-06	-1.857173
0.73343	4.78978	2.24729e-06	-1.85815
0.73471	4.79588	2.24244e-06	-1.859126
0.73599	4.80197	2.23759e-06	-1.860101
0.73727	4.80807	2.23273e-06	-1.861075
0.73855	4.81416	2.22786e-06	-1.862048
0.73983	4.82025	2.223e-06	-1.863021
0.74111	4.82634	2.21812e-06	-1.863992
0.74239	4.83244	2.21325e-06	-1.864963
0.74367	4.83852	2.20837e-06	-1.865932
0.74495	4.84461	2.20348e-06	-1.866901
0.74623	4.8507	2.1986e-06	-1.867869
0.74751	4.85679	2.19371e-06	-1.868836
0.74879	4.86287	2.18881e-06	-1.869802
0.75007	4.86896	2.18391e-06	-1.870767
0.75135	4.87504	2.17901e-06	-1.871732
0.75263	4.88113	2.17411e-06	-1.872695
0.75391	4.88721	2.1692e-06	-1.873657
0.75519	4.89329	2.1643e-06	-1.874619
0.75647	4.89937	2.15938e-06	-1.87558
0.75775	4.90545	2.15446e-06	-1.87654
0.75903	4.91153	2.14955e-06	-1.877499
0.76031	4.91761	2.14463e-06	-1.878457
0.76159	4.92369	2.13971e-06	-1.879414
0.76287	4.92976	2.13478e-06	-1.880371
0.76415	4.93584	2.12986e-06	-1.881326
0.76543	4.94191	2.12494e-06	-1.882281
0.76671	4.94799	2.12e-06	-1.883235
0.76799	4.95406	2.11506e-06	-1.884188
0.76927	4.96013	2.11013e-06	-1.88514
0.77055	4.9662	2.1052e-06	-1.886092
0.77183	4.97227	2.10026e-06	-1.887042
0.77311	4.97834	2.09533e-06	-1.887992
0.77439	4.98441	2.09038e-06	-1.88894
0.77567	4.99048	2.08544e-06	-1.889888
0.77695	4.99655	2.0805e-06	-1.890835
0.77823	5.00261	2.07555e-06	-1.891781
0.77951	5.00868	2.07061e-06	-1.892727
0.78046125	5.01319	2.06693e-06	-1.893429
0.78207	5.02081	2.06224e-06	-1.894615
0.78335	5.02687	2.05851e-06	-1.895558
0.78463	5.03293	2.05477e-06	-1.8965
0.78591	5.03899	2.05103e-06	-1.897441
0.78719	5.04505	2.04728e-06	-1.898381
0.78847	5.05111	2.04353e-06	-1.899321
0.78975	5.05717	2.03977e-06	-1.900259
0.79103	5.06323	2.03601e-06	-1.901197
0.79231	5.06928	2.03225e-06	-1.902134
0.79359	5.07534	2.02847e-06	-1.903071
0.79487	5.0814	2.0247e-06	-1.904006
0.79615	5.08745	2.02091e-06	-1.904941
0.79743	5.0935	2.01713e-06	-1.905874
0.79871	5.09956	2.01335e-06	-1.906807
0.79999	5.10561	2.00955e-06	-1.907739
0.80127	5.11166	2.00576e-06	-1.908671
0.80255	5.11771	2.00196e-06	-1.909601
0.80383	5.12376	1.99816e-06	-1.910531
0.80511	5.12981	1.99435e-06	-1.91146
0.80639	5.13586	1.99054e-06	-1.912388
0.80767	5.14191	1.98673e-06	-1.913315
0.80895	5.14795	1.98291e-06	-1.914242
0.81023	5.154	1.97909e-06	-1.915168
0.81151	5.16004	1.97527e-06	-1.916093
0.81279	5.16609	1.97144e-06	-1.917017
0.81407	5.17213	1.96761e-06	-1.91794
0.81535	5.17817	1.96377e-06	-1.918863
0.81663	5.18421	1.95994e-06	-1.919784
0.81791	5.19026	1.9561e-06	-1.920705
0.81919	5.1963	1.95226e-06	-1.921625
0.82047	5.20233	1.94841e-06	-1.922545
0.82175	5.20837	1.94457e-06	-1.923463
0.82303	5.21441	1.94071e-06	-1.924381
0.82431	5.22045	1.93686e-06	-1.925298
0.82559	5.22648	1.93301e-06	-1.926215
0.82687	5.23252	1.92915e-06	-1.92713
0.82815	5.23855	1.92529e-06	-1.928045
0.82943	5.24459	1.92142e-06	-1.928959
0.83071	5.25062	1.91756e-06	-1.929872
0.83199	5.25665	1.9137e-06	-1.930784
0.83327	5.26269	1.90983e-06	-1.931696
0.83455	5.26872	1.90596e-06	-1.932607
0.83583	5.27475	1.90208e-06	-1.933517
0.83711	5.28078	1.89821e-06	-1.934426
0.83839	5.2868	1.89433e-06	-1.935335
0.83967	5.29283	1.89045e-06	-1.936243
0.84095	5.29886	1.88657e-06	-1.93715
0.84223	5.30489	1.88269e-06	-1.938056
0.84351	5.31091	1.87881e-06	-1.938962
0.84479	5.31693	1.87492e-06	-1.939866
0.84607	5.32296	1.87104e-06	-1.94077
0.84735	5.32898	1.86715e-06	-1.941674
0.84863	5.335	1.86325e-06	-1.942576
0.84991	5.34103	1.85937e-06	-1.943478
0.85119	5.34705	1.85548e-06	-1.944379
0.85247	5.35307	1.85158e-06	-1.94528
0.85375	5.35909	1.84769e-06	-1.946179
0.85503	5.36511	1.84379e-06	-1.947078
0.85631	5.37112	1.83989e-06	-1.947976
0.85759	5.37714	1.836e-06	-1.948873
0.85887	5.38316	1.8321e-06	-1.94977
0.86015	5.38917	1.8282e-06	-1.950666
0.86143	5.39519	1.82431e-06	-1.951561
0.86238125	5.39966	1.82141e-06	-1.952225
0.86399	5.40722	1.8176e-06	-1.953349
0.86527	5.41323	1.81457e-06	-1.954242
0.86655	5.41924	1.81154e-06	-1.955134
0.86783	5.42525	1.80849e-06	-1.956026
0.86911	5.43126	1.80545e-06	-1.956916
0.87039	5.43727	1.80241e-06	-1.957806
0.87167	5.44328	1.79936e-06	-1.958696
0.87295	5.44929	1.79631e-06	-1.959584
0.87423	5.4553	1.79326e-06	-1.960472
0.87551	5.46131	1.79019e-06	-1.961359
0.87679	5.46731	1.78713e-06	-1.962246
0.87807	5.47332	1.78407e-06	-1.963132
0.87935	5.47933	1.781e-06	-1.964017
0.88063	5.48533	1.77794e-06	-1.964901
0.88191	5.49133	1.77486e-06	-1.965785
0.88319	5.49733	1.77179e-06	-1.966667
0.88447	5.50334	1.76871e-06	-1.96755
0.88575	5.50934	1.76563e-06	-1.968431
0.88703	5.51534	1.76255e-06	-1.969312
0.88831	5.52134	1.75946e-06	-1.970192
0.88959	5.52734	1.75638e-06	-1.971071
0.89087	5.53334	1.75329e-06	-1.97195
0.89215	5.53934	1.75019e-06	-1.972828
0.89343	5.54533	1.7471e-06	-1.973705
0.89471	5.55133	1.744e-06	-1.974582
0.89599	5.55732	1.7409e-06	-1.975458
0.89727	5.56332	1.7378e-06	-1.976333
0.89855	5.56931	1.7347e-06	-1.977207
0.89983	5.57531	1.7316e-06	-1.978081
0.90111	5.5813	1.72849e-06	-1.978954
0.90239	5.58729	1.72538e-06	-1.979827
0.90367	5.59328	1.72227e-06	-1.980698
0.90495	5.59928	1.71915e-06	-1.981569
0.90623	5.60527	1.71604e-06	-1.98244
0.90751	5.61126	1.71292e-06	-1.98331
0.90879	5.61725	1.7098e-06	-1.984179
0.91007	5.62323	1.70668e-06	-1.985047
0.91135	5.62922	1.70356e-06	-1.985915
0.91263	5.63521	1.70044e-06	-1.986781
0.91391	5.64119	1.69732e-06	-1.987648
0.91519	5.64718	1.69419e-06	-1.988513
0.91647	5.65317	1.69106e-06	-1.989378
0.91775	5.65915	1.68793e-06	-1.990243
0.91903	5.66513	1.6848e-06	-1.991106
0.92031	5.67112	1.68167e-06	-1.991969
0.92159	5.6771	1.67854e-06	-1.992831
0.92287	5.68308	1.6754e-06	-1.993693
0.92415	5.68906	1.67227e-06	-1.994554
0.92543	5.69504	1.66913e-06	-1.995414
0.92671	5.70102	1.66599e-06	-1.996274
0.92799	5.707	1.66285e-06	-1.997133
0.92927	5.71298	1.65971e-06	-1.997991
0.93055	5.71896	1.65657e-06	-1.998849
0.93183	5.72493	1.65343e-06	-1.999706
0.93311	5.73091	1.65029e-06	-2.000562
0.93439	5.73688	1.64715e-06	-2.001418
0.93567	5.74286	1.644e-06	-2.002273
0.93695	5.74883	1.64086e-06	-2.003127
0.93823	5.75481	1.63771e-06	-2.003981
0.93951	5.76078	1.63457e-06	-2.004834
0.94079	5.76675	1.63142e-06	-2.005686
0.94207	5.77272	1.62828e-06	-2.006538
0.94335	5.77869	1.62513e-06	-2.007389
0.94430125	5.78313	1.62279e-06	-2.008021
0.94591	5.79063	1.61964e-06	-2.009089
0.94719	5.7966	1.61713e-06	-2.009938
0.94847	5.80257	1.61463e-06	-2.010787
0.94975	5.80854	1.61211e-06	-2.011635
0.95103	5.81451	1.6096e-06	-2.012482
0.95231	5.82048	1.60708e-06	-2.013329
0.95359	5.82644	1.60457e-06	-2.014175
0.95487	5.83241	1.60204e-06	-2.01502
0.95615	5.83837	1.59953e-06	-2.015865
0.95743	5.84434	1.597e-06	-2.016709
0.95871	5.8503	1.59448e-06	-2.017552
0.95999	5.85626	1.59194e-06	-2.018395
0.96127	5.86222	1.58942e-06	-2.019237
0.96255	5.86819	1.58688e-06	-2.020079
0.96383	5.87415	1.58435e-06	-2.02092
0.96511	5.88011	1.58181e-06	-2.02176
0.96639	5.88607	1.57927e-06	-2.0226
0.96767	5.89202	1.57673e-06	-2.023439
0.96895	5.89798	1.57419e-06	-2.024277
0.97023	5.90394	1.57164e-06	-2.025115
0.97151	5.9099	1.5691e-06	-2.025952
0.97279	5.91585	1.56655e-06	-2.026789
0.97407	5.92181	1.564e-06	-2.027625
0.97535	5.92776	1.56145e-06	-2.02846
0.97663	5.93372	1.5589e-06	-2.029295
0.97791	5.93967	1.55634e-06	-2.030129
0.97919	5.94563	1.55379e-06	-2.030962
0.98047	5.95158	1.55122e-06	-2.031795
0.98175	5.95753	1.54867e-06	-2.032627
0.98303	5.96348	1.54611e-06	-2.033459
0.98431	5.96943	1.54355e-06	-2.03429
0.98559	5.97539	1.54098e-06	-2.035121
0.98687	5.98133	1.53842e-06	-2.03595
0.98815	5.98728	1.53585e-06	-2.03678
0.98943	5.99323	1.53329e-06	-2.037608
0.99071	5.99918	1.53072e-06	-2.038436
0.99199	6.00513	1.52815e-06	-2.039264
0.99327	6.01107	1.52558e-06	-2.04009
0.99455	6.01702	1.523e-06	-2.040917
0.99583	6.02297	1.52043e-06	-2.041742
0.99711	6.02891	1.51786e-06	-2.042567
0.99839	6.03486	1.51528e-06	-2.043392
0.99967	6.0408	1.51271e-06	-2.044215
1.00095	6.04674	1.51013e-06	-2.045039
1.00223	6.05269	1.50755e-06	-2.045861
1.00351	6.05863	1.50498e-06	-2.046683
1.00479	6.06457	1.50239e-06	-2.047505
1.00607	6.07051	1.49981e-06	-2.048326
1.00735	6.07645	1.49723e-06	-2.049146
1.00863	6.08239	1.49465e-06	-2.049966
1.00991	6.08833	1.49207e-06	-2.050785
1.01119	6.09427	1.48949e-06	-2.051603
1.01247	6.1002	1.4869e-06	-2.052421
1.01375	6.10614	1.48431e-06	-2.053238
1.01503	6.11208	1.48173e-06	-2.054055
1.01631	6.11801	1.47914e-06	-2.054871
1.01759	6.12395	1.47655e-06	-2.055687
1.01887	6.12989	1.47396e-06	-2.056502
1.02015	6.13582	1.47138e-06	-2.057317
1.02143	6.14175	1.46879e-06	-2.05813
1.02271	6.14769	1.4662e-06	-2.058944
1.02399	6.15362	1.46361e-06	-2.059756
1.02527	6.15955	1.46102e-06	-2.060568
1.02622125	6.16396	1.4591e-06	-2.061171
1.02783	6.17141	1.45672e-06	-2.062191
1.02911	6.17734	1.45483e-06	-2.063001
1.03039	6.18328	1.45293e-06	-2.063811
1.03167	6.1892	1.45102e-06	-2.064621
1.03295	6.19513	1.44913e-06	-2.065429
1.03423	6.20106	1.44722e-06	-2.066237
1.03551	6.20699	1.44532e-06	-2.067045
1.03679	6.21292	1.44341e-06	-2.067852
1.03807	6.21884	1.44149e-06	-2.068658
1.03935	6.22477	1.43958e-06	-2.069464
1.04063	6.23069	1.43766e-06	-2.070269
1.04191	6.23662	1.43575e-06	-2.071074
1.04319	6.24254	1.43383e-06	-2.071878
1.04447	6.24847	1.4319e-06	-2.072682
1.04575	6.25439	1.42999e-06	-2.073485
1.04703	6.26031	1.42805e-06	-2.074288
1.04831	6.26623	1.42613e-06	-2.075089
1.04959	6.27215	1.4242e-06	-2.075891
1.05087	6.27807	1.42227e-06	-2.076692
1.05215	6.28399	1.42033e-06	-2.077492
1.05343	6.28992	1.4184e-06	-2.078292
1.05471	6.29583	1.41646e-06	-2.079091
1.05599	6.30175	1.41452e-06	-2.07989
1.05727	6.30767	1.41258e-06	-2.080688
1.05855	6.31359	1.41064e-06	-2.081485
1.05983	6.31951	1.40869e-06	-2.082282
1.06111	6.32542	1.40675e-06	-2.083079
1.06239	6.33134	1.40481e-06	-2.083874
1.06367	6.33725	1.40286e-06	-2.08467
1.06495	6.34317	1.4009e-06	-2.085465
1.06623	6.34908	1.39895e-06	-2.086259
1.06751	6.35499	1.397e-06	-2.087052
1.06879	6.36091	1.39504e-06	-2.087846
1.07007	6.36682	1.39308e-06	-2.088638
1.07135	6.37273	1.39113e-06	-2.08943
1.07263	6.37864	1.38916e-06	-2.090222
1.07391	6.38456	1.3872e-06	-2.091013
1.07519	6.39047	1.38524e-06	-2.091803
1.07647	6.39638	1.38327e-06	-2.092593
1.07775	6.40229	1.38131e-06	-2.093383
1.07903	6.40819	1.37934e-06	-2.094172
1.08031	6.4141	1.37737e-06	-2.09496
1.08159	6.42001	1.3754e-06	-2.095748
1.08287	6.42592	1.37343e-06	-2.096535
1.08415	6.43182	1.37146e-06	-2.097322
1.08543	6.43773	1.36948e-06	-2.098108
1.08671	6.44364	1.36751e-06	-2.098894
1.08799	6.44954	1.36553e-06	-2.099679
1.08927	6.45544	1.36355e-06	-2.100463
1.09055	6.46135	1.36158e-06	-2.101247
1.09183	6.46725	1.3596e-06	-2.102031
1.09311	6.47316	1.35761e-06	-2.102814
1.09439	6.47906	1.35563e-06	-2.103597
1.09567	6.48496	1.35365e-06	-2.104379
1.09695	6.49086	1.35167e-06	-2.10516
1.09823	6.49676	1.34968e-06	-2.105941
1.09951	6.50266	1.34769e-06	-2.106721
1.10079	6.50856	1.34571e-06	-2.107501
1.10207	6.51446	1.34372e-06	-2.108281
1.10335	6.52036	1.34173e-06	-2.10906
1.10463	6.52626	1.33974e-06	-2.109838
1.10591	6.53216	1.33775e-06	-2.110616
1.10719	6.53805	1.33576e-06	-2.111393
1.10847	6.54395	1.33376e-06	-2.11217
1.10975	6.54985	1.33177e-06	-2.112946
1.11103	6.55574	1.32978e-06	-2.113722
1.11231	6.56164	1.32778e-06	-2.114497
1.11359	6.56753	1.32579e-06	-2.115272
1.11487	6.57343	1.32379e-06	-2.116046
1.11615	6.57932	1.32179e-06	-2.11682
1.11743	6.58521	1.31979e-06	-2.117593
1.11871	6.59111	1.3178e-06	-2.118366
1.11999	6.597	1.3158e-06	-2.119138
1.12127	6.60289	1.3138e-06	-2.11991
1.12255	6.60878	1.31179e-06	-2.120681
1.12383	6.61467	1.3098e-06	-2.121452
1.12511	6.62056	1.3078e-06	-2.122222
1.12639	6.62645	1.30579e-06	-2.122992
1.12767	6.63234	1.30379e-06	-2.123761
1.12895	6.63823	1.30179e-06	-2.12453
1.13023	6.64412	1.29978e-06	-2.125298
1.13151	6.65001	1.29778e-06	-2.126066
1.13279	6.65589	1.29577e-06	-2.126833
1.13407	6.66178	1.29377e-06	-2.1276
1.13535	6.66767	1.29177e-06	-2.128366
1.13663	6.67355	1.28976e-06	-2.129132
1.13791	6.67944	1.28775e-06	-2.129897
1.13919	6.68532	1.28575e-06	-2.130661
1.14047	6.69121	1.28374e-06	-2.131426
1.14175	6.69709	1.28174e-06	-2.132189
1.14303	6.70297	1.27973e-06	-2.132953
1.14431	6.70886	1.27772e-06	-2.133715
1.14559	6.71474	1.27571e-06	-2.134478
1.14687	6.72062	1.2737e-06	-2.135239
1.14815	6.7265	1.2717e-06	-2.136001
1.14943	6.73238	1.26969e-06	-2.136761
1.15071	6.73826	1.26768e-06	-2.137522
1.15199	6.74414	1.26567e-06	-2.138282
1.15327	6.75002	1.26366e-06	-2.139041
1.15455	6.7559	1.26165e-06	-2.1398
1.15583	6.76178	1.25964e-06	-2.140558
1.15711	6.76766	1.25763e-06	-2.141316
1.15839	6.77353	1.25562e-06	-2.142073
1.15967	6.77941	1.25361e-06	-2.14283
1.16095	6.78529	1.2516e-06	-2.143587
1.16223	6.79116	1.24959e-06	-2.144343
1.16351	6.79704	1.24759e-06	-2.145098
1.16479	6.80291	1.24558e-06	-2.145853
1.16607	6.80879	1.24357e-06	-2.146608
1.16735	6.81466	1.24155e-06	-2.147362
1.16863	6.82054	1.23955e-06	-2.148115
1.16991	6.82641	1.23754e-06	-2.148868
1.17119	6.83228	1.23553e-06	-2.149621
1.17247	6.83815	1.23352e-06	-2.150373
1.17375	6.84403	1.23151e-06	-2.151125
1.17503	6.8499	1.2295e-06	-2.151876
1.17631	6.85577	1.2275e-06	-2.152627
1.17759	6.86164	1.22548e-06	-2.153377
1.17887	6.86751	1.22348e-06	-2.154127
1.18015	6.87338	1.22147e-06	-2.154876
1.18143	6.87925	1.21946e-06	-2.155625
1.18271	6.88511	1.21746e-06	-2.156373
1.18399	6.89098	1.21545e-06	-2.157121
1.18527	6.89685	1.21344e-06	-2.157869
1.18655	6.90272	1.21144e-06	-2.158616
1.18783	6.90858	1.20942e-06	-2.159362
1.18911	6.91445	1.20743e-06	-2.160108
1.19006125	6.91881	1.20594e-06	-2.160662
1.19167	6.92618	1.20417e-06	-2.161599
1.19295	6.93204	1.20277e-06	-2.162343
1.19423	6.93791	1.20136e-06	-2.163088
1.19551	6.94377	1.19995e-06	-2.163831
1.19679	6.94963	1.19855e-06	-2.164575
1.19807	6.9555	1.19716e-06	-2.165318
1.19935	6.96136	1.19575e-06	-2.16606
1.20063	6.96722	1.19433e-06	-2.166802
1.20191	6.97308	1.19292e-06	-2.167543
1.20319	6.97894	1.19151e-06	-2.168284
1.20447	6.9848	1.1901e-06	-2.169025
1.20575	6.99066	1.18868e-06	-2.169765
1.20703	6.99652	1.18726e-06	-2.170504
1.20831	7.00238	1.18584e-06	-2.171244
1.20959	7.00824	1.18442e-06	-2.171982
1.21087	7.0141	1.183e-06	-2.17272
1.21215	7.01996	1.18158e-06	-2.173458
1.21343	7.02581	1.18015e-06	-2.174196
1.21471	7.03167	1.17873e-06	-2.174933
1.21599	7.03753	1.1773e-06	-2.175669
1.21727	7.04338	1.17588e-06	-2.176405
1.21855	7.04924	1.17444e-06	-2.17714
1.21983	7.05509	1.17302e-06	-2.177875
1.22111	7.06095	1.17159e-06	-2.17861
1.22239	7.0668	1.17015e-06	-2.179344
1.22367	7.07266	1.16873e-06	-2.180078
1.22495	7.07851	1.16729e-06	-2.180811
1.22623	7.08436	1.16586e-06	-2.181544
1.22751	7.09022	1.16442e-06	-2.182277
1.22879	7.09607	1.16298e-06	-2.183009
1.23007	7.10192	1.16155e-06	-2.18374
1.23135	7.10777	1.16011e-06	-2.184471
1.23263	7.11362	1.15867e-06	-2.185202
1.23391	7.11947	1.15723e-06	-2.185932
1.23519	7.12532	1.15579e-06	-2.186662
1.23647	7.13117	1.15435e-06	-2.187391
1.23775	7.13702	1.15291e-06	-2.18812
1.23903	7.14287	1.15146e-06	-2.188849
1.24031	7.14872	1.15002e-06	-2.189577
1.24159	7.15456	1.14858e-06	-2.190304
1.24287	7.16041	1.14713e-06	-2.191031
1.24415	7.16626	1.14568e-06	-2.191758
1.24543	7.1721	1.14423e-06	-2.192484
1.24671	7.17795	1.14278e-06	-2.19321
1.24799	7.18379	1.14134e-06	-2.193936
1.24927	7.18964	1.13989e-06	-2.194661
1.25055	7.19548	1.13844e-06	-2.195385
1.25183	7.20133	1.13699e-06	-2.196109
1.25311	7.20717	1.13553e-06	-2.196833
1.25439	7.21301	1.13408e-06	-2.197556
1.25567	7.21886	1.13263e-06	-2.198279
1.25695	7.2247	1.13118e-06	-2.199002
1.25823	7.23054	1.12972e-06	-2.199724
1.25951	7.23638	1.12826e-06	-2.200445
1.26079	7.24222	1.12681e-06	-2.201166
1.26207	7.24807	1.12535e-06	-2.201887
1.26335	7.2539	1.1239e-06	-2.202607
1.26463	7.25974	1.12244e-06	-2.203327
1.26591	7.26558	1.12098e-06	-2.204046
1.26719	7.27142	1.11952e-06	-2.204765
1.26847	7.27726	1.11806e-06	-2.205484
1.26975	7.2831	1.11661e-06	-2.206202
1.27103	7.28894	1.11515e-06	-2.20692
1.27231	7.29478	1.11368e-06	-2.207637
1.27359	7.30061	1.11222e-06	-2.208354
1.27487	7.30645	1.11076e-06	-2.209071
1.27615	7.31228	1.1093e-06	-2.209787
1.27743	7.31812	1.10784e-06	-2.210502
1.27871	7.32395	1.10638e-06	-2.211217
1.27999	7.32979	1.10491e-06	-2.211932
1.28127	7.33563	1.10345e-06	-2.212647
1.28255	7.34146	1.10198e-06	-2.21336
1.28383	7.34729	1.10052e-06	-2.214074
1.28511	7.35313	1.09906e-06	-2.214787
1.28639	7.35896	1.09759e-06	-2.2155
1.28767	7.36479	1.09612e-06	-2.216212
1.28895	7.37062	1.09466e-06	-2.216924
1.29023	7.37645	1.09319e-06	-2.217636
1.29151	7.38228	1.09173e-06	-2.218347
1.29279	7.38811	1.09026e-06	-2.219057
1.29407	7.39395	1.08879e-06	-2.219768
1.29535	7.39977	1.08733e-06	-2.220477
1.29663	7.4056	1.08586e-06	-2.221187
1.29791	7.41143	1.08439e-06	-2.221896
1.29919	7.41726	1.08292e-06	-2.222604
1.30047	7.42309	1.08145e-06	-2.223313
1.30175	7.42892	1.07998e-06	-2.22402
1.30303	7.43474	1.07851e-06	-2.224728
1.30431	7.44057	1.07705e-06	-2.225435
1.30559	7.4464	1.07558e-06	-2.226141
1.30687	7.45222	1.07411e-06	-2.226847
1.30815	7.45805	1.07264e-06	-2.227553
1.30943	7.46387	1.07117e-06	-2.228258
1.31071	7.4697	1.0697e-06	-2.228963
1.31199	7.47553	1.06823e-06	-2.229668
1.31327	7.48135	1.06676e-06	-2.230372
1.31455	7.48717	1.06528e-06	-2.231076
1.31583	7.493	1.06382e-06	-2.231779
1.31711	7.49882	1.06235e-06	-2.232482
1.31839	7.50464	1.06088e-06	-2.233185
1.31967	7.51046	1.05941e-06	-2.233887
1.32095	7.51629	1.05793e-06	-2.234589
1.32223	7.52211	1.05646e-06	-2.23529
1.32351	7.52793	1.05499e-06	-2.235991
1.32479	7.53375	1.05352e-06	-2.236691
1.32607	7.53957	1.05205e-06	-2.237392
1.32735	7.54539	1.05058e-06	-2.238091
1.32863	7.55121	1.04911e-06	-2.238791
1.32991	7.55703	1.04764e-06	-2.23949
1.33119	7.56285	1.04617e-06	-2.240188
1.33247	7.56866	1.04469e-06	-2.240886
1.33375	7.57448	1.04323e-06	-2.241584
1.33503	7.5803	1.04176e-06	-2.242282
1.33631	7.58612	1.04028e-06	-2.242979
1.33759	7.59193	1.03882e-06	-2.243675
1.33887	7.59775	1.03735e-06	-2.244371
1.34015	7.60356	1.03588e-06	-2.245067
1.34143	7.60938	1.03441e-06	-2.245763
1.34271	7.61519	1.03293e-06	-2.246458
1.34399	7.62101	1.03147e-06	-2.247152
1.34527	7.62682	1.02999e-06	-2.247847
1.34655	7.63264	1.02852e-06	-2.248541
1.34783	7.63845	1.02706e-06	-2.249234
1.34911	7.64426	1.02559e-06	-2.249927
1.35039	7.65008	1.02411e-06	-2.25062
1.35167	7.65589	1.02265e-06	-2.251312
1.35295	7.6617	1.02118e-06	-2.252004
1.35390125	7.66602	1.02009e-06	-2.252518
1.35551	7.67332	1.01874e-06	-2.253387
1.35679	7.67913	1.01767e-06	-2.254078
1.35807	7.68494	1.01658e-06	-2.254768
1.35935	7.69075	1.0155e-06	-2.255458
1.36063	7.69656	1.01443e-06	-2.256148
1.36191	7.70237	1.01335e-06	-2.256837
1.36319	7.70818	1.01227e-06	-2.257526
1.36447	7.71399	1.01119e-06	-2.258215
1.36575	7.7198	1.0101e-06	-2.258903
1.36703	7.72561	1.00903e-06	-2.25959
1.36831	7.73141	1.00794e-06	-2.260278
1.36959	7.73722	1.00686e-06	-2.260965
1.37087	7.74303	1.00577e-06	-2.261651
1.37215	7.74883	1.00468e-06	-2.262338
1.37343	7.75464	1.0036e-06	-2.263024
1.37471	7.76045	1.00251e-06	-2.263709
1.37599	7.76625	1.00142e-06	-2.264394
1.37727	7.77205	1.00034e-06	-2.265079
1.37855	7.77786	9.99249e-07	-2.265763
1.37983	7.78366	9.98155e-07	-2.266447
1.38111	7.78947	9.97069e-07	-2.267131
1.38239	7.79527	9.95976e-07	-2.267814
1.38367	7.80107	9.94883e-07	-2.268497
1.38495	7.80687	9.93792e-07	-2.269179
1.38623	7.81268	9.92701e-07	-2.269862
1.38751	7.81848	9.91602e-07	-2.270543
1.38879	7.82428	9.90513e-07	-2.271225
1.39007	7.83008	9.89416e-07	-2.271906
1.39135	7.83588	9.8832e-07	-2.272587
1.39263	7.84168	9.87224e-07	-2.273267
1.39391	7.84748	9.8613e-07	-2.273947
1.39519	7.85328	9.85028e-07	-2.274626
1.39647	7.85908	9.83935e-07	-2.275305
1.39775	7.86488	9.82834e-07	-2.275984
1.39903	7.87068	9.81735e-07	-2.276663
1.40031	7.87648	9.80636e-07	-2.277341
1.40159	7.88227	9.79538e-07	-2.278018
1.40287	7.88807	9.78433e-07	-2.278696
1.40415	7.89387	9.77336e-07	-2.279373
1.40543	7.89966	9.76233e-07	-2.280049
1.40671	7.90546	9.7513e-07	-2.280726
1.40799	7.91126	9.74029e-07	-2.281401
1.40927	7.91705	9.7292e-07	-2.282077
1.41055	7.92285	9.7182e-07	-2.282752
1.41183	7.92864	9.70713e-07	-2.283427
1.41311	7.93444	9.69613e-07	-2.284101
1.41439	7.94023	9.68508e-07	-2.284776
1.41567	7.94602	9.67403e-07	-2.285449
1.41695	7.95182	9.66292e-07	-2.286123
1.41823	7.95761	9.65189e-07	-2.286796
1.41951	7.9634	9.64085e-07	-2.287468
1.42079	7.9692	9.62977e-07	-2.288141
1.42207	7.97499	9.61869e-07	-2.288813
1.42335	7.98078	9.60761e-07	-2.289484
1.42463	7.98657	9.59654e-07	-2.290155
1.42591	7.99236	9.58542e-07	-2.290826
1.42719	7.99815	9.57436e-07	-2.291497
1.42847	8.00394	9.56325e-07	-2.292167
1.42975	8.00973	9.55215e-07	-2.292837
1.43103	8.01552	9.54105e-07	-2.293506
1.43231	8.02131	9.52995e-07	-2.294175
1.43359	8.0271	9.51886e-07	-2.294844
1.43487	8.03289	9.50772e-07	-2.295512
1.43615	8.03867	9.49665e-07	-2.29618
1.43743	8.04446	9.48552e-07	-2.296848
1.43871	8.05025	9.4744e-07	-2.297515
1.43999	8.05604	9.46328e-07	-2.298182
1.44127	8.06182	9.45212e-07	-2.298849
1.44255	8.06761	9.44101e-07	-2.299515
1.44383	8.07339	9.42986e-07	-2.300181
1.44511	8.07918	9.41877e-07	-2.300847
1.44639	8.08497	9.40763e-07	-2.301512
1.44767	8.09075	9.39649e-07	-2.302177
1.44895	8.09653	9.38532e-07	-2.302841
1.45023	8.10232	9.37419e-07	-2.303505
1.45151	8.1081	9.36303e-07	-2.304169
1.45279	8.11389	9.35191e-07	-2.304833
1.45407	8.11967	9.34076e-07	-2.305496
1.45535	8.12545	9.3296e-07	-2.306159
1.45663	8.13124	9.31846e-07	-2.306821
1.45791	8.13702	9.30728e-07	-2.307483
1.45919	8.1428	9.29613e-07	-2.308145
1.46047	8.14858	9.28497e-07	-2.308807
1.46175	8.15436	9.27383e-07	-2.309467
1.46303	8.16014	9.26267e-07	-2.310128
1.46431	8.16592	9.25147e-07	-2.310789
1.46559	8.1717	9.24032e-07	-2.311449
1.46687	8.17748	9.22916e-07	-2.312108
1.46815	8.18326	9.21799e-07	-2.312768
1.46943	8.18904	9.20684e-07	-2.313427
1.47071	8.19482	9.19566e-07	-2.314086
1.47199	8.2006	9.1845e-07	-2.314744
1.47327	8.20638	9.17333e-07	-2.315402
1.47455	8.21215	9.16214e-07	-2.31606
1.47583	8.21793	9.15098e-07	-2.316717
1.47711	8.22371	9.13979e-07	-2.317374
1.47839	8.22948	9.12861e-07	-2.31803
1.47967	8.23526	9.11746e-07	-2.318687
1.48095	8.24104	9.10629e-07	-2.319343
1.48223	8.24681	9.09509e-07	-2.319998
1.48351	8.25259	9.08392e-07	-2.320654
1.48479	8.25836	9.07274e-07	-2.321309
1.48607	8.26414	9.06157e-07	-2.321963
1.48735	8.26991	9.05039e-07	-2.322618
1.48863	8.27569	9.03921e-07	-2.323272
1.48991	8.28146	9.02803e-07	-2.323925
1.49247	8.293	9.00567e-07	-2.325231
1.49375	8.29878	8.9945e-07	-2.325884
1.49503	8.30455	8.98332e-07	-2.326536
1.49631	8.31032	8.97214e-07	-2.327188
1.49759	8.31609	8.96096e-07	-2.32784
1.49887	8.32186	8.94979e-07	-2.328491
1.50143	8.33341	8.92743e-07	-2.329793
1.50271	8.33918	8.91626e-07	-2.330443
1.50399	8.34495	8.90508e-07	-2.331093
1.50527	8.35072	8.89391e-07	-2.331743
1.50655	8.35648	8.88273e-07	-2.332392
1.50783	8.36225	8.87156e-07	-2.333041
1.51039	8.37379	8.84922e-07	-2.334338
1.51167	8.37956	8.83805e-07	-2.334986
1.51295	8.38533	8.82688e-07	-2.335634
1.51423	8.39109	8.81571e-07	-2.336281
1.51551	8.39686	8.80454e-07	-2.336928
1.51679	8.40263	8.79337e-07	-2.337575
1.51935	8.41416	8.77444e-07	-2.338868
1.52191	8.42569	8.75747e-07	-2.340159
1.52447	8.43722	8.7405e-07	-2.341448
1.52831	8.45451	8.71499e-07	-2.343381
1.53087	8.46604	8.69796e-07	-2.344668
1.53343	8.47757	8.68091e-07	-2.345953
1.53727	8.49485	8.65529e-07	-2.347879
1.53983	8.50637	8.63819e-07	-2.349161
1.54239	8.51789	8.62107e-07	-2.350442
1.54623	8.53517	8.59537e-07	-2.352361
1.54879	8.54669	8.57821e-07	-2.353639
1.55007	8.55245	8.56962e-07	-2.354277
1.55135	8.55821	8.56103e-07	-2.354915
1.55263	8.56397	8.55244e-07	-2.355553
1.55519	8.57548	8.53524e-07	-2.356827
1.55647	8.58124	8.52663e-07	-2.357464
1.55775	8.58699	8.51802e-07	-2.358101
1.55903	8.59275	8.50941e-07	-2.358737
1.56031	8.5985	8.50079e-07	-2.359373
1.56159	8.60426	8.49217e-07	-2.360008
1.56415	8.61577	8.47492e-07	-2.361279
1.56543	8.62153	8.46629e-07	-2.361913
1.56671	8.62728	8.45765e-07	-2.362548
1.56799	8.63303	8.44901e-07	-2.363182
1.56927	8.63879	8.44037e-07	-2.363815
1.57055	8.64454	8.43172e-07	-2.364449
1.57311	8.65605	8.41442e-07	-2.365715
1.57439	8.6618	8.40577e-07	-2.366347
1.57567	8.66755	8.39711e-07	-2.366979
1.57695	8.6733	8.38845e-07	-2.367611
1.57823	8.67905	8.37979e-07	-2.368243
1.57951	8.68481	8.37112e-07	-2.368874
1.58207	8.69631	8.35378e-07	-2.370136
1.58335	8.70206	8.34511e-07	-2.370766
1.58463	8.70781	8.33643e-07	-2.371396
1.58591	8.71356	8.32775e-07	-2.372026
1.58719	8.71931	8.31907e-07	-2.372655
1.58847	8.72506	8.31038e-07	-2.373285
1.59103	8.73655	8.293e-07	-2.374542
1.59231	8.7423	8.28431e-07	-2.37517
1.59359	8.74805	8.27562e-07	-2.375798
1.59487	8.7538	8.26692e-07	-2.376426
1.59615	8.75954	8.25822e-07	-2.377053
1.59743	8.76529	8.24952e-07	-2.37768
1.59999	8.77679	8.23211e-07	-2.378933
1.60127	8.78253	8.22341e-07	-2.379559
1.60255	8.78828	8.2147e-07	-2.380185
1.60383	8.79402	8.20599e-07	-2.380811
1.60511	8.79977	8.19727e-07	-2.381436
1.60639	8.80551	8.18856e-07	-2.382061
1.60895	8.817	8.17113e-07	-2.38331
1.61023	8.82275	8.1624e-07	-2.383934
1.61151	8.82849	8.15368e-07	-2.384558
1.61279	8.83423	8.14496e-07	-2.385181
1.61407	8.83998	8.13624e-07	-2.385804
1.61535	8.84572	8.12751e-07	-2.386427
1.61791	8.8572	8.11005e-07	-2.387672
1.61919	8.86295	8.10132e-07	-2.388294
1.62047	8.86869	8.09259e-07	-2.388915
1.62175	8.87443	8.08386e-07	-2.389537
1.62303	8.88017	8.07513e-07	-2.390158
1.62431	8.88591	8.06639e-07	-2.390779
1.62687	8.89739	8.04892e-07	-2.392019
1.62815	8.90313	8.04018e-07	-2.392639
1.62943	8.90887	8.03144e-07	-2.393259
1.63071	8.91461	8.0227e-07	-2.393878
1.63199	8.92035	8.01396e-07	-2.394497
1.63327	8.92609	8.00522e-07	-2.395116
1.63583	8.93756	7.98773e-07	-2.396353
1.63711	8.9433	7.97899e-07	-2.396971
1.63839	8.94904	7.97025e-07	-2.397588
1.63967	8.95478	7.96151e-07	-2.398205
1.64095	8.96051	7.95276e-07	-2.398823
1.64223	8.96625	7.94401e-07	-2.399439
1.64479	8.97772	7.92652e-07	-2.400672
1.64607	8.98346	7.91778e-07	-2.401288
1.64735	8.98919	7.90903e-07	-2.401903
1.64863	8.99493	7.90028e-07	-2.402518
1.64991	9.00066	7.89153e-07	-2.403133
1.65119	9.0064	7.88279e-07	-2.403748
1.65375	9.01787	7.86529e-07	-2.404977
1.65503	9.0236	7.85655e-07	-2.405591
1.65631	9.02933	7.84779e-07	-2.406204
1.65759	9.03507	7.83904e-07	-2.406817
1.65887	9.0408	7.8303e-07	-2.40743
1.66015	9.04653	7.82155e-07	-2.408043
1.66271	9.058	7.80406e-07	-2.409268
1.66399	9.06373	7.79531e-07	-2.40988
1.66527	9.06946	7.78656e-07	-2.410491
1.66655	9.07519	7.77781e-07	-2.411102
1.66783	9.08092	7.76907e-07	-2.411713
1.66911	9.08666	7.76032e-07	-2.412324
1.67167	9.09812	7.74284e-07	-2.413545
1.67295	9.10385	7.73409e-07	-2.414155
1.67423	9.10957	7.72534e-07	-2.414764
1.67551	9.1153	7.7166e-07	-2.415374
1.67679	9.12103	7.70786e-07	-2.415983
1.67807	9.12676	7.69912e-07	-2.416591
1.68063	9.13822	7.68164e-07	-2.417808
1.68191	9.14395	7.6736e-07	-2.418416
1.68447	9.1554	7.66157e-07	-2.419631
1.68703	9.16686	7.64951e-07	-2.420845
1.68959	9.17831	7.63744e-07	-2.422058
1.69215	9.18976	7.62534e-07	-2.423269
1.69471	9.20121	7.61323e-07	-2.42448
1.69855	9.21838	7.59502e-07	-2.426294
1.70111	9.22983	7.58285e-07	-2.427502
1.70367	9.24128	7.57066e-07	-2.428708
1.70751	9.25845	7.55236e-07	-2.430517
1.71007	9.26989	7.54013e-07	-2.431721
1.71263	9.28133	7.52788e-07	-2.432924
1.71647	9.2985	7.50947e-07	-2.434726
1.71903	9.30994	7.49718e-07	-2.435926
1.72159	9.32137	7.48487e-07	-2.437125
1.72543	9.33853	7.46638e-07	-2.438922
1.72799	9.34997	7.45403e-07	-2.440119
1.73055	9.3614	7.44166e-07	-2.441314
1.73439	9.37856	7.42309e-07	-2.443105
1.73695	9.38999	7.41069e-07	-2.444298
1.73951	9.40142	7.39827e-07	-2.44549
1.74335	9.41856	7.37961e-07	-2.447275
1.74591	9.42999	7.36716e-07	-2.448464
1.74847	9.44142	7.35469e-07	-2.449652
1.75231	9.45856	7.33596e-07	-2.451432
1.75487	9.46999	7.32347e-07	-2.452618
1.75743	9.48141	7.31095e-07	-2.453802
1.76127	9.49855	7.29216e-07	-2.455577
1.76383	9.50997	7.27961e-07	-2.456758
1.76639	9.52139	7.26705e-07	-2.457939
1.77023	9.53852	7.2482e-07	-2.459708
1.77279	9.54994	7.23562e-07	-2.460886
1.77535	9.56135	7.22302e-07	-2.462063
1.77919	9.57848	7.20411e-07	-2.463827
1.78175	9.58989	7.19149e-07	-2.465002
1.78431	9.6013	7.17886e-07	-2.466175
1.78815	9.61842	7.15989e-07	-2.467934
1.79071	9.62983	7.14723e-07	-2.469104
1.79327	9.64124	7.13457e-07	-2.470274
1.79711	9.65836	7.11555e-07	-2.472027
1.79967	9.66976	7.10287e-07	-2.473195
1.80223	9.68117	7.09018e-07	-2.474361
1.80607	9.69828	7.07112e-07	-2.476109
1.80863	9.70968	7.0584e-07	-2.477273
1.81119	9.72109	7.04568e-07	-2.478436
1.81375	9.73249	7.03296e-07	-2.479598
1.81631	9.74389	7.02022e-07	-2.480759
1.81887	9.75529	7.00748e-07	-2.481919
1.82143	9.76669	6.99473e-07	-2.483078
1.82399	9.77809	6.98198e-07	-2.484236
1.82655	9.78948	6.96922e-07	-2.485393
1.82911	9.80088	6.95645e-07	-2.486549
1.83167	9.81227	6.94368e-07	-2.487704
1.83423	9.82367	6.93091e-07	-2.488858
1.83679	9.83506	6.91813e-07	-2.490011
1.83935	9.84645	6.90534e-07	-2.491163
1.84191	9.85784	6.89255e-07	-2.492314
1.84447	9.86923	6.87976e-07	-2.493464
1.84703	9.88062	6.86696e-07	-2.494613
1.84959	9.89201	6.85415e-07	-2.495762
1.85215	9.9034	6.84135e-07	-2.496909
1.85471	9.91478	6.82854e-07	-2.498055
1.85727	9.92617	6.81573e-07	-2.499201
1.85983	9.93755	6.80291e-07	-2.500345
1.86239	9.94894	6.79009e-07	-2.501488
1.86495	9.96032	6.77727e-07	-2.502631
1.86751	9.9717	6.76445e-07	-2.503772
1.87007	9.98308	6.75162e-07	-2.504913
1.87263	9.99446	6.7388e-07	-2.506052
1.87519	10.0058	6.72597e-07	-2.507191
1.87775	10.0172	6.71314e-07	-2.508329
1.88031	10.0286	6.70031e-07	-2.509466
1.88287	10.04	6.68748e-07	-2.510601
1.88543	10.0513	6.67464e-07	-2.511736
1.88799	10.0627	6.66181e-07	-2.51287
1.89055	10.0741	6.64898e-07	-2.514003
1.89311	10.0855	6.63614e-07	-2.515135
1.89567	10.0968	6.62331e-07	-2.516267
1.89823	10.1082	6.61047e-07	-2.517397
1.90079	10.1196	6.59764e-07	-2.518526
1.90335	10.1309	6.58481e-07	-2.519655
1.90591	10.1423	6.57197e-07	-2.520782
1.90847	10.1537	6.55915e-07	-2.521908
1.91103	10.165	6.54632e-07	-2.523034
1.91359	10.1764	6.53349e-07	-2.524159
1.91615	10.1878	6.52066e-07	-2.525283
1.91871	10.1991	6.50783e-07	-2.526405
1.92127	10.2105	6.49501e-07	-2.527527
1.92383	10.2219	6.48219e-07	-2.528648
1.92639	10.2332	6.46937e-07	-2.529769
1.92895	10.2446	6.45655e-07	-2.530888
1.93151	10.2559	6.44374e-07	-2.532006
1.93407	10.2673	6.43093e-07	-2.533124
1.93663	10.2786	6.41811e-07	-2.53424
1.93919	10.29	6.40531e-07	-2.535356
1.94175	10.3014	6.39251e-07	-2.53647
1.94431	10.3127	6.37971e-07	-2.537584
1.94687	10.3241	6.36691e-07	-2.538697
1.94943	10.3354	6.35413e-07	-2.539809
1.95199	10.3468	6.34134e-07	-2.54092
1.95455	10.3581	6.32856e-07	-2.542031
1.95711	10.3695	6.31578e-07	-2.54314
1.95967	10.3808	6.303e-07	-2.544249
1.96223	10.3922	6.29024e-07	-2.545356
1.96479	10.4035	6.27747e-07	-2.546463
1.96735	10.4149	6.26471e-07	-2.547569
1.96991	10.4262	6.25195e-07	-2.548674
1.97247	10.4375	6.2392e-07	-2.549778
1.97503	10.4489	6.22647e-07	-2.550881
1.97759	10.4602	6.21373e-07	-2.551983
1.98015	10.4716	6.20099e-07	-2.553085
1.98271	10.4829	6.18827e-07	-2.554185
1.98527	10.4943	6.17555e-07	-2.555285
1.98783	10.5056	6.16283e-07	-2.556384
1.99039	10.5169	6.15013e-07	-2.557482
1.99295	10.5283	6.13743e-07	-2.558579
1.99551	10.5396	6.12473e-07	-2.559675
1.99807	10.5509	6.11204e-07	-2.560771
2.00063	10.5623	6.09936e-07	-2.561865
2.00319	10.5736	6.08669e-07	-2.562959
2.00575	10.5849	6.07403e-07	-2.564052
2.00831	10.5963	6.06137e-07	-2.565144
2.01087	10.6076	6.05139e-07	-2.566235
2.01343	10.6189	6.043e-07	-2.567325
2.01599	10.6303	6.03459e-07	-2.568415
2.01855	10.6416	6.02617e-07	-2.569503
2.02111	10.6529	6.01774e-07	-2.570591
2.02367	10.6642	6.00931e-07	-2.571678
2.02623	10.6756	6.00086e-07	-2.572764
2.02879	10.6869	5.9924e-07	-2.573849
2.03135	10.6982	5.98393e-07	-2.574934
2.03391	10.7095	5.97546e-07	-2.576017
2.03647	10.7209	5.96696e-07	-2.5771
2.03903	10.7322	5.95847e-07	-2.578182
2.04159	10.7435	5.94997e-07	-2.579263
2.04415	10.7548	5.94146e-07	-2.580343
2.04671	10.7661	5.93293e-07	-2.581423
2.04927	10.7775	5.9244e-07	-2.582501
2.05183	10.7888	5.91587e-07	-2.583579
2.05439	10.8001	5.90732e-07	-2.584656
2.05695	10.8114	5.89876e-07	-2.585732
2.05951	10.8227	5.8902e-07	-2.586807
2.06207	10.834	5.88163e-07	-2.587882
2.06463	10.8454	5.87305e-07	-2.588955
2.06719	10.8567	5.86446e-07	-2.590028
2.06975	10.868	5.85587e-07	-2.5911
2.07231	10.8793	5.84727e-07	-2.592171
2.07487	10.8906	5.83867e-07	-2.593242
2.07743	10.9019	5.83005e-07	-2.594311
2.07999	10.9132	5.82143e-07	-2.59538
2.08255	10.9245	5.8128e-07	-2.596448
2.08511	10.9358	5.80416e-07	-2.597515
2.08767	10.9471	5.79552e-07	-2.598582
2.09023	10.9585	5.78687e-07	-2.599647
2.09279	10.9698	5.77822e-07	-2.600712
2.09535	10.9811	5.76956e-07	-2.601776
2.09791	10.9924	5.7609e-07	-2.602839
2.10047	11.0037	5.75222e-07	-2.603901
2.10303	11.015	5.74355e-07	-2.604963
2.10559	11.0263	5.73486e-07	-2.606024
2.10815	11.0376	5.72618e-07	-2.607084
2.11071	11.0489	5.71749e-07	-2.608143
2.11327	11.0602	5.70879e-07	-2.609201
2.11583	11.0715	5.70009e-07	-2.610259
2.11839	11.0828	5.69138e-07	-2.611316
2.12095	11.0941	5.68267e-07	-2.612372
2.12351	11.1054	5.67395e-07	-2.613427
2.12607	11.1166	5.66523e-07	-2.614481
2.12863	11.1279	5.65651e-07	-2.615535
2.13119	11.1392	5.64778e-07	-2.616588
2.13375	11.1505	5.63904e-07	-2.61764
2.13631	11.1618	5.63031e-07	-2.618692
2.13887	11.1731	5.62156e-07	-2.619742
2.14143	11.1844	5.61282e-07	-2.620792
2.14399	11.1957	5.60408e-07	-2.621841
2.14655	11.207	5.59532e-07	-2.622889
2.14911	11.2183	5.58657e-07	-2.623937
2.15167	11.2295	5.57781e-07	-2.624983
2.15423	11.2408	5.56905e-07	-2.62603
2.15679	11.2521	5.56029e-07	-2.627075
2.15935	11.2634	5.55152e-07	-2.628119
2.16191	11.2747	5.54275e-07	-2.629163
2.16447	11.286	5.53397e-07	-2.630206
2.16703	11.2973	5.52521e-07	-2.631248
2.16959	11.3085	5.51643e-07	-2.632289
2.17215	11.3198	5.50765e-07	-2.63333
2.17471	11.3311	5.49887e-07	-2.63437
2.17727	11.3424	5.49009e-07	-2.635409
2.17983	11.3537	5.4813e-07	-2.636447
2.18239	11.3649	5.47251e-07	-2.637485
2.18495	11.3762	5.46373e-07	-2.638522
2.18751	11.3875	5.45493e-07	-2.639558
2.19007	11.3988	5.44615e-07	-2.640593
2.19263	11.41	5.43735e-07	-2.641628
2.19519	11.4213	5.42856e-07	-2.642662
2.19775	11.4326	5.41976e-07	-2.643695
2.20031	11.4439	5.41097e-07	-2.644728
2.20287	11.4551	5.40217e-07	-2.645759
2.20543	11.4664	5.39338e-07	-2.64679
2.20799	11.4777	5.38458e-07	-2.64782
2.21055	11.4889	5.37578e-07	-2.64885
2.21311	11.5002	5.36698e-07	-2.649878
2.21567	11.5115	5.35818e-07	-2.650907
2.21823	11.5227	5.34938e-07	-2.651934
2.22079	11.534	5.34058e-07	-2.65296
2.22335	11.5453	5.33178e-07	-2.653986
2.22591	11.5565	5.32298e-07	-2.655011
2.22847	11.5678	5.31418e-07	-2.656036
2.23103	11.5791	5.30538e-07	-2.657059
2.23359	11.5903	5.29658e-07	-2.658082
2.23615	11.6016	5.28778e-07	-2.659104
2.23871	11.6128	5.27898e-07	-2.660126
2.24127	11.6241	5.27019e-07	-2.661146
2.24383	11.6354	5.26139e-07	-2.662166
2.24639	11.6466	5.2526e-07	-2.663186
2.24895	11.6579	5.2438e-07	-2.664204
2.25151	11.6691	5.23501e-07	-2.665222
2.25407	11.6804	5.22621e-07	-2.666239
2.25663	11.6917	5.21742e-07	-2.667256
2.25919	11.7029	5.20864e-07	-2.668271
2.26175	11.7142	5.19984e-07	-2.669286
2.26431	11.7254	5.19106e-07	-2.670301
2.26687	11.7367	5.18227e-07	-2.671314
2.26943	11.7479	5.1735e-07	-2.672327
2.27199	11.7592	5.16471e-07	-2.673339
2.27455	11.7704	5.15593e-07	-2.674351
2.27711	11.7817	5.14715e-07	-2.675361
2.27967	11.7929	5.13838e-07	-2.676372
2.28223	11.8042	5.1296e-07	-2.677381
2.28479	11.8154	5.12083e-07	-2.67839
2.28735	11.8267	5.11206e-07	-2.679397
2.28991	11.8379	5.1033e-07	-2.680405
2.29247	11.8492	5.09453e-07	-2.681411
2.29503	11.8604	5.08577e-07	-2.682417
2.29759	11.8717	5.07701e-07	-2.683422
2.30015	11.8829	5.06825e-07	-2.684427
2.30271	11.8942	5.0595e-07	-2.685431
2.30527	11.9054	5.05075e-07	-2.686434
2.30783	11.9166	5.04201e-07	-2.687436
2.31039	11.9279	5.03326e-07	-2.688438
2.31295	11.9391	5.02452e-07	-2.689439
2.31551	11.9504	5.01578e-07	-2.690439
2.31807	11.9616	5.00705e-07	-2.691439
2.32063	11.9728	4.99832e-07	-2.692438
2.32319	11.9841	4.98959e-07	-2.693436
2.32575	11.9953	4.98086e-07	-2.694434
2.32831	12.0066	4.97215e-07	-2.695431
2.33087	12.0178	4.96343e-07	-2.696427
2.33343	12.029	4.95472e-07	-2.697423
2.33599	12.0403	4.94601e-07	-2.698418
2.33855	12.0515	4.93892e-07	-2.699412
2.34111	12.0627	4.93278e-07	-2.700405
2.34367	12.074	4.92665e-07	-2.701398
2.34623	12.0852	4.9205e-07	-2.70239
2.34879	12.0964	4.91435e-07	-2.703382
2.35135	12.1077	4.90819e-07	-2.704373
2.35391	12.1189	4.90203e-07	-2.705363
2.35647	12.1301	4.89586e-07	-2.706352
2.35903	12.1413	4.88969e-07	-2.707341
2.36159	12.1526	4.88351e-07	-2.70833
2.36415	12.1638	4.87733e-07	-2.709317
2.36671	12.175	4.87114e-07	-2.710304
2.36927	12.1863	4.86495e-07	-2.71129
2.37183	12.1975	4.85875e-07	-2.712276
2.37439	12.2087	4.85255e-07	-2.713261
2.37695	12.2199	4.84634e-07	-2.714245
2.37951	12.2312	4.84012e-07	-2.715228
2.38207	12.2424	4.83391e-07	-2.716211
2.38463	12.2536	4.82768e-07	-2.717194
2.38719	12.2648	4.82146e-07	-2.718175
2.38975	12.276	4.81523e-07	-2.719156
2.39231	12.2873	4.80899e-07	-2.720137
2.39487	12.2985	4.80275e-07	-2.721116
2.39743	12.3097	4.79651e-07	-2.722095
2.39999	12.3209	4.79027e-07	-2.723074
2.40255	12.3321	4.78402e-07	-2.724051
2.40511	12.3433	4.77776e-07	-2.725028
2.40767	12.3546	4.7715e-07	-2.726005
2.41023	12.3658	4.76524e-07	-2.72698
2.41279	12.377	4.75897e-07	-2.727956
2.41535	12.3882	4.7527e-07	-2.72893
2.41791	12.3994	4.74643e-07	-2.729904
2.42047	12.4106	4.74016e-07	-2.730877
2.42303	12.4219	4.73388e-07	-2.73185
2.42559	12.4331	4.7276e-07	-2.732822
2.42815	12.4443	4.72131e-07	-2.733793
2.43071	12.4555	4.71502e-07	-2.734764
2.43327	12.4667	4.70873e-07	-2.735734
2.43583	12.4779	4.70244e-07	-2.736703
2.43839	12.4891	4.69614e-07	-2.737672
2.44095	12.5003	4.68984e-07	-2.73864
2.44351	12.5115	4.68353e-07	-2.739607
2.44607	12.5227	4.67723e-07	-2.740574
2.44863	12.5339	4.67092e-07	-2.741541
2.45119	12.5451	4.66461e-07	-2.742506
2.45375	12.5564	4.6583e-07	-2.743471
2.45631	12.5676	4.65198e-07	-2.744435
2.45887	12.5788	4.64567e-07	-2.745399
2.46143	12.59	4.63934e-07	-2.746362
2.46399	12.6012	4.63302e-07	-2.747325
2.46655	12.6124	4.6267e-07	-2.748286
2.46911	12.6236	4.62037e-07	-2.749248
2.47167	12.6348	4.61404e-07	-2.750208
2.47423	12.646	4.60771e-07	-2.751168
2.47679	12.6572	4.60138e-07	-2.752128
2.47935	12.6684	4.59504e-07	-2.753087
2.48191	12.6796	4.58871e-07	-2.754045
2.48447	12.6908	4.58237e-07	-2.755002
2.48703	12.702	4.57603e-07	-2.755959
2.48959	12.7132	4.56969e-07	-2.756915
2.49215	12.7244	4.56335e-07	-2.757871
2.49471	12.7355	4.55701e-07	-2.758826
2.49727	12.7467	4.55066e-07	-2.759781
2.49983	12.7579	4.54432e-07	-2.760734
2.50239	12.7691	4.53797e-07	-2.761688
2.50495	12.7803	4.53162e-07	-2.76264
2.50751	12.7915	4.52527e-07	-2.763592
2.51007	12.8027	4.51892e-07	-2.764544
2.51263	12.8139	4.51257e-07	-2.765495
2.51519	12.8251	4.50622e-07	-2.766445
2.51775	12.8363	4.49986e-07	-2.767394
2.52031	12.8475	4.49352e-07	-2.768343
2.52287	12.8587	4.48716e-07	-2.769292
2.52543	12.8698	4.4808e-07	-2.77024
2.52799	12.881	4.47445e-07	-2.771187
2.53055	12.8922	4.46809e-07	-2.772133
2.53311	12.9034	4.46174e-07	-2.77308
2.53567	12.9146	4.45538e-07	-2.774025
2.53823	12.9258	4.44902e-07	-2.77497
2.54079	12.937	4.44267e-07	-2.775914
2.54335	12.9481	4.43631e-07	-2.776858
2.54591	12.9593	4.42995e-07	-2.777801
2.54847	12.9705	4.42359e-07	-2.778743
2.55103	12.9817	4.41724e-07	-2.779685
2.55359	12.9929	4.41088e-07	-2.780626
2.55615	13.004	4.40452e-07	-2.781567
2.55871	13.0152	4.39816e-07	-2.782507
2.56127	13.0264	4.39181e-07	-2.783447
2.56383	13.0376	4.38545e-07	-2.784385
2.56639	13.0488	4.37909e-07	-2.785324
2.56895	13.0599	4.37274e-07	-2.786262
2.57151	13.0711	4.36638e-07	-2.787199
2.57407	13.0823	4.36003e-07	-2.788135
2.57663	13.0935	4.35367e-07	-2.789071
2.57919	13.1046	4.34732e-07	-2.790007
2.58175	13.1158	4.34097e-07	-2.790942
2.58431	13.127	4.33462e-07	-2.791876
2.58687	13.1382	4.32826e-07	-2.79281
2.58943	13.1493	4.32191e-07	-2.793743
2.59199	13.1605	4.31556e-07	-2.794675
2.59455	13.1717	4.30921e-07	-2.795607
2.59711	13.1829	4.30286e-07	-2.796539
2.59967	13.194	4.29651e-07	-2.79747
2.60223	13.2052	4.29017e-07	-2.7984
2.60479	13.2164	4.28382e-07	-2.799329
2.60735	13.2275	4.27748e-07	-2.800258
2.60991	13.2387	4.27113e-07	-2.801187
2.61247	13.2499	4.2648e-07	-2.802115
2.61503	13.261	4.25846e-07	-2.803042
2.61759	13.2722	4.25212e-07	-2.803969
2.62015	13.2834	4.24578e-07	-2.804896
2.62271	13.2945	4.23944e-07	-2.805821
2.62527	13.3057	4.23311e-07	-2.806746
2.62783	13.3169	4.22678e-07	-2.807671
2.63039	13.328	4.22045e-07	-2.808595
2.63295	13.3392	4.21412e-07	-2.809518
2.63551	13.3504	4.20779e-07	-2.810441
2.63807	13.3615	4.20146e-07	-2.811364
2.64063	13.3727	4.19514e-07	-2.812285
2.64319	13.3838	4.18882e-07	-2.813207
2.64575	13.395	4.1825e-07	-2.814127
2.64831	13.4062	4.17619e-07	-2.815047
2.65087	13.4173	4.16987e-07	-2.815967
2.65343	13.4285	4.16355e-07	-2.816886
2.65599	13.4396	4.15724e-07	-2.817804
2.65855	13.4508	4.15093e-07	-2.818722
2.66111	13.462	4.14463e-07	-2.819639
2.66367	13.4731	4.13832e-07	-2.820556
2.66623	13.4843	4.13306e-07	-2.821472
2.66879	13.4954	4.12841e-07	-2.822388
2.67135	13.5066	4.12376e-07	-2.823303
2.67391	13.5177	4.11912e-07	-2.824218
2.67647	13.5289	4.11445e-07	-2.825132
2.67903	13.54	4.1098e-07	-2.826045
2.68159	13.5512	4.10514e-07	-2.826958
2.68415	13.5623	4.10047e-07	-2.82787
2.68671	13.5735	4.0958e-07	-2.828782
2.68927	13.5847	4.09114e-07	-2.829693
2.69183	13.5958	4.08646e-07	-2.830604
2.69439	13.607	4.08179e-07	-2.831514
2.69695	13.6181	4.0771e-07	-2.832424
2.69951	13.6293	4.07242e-07	-2.833333
2.70207	13.6404	4.06773e-07	-2.834242
2.70463	13.6516	4.06305e-07	-2.83515
2.70719	13.6627	4.05836e-07	-2.836057
2.70975	13.6738	4.05366e-07	-2.836964
2.71231	13.685	4.04897e-07	-2.837871
2.71487	13.6961	4.04427e-07	-2.838777
2.71743	13.7073	4.03957e-07	-2.839682
2.71999	13.7184	4.03486e-07	-2.840587
2.72255	13.7296	4.03015e-07	-2.841491
2.72511	13.7407	4.02545e-07	-2.842395
2.72767	13.7519	4.02073e-07	-2.843298
2.73023	13.763	4.01602e-07	-2.844201
2.73279	13.7741	4.01131e-07	-2.845103
2.73535	13.7853	4.00659e-07	-2.846004
2.73791	13.7964	4.00187e-07	-2.846906
2.74047	13.8076	3.99715e-07	-2.847806
2.74303	13.8187	3.99243e-07	-2.848706
2.74559	13.8298	3.98769e-07	-2.849606
2.74815	13.841	3.98296e-07	-2.850505
2.75071	13.8521	3.97824e-07	-2.851403
2.75327	13.8633	3.9735e-07	-2.852301
2.75583	13.8744	3.96877e-07	-2.853198
2.75839	13.8855	3.96403e-07	-2.854095
2.76095	13.8967	3.95929e-07	-2.854992
2.76351	13.9078	3.95456e-07	-2.855888
2.76607	13.9189	3.94981e-07	-2.856783
2.76863	13.9301	3.94507e-07	-2.857678
2.77119	13.9412	3.94032e-07	-2.858572
2.77375	13.9523	3.93558e-07	-2.859466
2.77631	13.9635	3.93083e-07	-2.860359
2.77887	13.9746	3.92608e-07	-2.861252
2.78143	13.9857	3.92133e-07	-2.862144
2.78399	13.9969	3.91658e-07	-2.863036
2.78655	14.008	3.91183e-07	-2.863927
2.78911	14.0191	3.90707e-07	-2.864818
2.79167	14.0303	3.90231e-07	-2.865708
2.79423	14.0414	3.89756e-07	-2.866597
2.79679	14.0525	3.8928e-07	-2.867486
2.79935	14.0637	3.88804e-07	-2.868375
2.80191	14.0748	3.88328e-07	-2.869263
2.80447	14.0859	3.87851e-07	-2.870151
2.80703	14.097	3.87375e-07	-2.871038
2.80959	14.1082	3.86899e-07	-2.871924
2.81215	14.1193	3.86422e-07	-2.87281
2.81471	14.1304	3.85946e-07	-2.873696
2.81727	14.1415	3.85469e-07	-2.874581
2.81983	14.1527	3.84992e-07	-2.875466
2.82239	14.1638	3.84516e-07	-2.87635
2.82495	14.1749	3.84039e-07	-2.877233
2.82751	14.186	3.83561e-07	-2.878116
2.83007	14.1972	3.83085e-07	-2.878999
2.83263	14.2083	3.82607e-07	-2.879881
2.83519	14.2194	3.8213e-07	-2.880762
2.83775	14.2305	3.81653e-07	-2.881644
2.84031	14.2416	3.81176e-07	-2.882524
2.84287	14.2528	3.80698e-07	-2.883404
2.84543	14.2639	3.80221e-07	-2.884284
2.84799	14.275	3.79744e-07	-2.885163
2.85055	14.2861	3.79266e-07	-2.886041
2.85311	14.2972	3.78789e-07	-2.886919
2.85567	14.3084	3.78311e-07	-2.887797
2.85823	14.3195	3.77834e-07	-2.888674
2.86079	14.3306	3.77356e-07	-2.88955
2.86335	14.3417	3.76878e-07	-2.890426
2.86591	14.3528	3.76401e-07	-2.891302
2.86847	14.3639	3.75923e-07	-2.892177
2.87103	14.3751	3.75445e-07	-2.893052
2.87359	14.3862	3.74967e-07	-2.893926
2.87615	14.3973	3.7449e-07	-2.894799
2.87871	14.4084	3.74012e-07	-2.895673
2.88127	14.4195	3.73534e-07	-2.896545
2.88383	14.4306	3.73057e-07	-2.897417
2.88639	14.4417	3.7258e-07	-2.898289
2.88895	14.4528	3.72102e-07	-2.89916
2.89151	14.4639	3.71624e-07	-2.900031
2.89407	14.4751	3.71146e-07	-2.900901
2.89663	14.4862	3.70669e-07	-2.901771
2.89919	14.4973	3.70192e-07	-2.90264
2.90175	14.5084	3.69714e-07	-2.903509
2.90431	14.5195	3.69236e-07	-2.904377
2.90687	14.5306	3.68759e-07	-2.905245
2.90943	14.5417	3.68282e-07	-2.906112
2.91199	14.5528	3.67804e-07	-2.906979
2.91455	14.5639	3.67327e-07	-2.907845
2.91711	14.575	3.6685e-07	-2.908711
2.91967	14.5861	3.66372e-07	-2.909577
2.92223	14.5972	3.65895e-07	-2.910442
2.92479	14.6083	3.65418e-07	-2.911306
2.92735	14.6194	3.64941e-07	-2.91217
2.92991	14.6306	3.64464e-07	-2.913033
2.93247	14.6417	3.63987e-07	-2.913896
2.93503	14.6528	3.63511e-07	-2.914759
2.93759	14.6639	3.63034e-07	-2.915621
2.94015	14.675	3.62557e-07	-2.916483
2.94271	14.6861	3.6208e-07	-2.917344
2.94527	14.6972	3.61604e-07	-2.918204
2.94783	14.7083	3.61128e-07	-2.919065
2.95039	14.7194	3.60651e-07	-2.919924
2.95295	14.7305	3.60175e-07	-2.920783
2.95551	14.7416	3.59699e-07	-2.921642
2.95807	14.7527	3.59223e-07	-2.9225
2.96063	14.7638	3.58747e-07	-2.923358
2.96319	14.7749	3.58272e-07	-2.924216
2.96575	14.7859	3.57796e-07	-2.925073
2.96831	14.797	3.5732e-07	-2.925929
2.97087	14.8081	3.56845e-07	-2.926785
2.97343	14.8192	3.56369e-07	-2.92764
2.97599	14.8303	3.55894e-07	-2.928495
2.97855	14.8414	3.55419e-07	-2.92935
2.98111	14.8525	3.54944e-07	-2.930204
2.98367	14.8636	3.54469e-07	-2.931058
2.98623	14.8747	3.53994e-07	-2.931911
2.98879	14.8858	3.5352e-07	-2.932764
2.99135	14.8969	3.53045e-07	-2.933616
2.99391	14.908	3.52672e-07	-2.934467
2.99903	14.9302	3.52042e-07	-2.93617
3.00415	14.9523	3.51411e-07	-2.93787
3.00927	14.9745	3.50779e-07	-2.939569
3.01439	14.9967	3.50146e-07	-2.941265
3.01951	15.0189	3.49511e-07	-2.94296
3.02463	15.0411	3.48875e-07	-2.944653
3.02975	15.0632	3.48238e-07	-2.946344
3.03487	15.0854	3.476e-07	-2.948034
3.03999	15.1076	3.4696e-07	-2.949722
3.04511	15.1297	3.4632e-07	-2.951407
3.05023	15.1519	3.45679e-07	-2.953092
3.05535	15.1741	3.45036e-07	-2.954774
3.06047	15.1962	3.44392e-07	-2.956454
3.06559	15.2184	3.43747e-07	-2.958133
3.07071	15.2405	3.43101e-07	-2.95981
3.07583	15.2627	3.42454e-07	-2.961485
3.08095	15.2848	3.41806e-07	-2.963159
3.08607	15.307	3.41158e-07	-2.96483
3.09119	15.3291	3.40508e-07	-2.9665
3.09631	15.3513	3.39858e-07	-2.968168
3.10143	15.3734	3.39206e-07	-2.969835
3.10655	15.3956	3.38553e-07	-2.971499
3.11167	15.4177	3.37901e-07	-2.973162
3.11679	15.4399	3.37247e-07	-2.974823
3.12191	15.462	3.36591e-07	-2.976483
3.12703	15.4841	3.35936e-07	-2.978141
3.13215	15.5063	3.3528e-07	-2.979797
3.13727	15.5284	3.34623e-07	-2.981451
3.14239	15.5505	3.33965e-07	-2.983104
3.14751	15.5727	3.33306e-07	-2.984755
3.15263	15.5948	3.32648e-07	-2.986404
3.15775	15.6169	3.31987e-07	-2.988051
3.16287	15.6391	3.31327e-07	-2.989697
3.16799	15.6612	3.30666e-07	-2.991341
3.17055	15.6722	3.30335e-07	-2.992163
3.17567	15.6944	3.29674e-07	-2.993804
3.17823	15.7054	3.29343e-07	-2.994624
3.18079	15.7165	3.29011e-07	-2.995444
3.18335	15.7275	3.28679e-07	-2.996263
3.18591	15.7386	3.28348e-07	-2.997082
3.18847	15.7497	3.28016e-07	-2.997901
3.19103	15.7607	3.27684e-07	-2.998719
3.19359	15.7718	3.27352e-07	-2.999537
3.19615	15.7828	3.2702e-07	-3.000354
3.19871	15.7939	3.26688e-07	-3.001171
3.20127	15.8049	3.26355e-07	-3.001987
3.20383	15.816	3.26023e-07	-3.002803
3.20639	15.8271	3.25691e-07	-3.003619
3.20895	15.8381	3.25358e-07	-3.004434
3.21151	15.8492	3.25025e-07	-3.005249
3.21407	15.8602	3.24692e-07	-3.006063
3.21663	15.8713	3.24359e-07	-3.006877
3.21919	15.8823	3.24026e-07	-3.00769
3.22175	15.8934	3.23693e-07	-3.008504
3.22431	15.9044	3.23359e-07	-3.009316
3.22687	15.9155	3.23026e-07	-3.010129
3.22943	15.9265	3.22693e-07	-3.010941
3.23199	15.9376	3.22359e-07	-3.011752
3.23455	15.9486	3.22025e-07	-3.012563
3.23711	15.9597	3.21691e-07	-3.013374
3.23967	15.9707	3.21357e-07	-3.014184
3.24223	15.9818	3.21024e-07	-3.014994
3.24479	15.9928	3.20689e-07	-3.015803
3.24735	16.0039	3.20355e-07	-3.016612
3.24991	16.0149	3.20021e-07	-3.017421
3.25247	16.026	3.19687e-07	-3.018229
3.25503	16.037	3.19352e-07	-3.019037
3.25759	16.0481	3.19017e-07	-3.019845
3.26015	16.0591	3.18683e-07	-3.020652
3.26271	16.0702	3.18349e-07	-3.021458
3.26527	16.0812	3.18014e-07	-3.022264
3.26783	16.0923	3.17679e-07	-3.02307
3.27039	16.1033	3.17344e-07	-3.023876
3.27295	16.1144	3.1701e-07	-3.024681
3.27551	16.1254	3.16675e-07	-3.025485
3.27807	16.1364	3.1634e-07	-3.02629
3.28063	16.1475	3.16005e-07	-3.027093
3.28319	16.1585	3.1567e-07	-3.027897
3.28575	16.1696	3.15335e-07	-3.0287
3.28831	16.1806	3.15e-07	-3.029502
3.29087	16.1917	3.14665e-07	-3.030305
3.29343	16.2027	3.14329e-07	-3.031106
3.29599	16.2137	3.13994e-07	-3.031908
3.29855	16.2248	3.13659e-07	-3.032709
3.30111	16.2358	3.13323e-07	-3.03351
3.30367	16.2469	3.12988e-07	-3.03431
3.30623	16.2579	3.12653e-07	-3.03511
3.30879	16.2689	3.12317e-07	-3.035909
3.31135	16.28	3.11982e-07	-3.036708
3.31391	16.291	3.11646e-07	-3.037507
3.31647	16.3021	3.11311e-07	-3.038305
3.31903	16.3131	3.10975e-07	-3.039103
3.32159	16.3241	3.1064e-07	-3.039901
3.32415	16.3352	3.10304e-07	-3.040698
3.32671	16.3462	3.09969e-07	-3.041495
3.32927	16.3572	3.09633e-07	-3.042291
3.33183	16.3683	3.09297e-07	-3.043087
3.33439	16.3793	3.08962e-07	-3.043882
3.33695	16.3904	3.08626e-07	-3.044678
3.33951	16.4014	3.0829e-07	-3.045472
3.34207	16.4124	3.07954e-07	-3.046267
3.34463	16.4235	3.07619e-07	-3.047061
3.34719	16.4345	3.07283e-07	-3.047854
3.34975	16.4455	3.06947e-07	-3.048648
3.35231	16.4566	3.06612e-07	-3.049441
3.35487	16.4676	3.06276e-07	-3.050233
3.35743	16.4786	3.0594e-07	-3.051025
3.35999	16.4897	3.05605e-07	-3.051817
3.36255	16.5007	3.05269e-07	-3.052608
3.36511	16.5117	3.04934e-07	-3.053399
3.36767	16.5227	3.04598e-07	-3.05419
3.37023	16.5338	3.04262e-07	-3.05498
3.37279	16.5448	3.03927e-07	-3.055769
3.37535	16.5558	3.03591e-07	-3.056559
3.37791	16.5669	3.03256e-07	-3.057348
3.38047	16.5779	3.0292e-07	-3.058136
3.38303	16.5889	3.02585e-07	-3.058925
3.38559	16.5999	3.02249e-07	-3.059713
3.38815	16.611	3.01914e-07	-3.0605
3.39071	16.622	3.01578e-07	-3.061287
3.39327	16.633	3.01243e-07	-3.062074
3.39583	16.6441	3.00907e-07	-3.06286
3.39839	16.6551	3.00572e-07	-3.063646
3.40095	16.6661	3.00237e-07	-3.064432
3.40351	16.6771	2.99901e-07	-3.065217
3.40607	16.6882	2.99567e-07	-3.066002
3.40863	16.6992	2.99231e-07	-3.066787
3.41119	16.7102	2.98896e-07	-3.067571
3.41375	16.7212	2.98561e-07	-3.068354
3.41631	16.7323	2.98226e-07	-3.069138
3.41887	16.7433	2.97891e-07	-3.069921
3.42143	16.7543	2.97556e-07	-3.070703
3.42399	16.7653	2.97221e-07	-3.071486
3.42655	16.7763	2.96887e-07	-3.072267
3.42911	16.7874	2.96552e-07	-3.073049
3.43167	16.7984	2.96217e-07	-3.07383
3.43423	16.8094	2.95882e-07	-3.074611
3.43679	16.8204	2.95548e-07	-3.075391
3.43935	16.8314	2.95213e-07	-3.076171
3.44191	16.8425	2.94879e-07	-3.076951
3.44447	16.8535	2.94544e-07	-3.07773
3.44703	16.8645	2.9421e-07	-3.078509
3.44959	16.8755	2.93876e-07	-3.079287
3.45215	16.8865	2.93542e-07	-3.080066
3.45471	16.8976	2.93207e-07	-3.080843
3.45727	16.9086	2.92873e-07	-3.081621
3.45983	16.9196	2.92539e-07	-3.082398
3.46239	16.9306	2.92205e-07	-3.083175
3.46495	16.9416	2.91871e-07	-3.083951
3.46751	16.9526	2.91537e-07	-3.084727
3.47007	16.9637	2.91203e-07	-3.085502
3.47263	16.9747	2.9087e-07	-3.086278
3.47519	16.9857	2.90536e-07	-3.087052
3.47775	16.9967	2.90203e-07	-3.087827
3.48031	17.0077	2.8987e-07	-3.088601
3.48287	17.0187	2.89536e-07	-3.089375
3.48543	17.0297	2.89203e-07	-3.090148
3.48799	17.0408	2.8887e-07	-3.090921
3.49055	17.0518	2.88537e-07	-3.091694
3.49311	17.0628	2.88204e-07	-3.092466
3.49567	17.0738	2.87871e-07	-3.093238
3.49823	17.0848	2.87539e-07	-3.09401
3.50079	17.0958	2.87206e-07	-3.094781
3.50335	17.1068	2.86873e-07	-3.095552
3.50591	17.1178	2.8654e-07	-3.096323
3.50847	17.1288	2.86209e-07	-3.097093
3.51103	17.1399	2.85876e-07	-3.097863
3.51359	17.1509	2.85544e-07	-3.098632
3.51615	17.1619	2.85212e-07	-3.099401
3.51871	17.1729	2.8488e-07	-3.10017
3.52127	17.1839	2.84548e-07	-3.100938
3.52383	17.1949	2.84216e-07	-3.101706
3.52639	17.2059	2.83885e-07	-3.102474
3.52895	17.2169	2.83554e-07	-3.103241
3.53151	17.2279	2.83222e-07	-3.104008
3.53407	17.2389	2.82891e-07	-3.104775
3.53663	17.2499	2.82559e-07	-3.105541
3.53919	17.2609	2.82228e-07	-3.106307
3.54175	17.2719	2.81897e-07	-3.107073
3.54431	17.283	2.81567e-07	-3.107838
3.54687	17.294	2.81236e-07	-3.108602
3.54943	17.305	2.80906e-07	-3.109367
3.55199	17.316	2.80575e-07	-3.110131
3.55455	17.327	2.80245e-07	-3.110895
3.55711	17.338	2.79914e-07	-3.111658
3.55967	17.349	2.79585e-07	-3.112421
3.56223	17.36	2.79255e-07	-3.113184
3.56479	17.371	2.78925e-07	-3.113946
3.56735	17.382	2.78595e-07	-3.114708
3.56991	17.393	2.78266e-07	-3.11547
3.57247	17.404	2.77936e-07	-3.116232
3.57503	17.415	2.77607e-07	-3.116992
3.57759	17.426	2.77278e-07	-3.117753
3.58015	17.437	2.76949e-07	-3.118513
3.58271	17.448	2.7662e-07	-3.119273
3.58527	17.459	2.76292e-07	-3.120033
3.58783	17.47	2.75962e-07	-3.120792
3.59039	17.481	2.75634e-07	-3.121551
3.59295	17.492	2.75306e-07	-3.12231
3.59551	17.503	2.74978e-07	-3.123068
3.59807	17.514	2.7465e-07	-3.123826
3.60063	17.525	2.74322e-07	-3.124583
3.60319	17.536	2.73995e-07	-3.12534
3.60575	17.547	2.73667e-07	-3.126097
3.60831	17.558	2.73339e-07	-3.126854
3.61087	17.569	2.73012e-07	-3.12761
3.61343	17.58	2.72685e-07	-3.128366
3.61599	17.591	2.72358e-07	-3.129121
3.61855	17.6019	2.72031e-07	-3.129876
3.62111	17.6129	2.71705e-07	-3.130631
3.62367	17.6239	2.71378e-07	-3.131385
3.62623	17.6349	2.71052e-07	-3.132139
3.62879	17.6459	2.70726e-07	-3.132893
3.63135	17.6569	2.704e-07	-3.133646
3.63391	17.6679	2.70074e-07	-3.134399
3.63647	17.6789	2.69749e-07	-3.135152
3.63903	17.6899	2.69423e-07	-3.135905
3.64159	17.7009	2.69098e-07	-3.136657
3.64415	17.7119	2.68773e-07	-3.137408
3.64671	17.7229	2.68448e-07	-3.13816
3.65183	17.7449	2.67987e-07	-3.139661
3.65695	17.7668	2.67567e-07	-3.141162
3.66207	17.7888	2.67148e-07	-3.142661
3.66719	17.8108	2.66728e-07	-3.144159
3.67231	17.8328	2.66307e-07	-3.145655
3.67743	17.8547	2.65886e-07	-3.14715
3.68511	17.8877	2.65253e-07	-3.14939
3.69023	17.9097	2.64831e-07	-3.150882
3.69535	17.9316	2.64407e-07	-3.152372
3.70303	17.9646	2.63772e-07	-3.154605
3.70815	17.9866	2.63348e-07	-3.156092
3.71327	18.0085	2.62923e-07	-3.157578
3.72095	18.0415	2.62285e-07	-3.159804
3.72607	18.0634	2.61859e-07	-3.161287
3.73119	18.0854	2.61432e-07	-3.162768
3.73887	18.1183	2.60792e-07	-3.164987
3.74399	18.1403	2.60364e-07	-3.166465
3.74911	18.1623	2.59936e-07	-3.167942
3.75679	18.1952	2.59294e-07	-3.170155
3.76191	18.2171	2.58865e-07	-3.171628
3.76703	18.2391	2.58436e-07	-3.1731
3.77471	18.272	2.57792e-07	-3.175306
3.77983	18.294	2.57361e-07	-3.176775
3.78495	18.3159	2.5693e-07	-3.178242
3.79263	18.3488	2.56284e-07	-3.180442
3.79775	18.3708	2.55853e-07	-3.181906
3.80287	18.3927	2.55421e-07	-3.183369
3.81055	18.4256	2.54773e-07	-3.185562
3.81567	18.4476	2.54341e-07	-3.187022
3.82079	18.4695	2.53908e-07	-3.188481
3.82847	18.5024	2.53258e-07	-3.190666
3.83359	18.5244	2.52824e-07	-3.192122
3.83871	18.5463	2.52391e-07	-3.193576
3.84639	18.5792	2.5174e-07	-3.195756
3.85151	18.6011	2.51306e-07	-3.197207
3.85663	18.623	2.50871e-07	-3.198657
3.86431	18.6559	2.50219e-07	-3.20083
3.86943	18.6779	2.49784e-07	-3.202277
3.87455	18.6998	2.49349e-07	-3.203723
3.88223	18.7327	2.48696e-07	-3.205889
3.88735	18.7546	2.4826e-07	-3.207332
3.89247	18.7765	2.47824e-07	-3.208773
3.90015	18.8094	2.4717e-07	-3.210933
3.90527	18.8313	2.46734e-07	-3.212372
3.91039	18.8532	2.46298e-07	-3.213809
3.91807	18.8861	2.45643e-07	-3.215963
3.92319	18.908	2.45207e-07	-3.217397
3.92831	18.9299	2.4477e-07	-3.21883
3.93599	18.9628	2.44114e-07	-3.220977
3.94111	18.9847	2.43677e-07	-3.222407
3.94623	19.0066	2.4324e-07	-3.223836
3.95391	19.0395	2.42584e-07	-3.225977
3.95903	19.0614	2.42147e-07	-3.227403
3.96415	19.0833	2.4171e-07	-3.228827
3.97183	19.1162	2.41054e-07	-3.230962
3.97695	19.1381	2.40616e-07	-3.232384
3.98207	19.16	2.40179e-07	-3.233805
3.98975	19.1928	2.39522e-07	-3.235933
3.99487	19.2147	2.39085e-07	-3.237351
3.99999	19.2366	2.38647e-07	-3.238767
4.00767	19.2694	2.37991e-07	-3.24089
4.01279	19.2913	2.37554e-07	-3.242303
4.01791	19.3132	2.37116e-07	-3.243716
4.02559	19.3461	2.3646e-07	-3.245832
4.03071	19.368	2.36023e-07	-3.247241
4.03583	19.3898	2.35585e-07	-3.24865
4.04351	19.4227	2.34929e-07	-3.25076
4.04863	19.4446	2.34492e-07	-3.252166
4.05375	19.4664	2.34055e-07	-3.25357
4.06143	19.4993	2.33399e-07	-3.255674
4.06655	19.5211	2.32962e-07	-3.257076
4.07167	19.543	2.32525e-07	-3.258476
4.07935	19.5758	2.31869e-07	-3.260574
4.08447	19.5977	2.31433e-07	-3.261972
4.08959	19.6196	2.30996e-07	-3.263368
4.09727	19.6524	2.30342e-07	-3.265461
4.10239	19.6743	2.29905e-07	-3.266854
4.10751	19.6962	2.29469e-07	-3.268247
4.11519	19.729	2.28815e-07	-3.270333
4.12031	19.7508	2.28379e-07	-3.271723
4.12543	19.7727	2.27943e-07	-3.273111
4.13311	19.8055	2.27291e-07	-3.275192
4.13823	19.8274	2.26856e-07	-3.276578
4.14335	19.8492	2.2642e-07	-3.277962
4.15103	19.882	2.25768e-07	-3.280037
4.15615	19.9039	2.25333e-07	-3.281419
4.16127	19.9258	2.24898e-07	-3.2828
4.16895	19.9585	2.24248e-07	-3.284869
4.17407	19.9804	2.23814e-07	-3.286247
4.17919	20.0023	2.2338e-07	-3.287624
4.18687	20.035	2.2273e-07	-3.289688
4.19199	20.0569	2.22296e-07	-3.291062
4.19711	20.0787	2.21864e-07	-3.292435
4.20479	20.1115	2.21214e-07	-3.294493
4.20991	20.1334	2.20782e-07	-3.295863
4.21503	20.1552	2.2035e-07	-3.297233
4.22271	20.188	2.19702e-07	-3.299285
4.22783	20.2098	2.1927e-07	-3.300651
4.23295	20.2317	2.18839e-07	-3.302017
4.24063	20.2645	2.18193e-07	-3.304064
4.24575	20.2863	2.17762e-07	-3.305427
4.25087	20.3081	2.17331e-07	-3.306789
4.25855	20.3409	2.16687e-07	-3.308829
4.26367	20.3627	2.16257e-07	-3.310189
4.26879	20.3846	2.15828e-07	-3.311547
4.27647	20.4173	2.15185e-07	-3.313582
4.27903	20.4282	2.1497e-07	-3.31426
4.28415	20.4501	2.14542e-07	-3.315615
4.28927	20.4719	2.14114e-07	-3.316969
4.29439	20.4938	2.13686e-07	-3.318322
4.29951	20.5156	2.13259e-07	-3.319674
4.30207	20.5265	2.13045e-07	-3.32035
4.30719	20.5483	2.12726e-07	-3.3217
4.31231	20.5702	2.12431e-07	-3.32305
4.31743	20.592	2.12136e-07	-3.324398
4.32255	20.6138	2.1184e-07	-3.325745
4.33023	20.6466	2.11397e-07	-3.327764
4.33535	20.6684	2.11101e-07	-3.329109
4.34047	20.6902	2.10804e-07	-3.330453
4.34815	20.7229	2.10359e-07	-3.332466
4.35327	20.7448	2.10062e-07	-3.333807
4.35839	20.7666	2.09764e-07	-3.335147
4.36607	20.7993	2.09318e-07	-3.337156
4.37119	20.8211	2.09021e-07	-3.338493
4.37631	20.8429	2.08722e-07	-3.33983
4.38399	20.8757	2.08274e-07	-3.341833
4.38911	20.8975	2.07975e-07	-3.343167
4.39423	20.9193	2.07676e-07	-3.3445
4.40191	20.952	2.07228e-07	-3.346497
4.40703	20.9738	2.06928e-07	-3.347828
4.41215	20.9956	2.06628e-07	-3.349157
4.41983	21.0283	2.06179e-07	-3.35115
4.42495	21.0501	2.05878e-07	-3.352477
4.43007	21.072	2.05578e-07	-3.353803
4.43519	21.0938	2.05277e-07	-3.355128
4.44031	21.1156	2.04976e-07	-3.356452
4.44543	21.1374	2.04676e-07	-3.357775
4.45055	21.1592	2.04375e-07	-3.359097
4.45567	21.181	2.04073e-07	-3.360418
4.46079	21.2028	2.03772e-07	-3.361738
4.46591	21.2246	2.0347e-07	-3.363057
4.47103	21.2464	2.03168e-07	-3.364375
4.47615	21.2682	2.02867e-07	-3.365693
4.48127	21.29	2.02564e-07	-3.367009
4.48639	21.3118	2.02262e-07	-3.368324
4.49151	21.3335	2.0196e-07	-3.369638
4.49663	21.3553	2.01658e-07	-3.370951
4.50175	21.3771	2.01356e-07	-3.372264
4.50687	21.3989	2.01053e-07	-3.373575
4.51199	21.4207	2.0075e-07	-3.374885
4.51711	21.4425	2.00447e-07	-3.376195
4.52223	21.4643	2.00144e-07	-3.377503
4.52735	21.4861	1.99841e-07	-3.378811
4.53247	21.5079	1.99538e-07	-3.380117
4.53759	21.5297	1.99235e-07	-3.381423
4.54271	21.5514	1.98931e-07	-3.382728
4.54783	21.5732	1.98628e-07	-3.384031
4.55295	21.595	1.98325e-07	-3.385334
4.55807	21.6168	1.98021e-07	-3.386636
4.56319	21.6386	1.97717e-07	-3.387936
4.56831	21.6603	1.97414e-07	-3.389236
4.57343	21.6821	1.97109e-07	-3.390535
4.57855	21.7039	1.96806e-07	-3.391833
4.58367	21.7257	1.96502e-07	-3.39313
4.58879	21.7475	1.96198e-07	-3.394426
4.59391	21.7692	1.95894e-07	-3.395721
4.59903	21.791	1.9559e-07	-3.397016
4.60415	21.8128	1.95286e-07	-3.398309
4.60927	21.8345	1.94982e-07	-3.399601
4.61439	21.8563	1.94678e-07	-3.400893
4.61951	21.8781	1.94374e-07	-3.402183
4.62463	21.8999	1.9407e-07	-3.403473
4.62975	21.9216	1.93765e-07	-3.404761
4.63487	21.9434	1.93461e-07	-3.406049
4.63999	21.9652	1.93157e-07	-3.407336
4.64511	21.9869	1.92852e-07	-3.408622
4.65023	22.0087	1.92548e-07	-3.409907
4.65535	22.0305	1.92244e-07	-3.411191
4.66047	22.0522	1.9194e-07	-3.412474
4.66559	22.074	1.91636e-07	-3.413756
4.67071	22.0957	1.91332e-07	-3.415037
4.67583	22.1175	1.91027e-07	-3.416318
4.68095	22.1393	1.90723e-07	-3.417597
4.68607	22.161	1.90419e-07	-3.418876
4.69119	22.1828	1.90115e-07	-3.420153
4.69631	22.2045	1.89811e-07	-3.42143
4.70143	22.2263	1.89506e-07	-3.422706
4.70655	22.248	1.89202e-07	-3.423981
4.71167	22.2698	1.88898e-07	-3.425255
4.71679	22.2916	1.88594e-07	-3.426528
4.72191	22.3133	1.8829e-07	-3.4278
4.72703	22.3351	1.87987e-07	-3.429072
4.73215	22.3568	1.87682e-07	-3.430342
4.73727	22.3786	1.87379e-07	-3.431611
4.74239	22.4003	1.87076e-07	-3.43288
4.74751	22.4221	1.86772e-07	-3.434148
4.75263	22.4438	1.86468e-07	-3.435415
4.75775	22.4655	1.86165e-07	-3.436681
4.76287	22.4873	1.85861e-07	-3.437946
4.76799	22.509	1.85558e-07	-3.43921
4.77311	22.5308	1.85254e-07	-3.440473
4.77823	22.5525	1.84951e-07	-3.441736
4.78335	22.5743	1.84648e-07	-3.442998
4.78847	22.596	1.84345e-07	-3.444258
4.79359	22.6177	1.84041e-07	-3.445518
4.79871	22.6395	1.83739e-07	-3.446777
4.80383	22.6612	1.83436e-07	-3.448035
4.80895	22.683	1.83133e-07	-3.449292
4.81407	22.7047	1.82831e-07	-3.450549
4.81919	22.7264	1.82528e-07	-3.451804
4.82431	22.7482	1.82226e-07	-3.453059
4.82943	22.7699	1.81923e-07	-3.454312
4.83455	22.7916	1.81622e-07	-3.455565
4.83967	22.8134	1.8132e-07	-3.456817
4.84479	22.8351	1.81017e-07	-3.458068
4.84991	22.8568	1.80716e-07	-3.459319
4.85503	22.8786	1.80414e-07	-3.460568
4.86015	22.9003	1.80112e-07	-3.461817
4.86527	22.922	1.79811e-07	-3.463064
4.87039	22.9437	1.79509e-07	-3.464311
4.87551	22.9655	1.79209e-07	-3.465557
4.88063	22.9872	1.78908e-07	-3.466802
4.88575	23.0089	1.78607e-07	-3.468047
4.89087	23.0306	1.78306e-07	-3.46929
4.89599	23.0524	1.78005e-07	-3.470533
4.90111	23.0741	1.77704e-07	-3.471774
4.90623	23.0958	1.77405e-07	-3.473015
4.91135	23.1175	1.77104e-07	-3.474255
4.91647	23.1392	1.76805e-07	-3.475495
4.92159	23.161	1.76505e-07	-3.476733
4.92671	23.1827	1.76205e-07	-3.477971
4.93183	23.2044	1.75905e-07	-3.479207
4.93695	23.2261	1.75606e-07	-3.480443
4.94207	23.2478	1.75307e-07	-3.481678
4.94719	23.2695	1.75008e-07	-3.482912
4.95231	23.2913	1.74709e-07	-3.484146
4.95743	23.313	1.74411e-07	-3.485378
4.96255	23.3347	1.74178e-07	-3.48661
4.96767	23.3564	1.73962e-07	-3.487841
4.97279	23.3781	1.73745e-07	-3.489071
4.97791	23.3998	1.73528e-07	-3.4903
4.98303	23.4215	1.73311e-07	-3.491529
4.98815	23.4432	1.73094e-07	-3.492756
4.99327	23.4649	1.72876e-07	-3.493983
4.99839	23.4866	1.72658e-07	-3.495209
5.00351	23.5083	1.72441e-07	-3.496434
5.00863	23.53	1.72223e-07	-3.497658
5.01375	23.5517	1.72005e-07	-3.498882
5.01887	23.5735	1.71786e-07	-3.500105
5.02399	23.5952	1.71568e-07	-3.501326
5.02911	23.6169	1.7135e-07	-3.502547
5.03423	23.6386	1.71131e-07	-3.503768
5.03935	23.6603	1.70912e-07	-3.504987
5.04447	23.682	1.70693e-07	-3.506206
5.04959	23.7036	1.70475e-07	-3.507424
5.05471	23.7253	1.70255e-07	-3.508641
5.05983	23.747	1.70036e-07	-3.509857
5.06495	23.7687	1.69816e-07	-3.511072
5.07007	23.7904	1.69597e-07	-3.512287
5.07519	23.8121	1.69377e-07	-3.513501
5.08031	23.8338	1.69158e-07	-3.514714
5.08543	23.8555	1.68938e-07	-3.515926
5.09055	23.8772	1.68718e-07	-3.517137
5.09567	23.8989	1.68499e-07	-3.518348
5.10079	23.9206	1.68279e-07	-3.519558
5.10591	23.9423	1.68058e-07	-3.520767
5.11103	23.964	1.67838e-07	-3.521975
5.11615	23.9856	1.67618e-07	-3.523182
5.12127	24.0073	1.67397e-07	-3.524389
5.12639	24.029	1.67177e-07	-3.525595
5.13151	24.0507	1.66957e-07	-3.5268
5.13663	24.0724	1.66736e-07	-3.528005
5.14175	24.0941	1.66515e-07	-3.529208
5.14687	24.1158	1.66294e-07	-3.530411
5.15199	24.1374	1.66073e-07	-3.531613
5.15711	24.1591	1.65853e-07	-3.532814
5.16223	24.1808	1.65632e-07	-3.534014
5.16735	24.2025	1.6541e-07	-3.535214
5.17247	24.2242	1.65189e-07	-3.536413
5.17759	24.2458	1.64968e-07	-3.537611
5.18271	24.2675	1.64747e-07	-3.538808
5.18783	24.2892	1.64526e-07	-3.540005
5.19295	24.3109	1.64305e-07	-3.5412
5.19807	24.3325	1.64083e-07	-3.542395
5.20319	24.3542	1.63862e-07	-3.54359
5.20831	24.3759	1.6364e-07	-3.544783
5.21343	24.3976	1.63418e-07	-3.545976
5.21855	24.4192	1.63197e-07	-3.547168
5.22367	24.4409	1.62976e-07	-3.548359
5.22879	24.4626	1.62754e-07	-3.549549
5.23391	24.4842	1.62532e-07	-3.550739
5.23903	24.5059	1.62311e-07	-3.551928
5.24415	24.5276	1.62089e-07	-3.553116
5.24927	24.5492	1.61867e-07	-3.554303
5.25439	24.5709	1.61646e-07	-3.55549
5.25951	24.5926	1.61424e-07	-3.556675
5.26463	24.6142	1.61203e-07	-3.557861
5.26975	24.6359	1.60981e-07	-3.559045
5.27487	24.6576	1.60758e-07	-3.560229
5.27999	24.6792	1.60537e-07	-3.561411
5.28511	24.7009	1.60315e-07	-3.562593
5.29023	24.7226	1.60093e-07	-3.563775
5.29535	24.7442	1.59871e-07	-3.564955
5.30047	24.7659	1.59649e-07	-3.566135
5.30559	24.7875	1.59428e-07	-3.567314
5.31071	24.8092	1.59206e-07	-3.568493
5.31583	24.8309	1.58984e-07	-3.56967
5.32095	24.8525	1.58763e-07	-3.570847
5.32607	24.8742	1.5854e-07	-3.572023
5.33119	24.8958	1.58319e-07	-3.573199
5.33631	24.9175	1.58096e-07	-3.574373
5.34143	24.9391	1.57875e-07	-3.575547
5.34655	24.9608	1.57653e-07	-3.57672
5.35167	24.9824	1.57431e-07	-3.577893
5.35679	25.0041	1.5721e-07	-3.579064
5.36191	25.0257	1.56988e-07	-3.580235
5.36703	25.0474	1.56766e-07	-3.581405
5.37215	25.069	1.56545e-07	-3.582575
5.37727	25.0907	1.56323e-07	-3.583744
5.38239	25.1123	1.56102e-07	-3.584912
5.38751	25.134	1.5588e-07	-3.586079
5.39263	25.1556	1.55658e-07	-3.587246
5.39775	25.1773	1.55437e-07	-3.588412
5.40287	25.1989	1.55216e-07	-3.589577
5.40799	25.2206	1.54994e-07	-3.590741
5.41311	25.2422	1.54773e-07	-3.591905
5.41823	25.2639	1.54551e-07	-3.593068
5.42335	25.2855	1.5433e-07	-3.59423
5.42847	25.3071	1.54109e-07	-3.595392
5.43359	25.3288	1.53887e-07	-3.596553
5.43871	25.3504	1.53666e-07	-3.597713
5.44383	25.3721	1.53445e-07	-3.598872
5.44895	25.3937	1.53224e-07	-3.600031
5.45407	25.4153	1.53003e-07	-3.601189
5.45919	25.437	1.52782e-07	-3.602346
5.46431	25.4586	1.52561e-07	-3.603502
5.46943	25.4802	1.52341e-07	-3.604658
5.47455	25.5019	1.5212e-07	-3.605813
5.47967	25.5235	1.51899e-07	-3.606968
5.48479	25.5451	1.51678e-07	-3.608122
5.48991	25.5668	1.51457e-07	-3.609275
5.49503	25.5884	1.51237e-07	-3.610427
5.50015	25.61	1.51017e-07	-3.611578
5.50527	25.6317	1.50796e-07	-3.612729
5.51039	25.6533	1.50576e-07	-3.613879
5.51551	25.6749	1.50356e-07	-3.615029
5.52063	25.6966	1.50136e-07	-3.616178
5.52575	25.7182	1.49916e-07	-3.617326
5.53087	25.7398	1.49696e-07	-3.618473
5.53599	25.7614	1.49476e-07	-3.61962
5.54111	25.7831	1.49256e-07	-3.620766
5.54623	25.8047	1.49036e-07	-3.621911
5.55135	25.8263	1.48816e-07	-3.623056
5.55647	25.8479	1.48597e-07	-3.6242
5.56159	25.8696	1.48377e-07	-3.625343
5.56671	25.8912	1.48159e-07	-3.626485
5.57183	25.9128	1.47939e-07	-3.627627
5.57695	25.9344	1.4772e-07	-3.628769
5.58207	25.9561	1.47501e-07	-3.629909
5.58719	25.9777	1.47282e-07	-3.631049
5.59231	25.9993	1.47063e-07	-3.632188
5.59743	26.0209	1.46844e-07	-3.633326
5.60255	26.0425	1.46626e-07	-3.634464
5.60767	26.0641	1.46407e-07	-3.635601
5.61279	26.0858	1.46188e-07	-3.636738
5.61791	26.1074	1.46032e-07	-3.637873
5.62815	26.1506	1.45747e-07	-3.640143
5.63839	26.1938	1.45463e-07	-3.642409
5.64863	26.2371	1.45177e-07	-3.644673
5.65887	26.2803	1.44891e-07	-3.646934
5.66911	26.3235	1.44604e-07	-3.649193
5.67935	26.3667	1.44316e-07	-3.651449
5.68959	26.4099	1.44029e-07	-3.653702
5.69471	26.4315	1.43884e-07	-3.654828
5.69983	26.4531	1.4374e-07	-3.655953
5.70495	26.4747	1.43595e-07	-3.657077
5.71007	26.4963	1.4345e-07	-3.658201
5.71519	26.5179	1.43306e-07	-3.659324
5.72031	26.5396	1.4316e-07	-3.660446
5.72543	26.5612	1.43016e-07	-3.661567
5.73055	26.5828	1.4287e-07	-3.662688
5.73567	26.6044	1.42725e-07	-3.663809
5.74079	26.626	1.4258e-07	-3.664928
5.74591	26.6476	1.42434e-07	-3.666047
5.75103	26.6692	1.42288e-07	-3.667166
5.75615	26.6907	1.42143e-07	-3.668284
5.76127	26.7123	1.41997e-07	-3.669401
5.76639	26.7339	1.41851e-07	-3.670517
5.77151	26.7555	1.41705e-07	-3.671633
5.77663	26.7771	1.41558e-07	-3.672748
5.78175	26.7987	1.41412e-07	-3.673862
5.78687	26.8203	1.41266e-07	-3.674976
5.79199	26.8419	1.41119e-07	-3.676089
5.79711	26.8635	1.40972e-07	-3.677202
5.80223	26.8851	1.40825e-07	-3.678314
5.80735	26.9067	1.40678e-07	-3.679425
5.81247	26.9283	1.40531e-07	-3.680535
5.81759	26.9499	1.40384e-07	-3.681645
5.82271	26.9715	1.40237e-07	-3.682755
5.82783	26.993	1.4009e-07	-3.683863
5.83295	27.0146	1.39942e-07	-3.684971
5.83807	27.0362	1.39794e-07	-3.686079
5.84319	27.0578	1.39647e-07	-3.687185
5.84831	27.0794	1.39499e-07	-3.688292
5.85343	27.101	1.39351e-07	-3.689397
5.85855	27.1226	1.39203e-07	-3.690502
5.86367	27.1441	1.39055e-07	-3.691606
5.86879	27.1657	1.38907e-07	-3.692709
5.87391	27.1873	1.38758e-07	-3.693812
5.87903	27.2089	1.3861e-07	-3.694915
5.88415	27.2305	1.38462e-07	-3.696016
5.88927	27.2521	1.38313e-07	-3.697117
5.89439	27.2736	1.38165e-07	-3.698218
5.89951	27.2952	1.38016e-07	-3.699317
5.90463	27.3168	1.37867e-07	-3.700417
5.90975	27.3384	1.37719e-07	-3.701515
5.91487	27.36	1.3757e-07	-3.702613
5.91999	27.3815	1.37421e-07	-3.70371
5.92511	27.4031	1.37272e-07	-3.704807
5.93023	27.4247	1.37123e-07	-3.705903
5.93535	27.4463	1.36973e-07	-3.706998
5.94047	27.4678	1.36825e-07	-3.708093
5.94559	27.4894	1.36675e-07	-3.709187
5.95071	27.511	1.36526e-07	-3.710281
5.95583	27.5326	1.36377e-07	-3.711374
5.96095	27.5541	1.36227e-07	-3.712466
5.96607	27.5757	1.36078e-07	-3.713558
5.97119	27.5973	1.35928e-07	-3.714649
5.97631	27.6188	1.35778e-07	-3.715739
5.98143	27.6404	1.35629e-07	-3.716829
5.98655	27.662	1.35479e-07	-3.717918
5.99167	27.6836	1.35329e-07	-3.719007
5.99679	27.7051	1.35179e-07	-3.720095
6.00191	27.7267	1.35029e-07	-3.721182
6.00703	27.7483	1.34879e-07	-3.722269
6.01215	27.7698	1.34729e-07	-3.723355
6.01727	27.7914	1.34579e-07	-3.724441
6.02239	27.8129	1.34429e-07	-3.725525
6.02751	27.8345	1.34278e-07	-3.72661
6.03263	27.8561	1.34128e-07	-3.727694
6.03775	27.8776	1.33978e-07	-3.728777
6.04287	27.8992	1.33827e-07	-3.729859
6.04799	27.9208	1.33677e-07	-3.730941
6.05311	27.9423	1.33527e-07	-3.732022
6.05823	27.9639	1.33376e-07	-3.733103
6.06335	27.9854	1.33226e-07	-3.734183
6.06847	28.007	1.33075e-07	-3.735263
6.07359	28.0286	1.32925e-07	-3.736342
6.07871	28.0501	1.32774e-07	-3.73742
6.08383	28.0717	1.32623e-07	-3.738498
6.08895	28.0932	1.32473e-07	-3.739575
6.09407	28.1148	1.32322e-07	-3.740651
6.09919	28.1364	1.32171e-07	-3.741727
6.10431	28.1579	1.3202e-07	-3.742802
6.10943	28.1795	1.3187e-07	-3.743877
6.11455	28.201	1.31719e-07	-3.744951
6.11967	28.2226	1.31568e-07	-3.746025
6.12479	28.2441	1.31417e-07	-3.747098
6.12991	28.2657	1.31266e-07	-3.74817
6.13503	28.2872	1.31115e-07	-3.749242
6.14015	28.3088	1.30964e-07	-3.750313
6.14527	28.3303	1.30813e-07	-3.751384
6.15039	28.3519	1.30662e-07	-3.752454
6.15551	28.3734	1.30511e-07	-3.753523
6.16063	28.395	1.3036e-07	-3.754592
6.16575	28.4165	1.30209e-07	-3.75566
6.17087	28.4381	1.30058e-07	-3.756728
6.17599	28.4596	1.29907e-07	-3.757795
6.18111	28.4812	1.29756e-07	-3.758861
6.18623	28.5027	1.29604e-07	-3.759927
6.19135	28.5243	1.29453e-07	-3.760992
6.19647	28.5458	1.29303e-07	-3.762057
6.20159	28.5673	1.29152e-07	-3.763121
6.20671	28.5889	1.29e-07	-3.764185
6.21183	28.6104	1.28849e-07	-3.765248
6.21695	28.632	1.28698e-07	-3.76631
6.22207	28.6535	1.28547e-07	-3.767372
6.22719	28.6751	1.28396e-07	-3.768434
6.23231	28.6966	1.28245e-07	-3.769494
6.23743	28.7181	1.28093e-07	-3.770554
6.24255	28.7397	1.27942e-07	-3.771614
6.24767	28.7612	1.27791e-07	-3.772673
6.25279	28.7828	1.27639e-07	-3.773731
6.25791	28.8043	1.27489e-07	-3.774789
6.26303	28.8258	1.27337e-07	-3.775846
6.26815	28.8474	1.27186e-07	-3.776903
6.27327	28.8689	1.27035e-07	-3.777959
6.27839	28.8904	1.26884e-07	-3.779015
6.28351	28.912	1.26733e-07	-3.78007
6.28863	28.9335	1.26582e-07	-3.781124
6.29375	28.955	1.26431e-07	-3.782178
6.29887	28.9766	1.2628e-07	-3.783231
6.30399	28.9981	1.26129e-07	-3.784284
6.30911	29.0196	1.25977e-07	-3.785336
6.31423	29.0412	1.25827e-07	-3.786388
6.31935	29.0627	1.25676e-07	-3.787439
6.32447	29.0842	1.25524e-07	-3.788489
6.32959	29.1058	1.25373e-07	-3.789539
6.33471	29.1273	1.25222e-07	-3.790588
6.33983	29.1488	1.25071e-07	-3.791637
6.34495	29.1703	1.24921e-07	-3.792685
6.35007	29.1919	1.2477e-07	-3.793733
6.35519	29.2134	1.24619e-07	-3.79478
6.36031	29.2349	1.24468e-07	-3.795827
6.36543	29.2565	1.24317e-07	-3.796873
6.37055	29.278	1.24166e-07	-3.797918
6.37567	29.2995	1.24016e-07	-3.798963
6.38079	29.321	1.23865e-07	-3.800007
6.38591	29.3426	1.23714e-07	-3.801051
6.39103	29.3641	1.23563e-07	-3.802094
6.39615	29.3856	1.23412e-07	-3.803137
6.40127	29.4071	1.23262e-07	-3.804179
6.40639	29.4286	1.23111e-07	-3.805221
6.41151	29.4502	1.2296e-07	-3.806262
6.41663	29.4717	1.2281e-07	-3.807302
6.42175	29.4932	1.22659e-07	-3.808342
6.42687	29.5147	1.22509e-07	-3.809382
6.43199	29.5362	1.22358e-07	-3.81042
6.43711	29.5578	1.22208e-07	-3.811459
6.44223	29.5793	1.22057e-07	-3.812496
6.44735	29.6008	1.21907e-07	-3.813534
6.45247	29.6223	1.21757e-07	-3.81457
6.45759	29.6438	1.21606e-07	-3.815606
6.46271	29.6653	1.21456e-07	-3.816642
6.46783	29.6869	1.21306e-07	-3.817677
6.47295	29.7084	1.21156e-07	-3.818711
6.47807	29.7299	1.21006e-07	-3.819745
6.48319	29.7514	1.20856e-07	-3.820779
6.48831	29.7729	1.20706e-07	-3.821811
6.49343	29.7944	1.20556e-07	-3.822844
6.49855	29.8159	1.20406e-07	-3.823876
6.50367	29.8374	1.20256e-07	-3.824907
6.50879	29.859	1.20106e-07	-3.825938
6.51391	29.8805	1.19957e-07	-3.826968
6.51903	29.902	1.19807e-07	-3.827997
6.52415	29.9235	1.19657e-07	-3.829026
6.52927	29.945	1.19507e-07	-3.830055
6.53439	29.9665	1.19358e-07	-3.831083
6.53951	29.988	1.19208e-07	-3.832111
6.54463	30.0095	1.19059e-07	-3.833137
6.54975	30.031	1.18909e-07	-3.834164
6.55487	30.0525	1.1876e-07	-3.83519
6.55999	30.074	1.18611e-07	-3.836215
6.56511	30.0955	1.18461e-07	-3.83724
6.57023	30.117	1.18312e-07	-3.838264
6.57535	30.1385	1.18163e-07	-3.839288
6.58047	30.1601	1.18013e-07	-3.840311
6.58559	30.1816	1.17864e-07	-3.841334
6.59071	30.2031	1.17716e-07	-3.842356
6.59583	30.2246	1.17567e-07	-3.843378
6.60095	30.2461	1.17418e-07	-3.844399
6.60607	30.2676	1.17269e-07	-3.84542
6.61119	30.2891	1.1712e-07	-3.84644
6.61631	30.3106	1.16972e-07	-3.847459
6.62143	30.3321	1.16823e-07	-3.848479
6.62655	30.3536	1.16675e-07	-3.849497
6.63167	30.3751	1.16526e-07	-3.850515
6.63679	30.3966	1.16378e-07	-3.851533
6.64191	30.4181	1.1623e-07	-3.85255
6.64703	30.4395	1.16081e-07	-3.853566
6.65215	30.461	1.15933e-07	-3.854582
6.65727	30.4825	1.15785e-07	-3.855597
6.66239	30.504	1.15636e-07	-3.856612
6.66751	30.5255	1.15489e-07	-3.857627
6.67263	30.547	1.15341e-07	-3.858641
6.67775	30.5685	1.15193e-07	-3.859654
6.68287	30.59	1.15046e-07	-3.860667
6.68799	30.6115	1.14897e-07	-3.861679
6.69311	30.633	1.1475e-07	-3.862691
6.69823	30.6545	1.14602e-07	-3.863702
6.70335	30.676	1.14455e-07	-3.864713
6.70847	30.6975	1.14307e-07	-3.865723
6.71359	30.719	1.1416e-07	-3.866733
6.71871	30.7404	1.14013e-07	-3.867742
6.72383	30.7619	1.13866e-07	-3.868751
6.72895	30.7834	1.13719e-07	-3.869759
6.73407	30.8049	1.13572e-07	-3.870767
6.73919	30.8264	1.13425e-07	-3.871774
6.74431	30.8479	1.13278e-07	-3.872781
6.74943	30.8694	1.13131e-07	-3.873787
6.75455	30.8909	1.12985e-07	-3.874793
6.75967	30.9123	1.12838e-07	-3.875798
6.76479	30.9338	1.12691e-07	-3.876803
6.76991	30.9553	1.12545e-07	-3.877807
6.77503	30.9768	1.12398e-07	-3.878811
6.78015	30.9983	1.12252e-07	-3.879814
6.78527	31.0198	1.12106e-07	-3.880817
6.79039	31.0412	1.1196e-07	-3.881819
6.79551	31.0627	1.11814e-07	-3.882821
6.80063	31.0842	1.11668e-07	-3.883822
6.80575	31.1057	1.11522e-07	-3.884822
6.81087	31.1272	1.11377e-07	-3.885823
6.81599	31.1486	1.11231e-07	-3.886822
6.82111	31.1701	1.11086e-07	-3.887822
6.82623	31.1916	1.1094e-07	-3.88882
6.83135	31.2131	1.10794e-07	-3.889819
6.83647	31.2346	1.10649e-07	-3.890816
6.84159	31.256	1.10504e-07	-3.891813
6.84671	31.2775	1.10358e-07	-3.89281
6.85183	31.299	1.10214e-07	-3.893806
6.85695	31.3205	1.10069e-07	-3.894802
6.86207	31.3419	1.09924e-07	-3.895797
6.86719	31.3634	1.09779e-07	-3.896792
6.87231	31.3849	1.09634e-07	-3.897786
6.87743	31.4064	1.0949e-07	-3.89878
6.88255	31.4278	1.09345e-07	-3.899773
6.88767	31.4493	1.09202e-07	-3.900766
6.89279	31.4708	1.09057e-07	-3.901758
6.89791	31.4923	1.08913e-07	-3.90275
6.90303	31.5137	1.08769e-07	-3.903742
6.90815	31.5352	1.08624e-07	-3.904732
6.91327	31.5567	1.08481e-07	-3.905723
6.91839	31.5781	1.08337e-07	-3.906713
6.92351	31.5996	1.08194e-07	-3.907702
6.93375	31.6425	1.08001e-07	-3.909679
6.94399	31.6855	1.07818e-07	-3.911655
6.95423	31.7284	1.07635e-07	-3.913628
6.96447	31.7713	1.07452e-07	-3.915599
6.97471	31.8143	1.07269e-07	-3.917569
6.98495	31.8572	1.07085e-07	-3.919537
6.99519	31.9001	1.06901e-07	-3.921502
7.00543	31.943	1.06717e-07	-3.923466
7.01567	31.986	1.06532e-07	-3.925428
7.02591	32.0289	1.06348e-07	-3.927388
7.03615	32.0718	1.06163e-07	-3.929346
7.04639	32.1147	1.05978e-07	-3.931303
7.05663	32.1576	1.05792e-07	-3.933257
7.06687	32.2005	1.05607e-07	-3.935209
7.07711	32.2435	1.05421e-07	-3.93716
7.08735	32.2864	1.05235e-07	-3.939109
7.09759	32.3293	1.05049e-07	-3.941056
7.10783	32.3722	1.04863e-07	-3.943001
7.11807	32.4151	1.04676e-07	-3.944944
7.12831	32.458	1.0449e-07	-3.946885
7.13855	32.5009	1.04303e-07	-3.948824
7.14879	32.5438	1.04116e-07	-3.950762
7.15903	32.5867	1.03929e-07	-3.952698
7.16927	32.6296	1.03741e-07	-3.954632
7.17951	32.6725	1.03554e-07	-3.956564
7.18975	32.7154	1.03366e-07	-3.958494
7.19999	32.7582	1.03179e-07	-3.960422
7.21023	32.8011	1.02991e-07	-3.962349
7.22047	32.844	1.02803e-07	-3.964273
7.23071	32.8869	1.02614e-07	-3.966196
7.24095	32.9298	1.02427e-07	-3.968117
7.25119	32.9727	1.02238e-07	-3.970037
7.26143	33.0155	1.0205e-07	-3.971954
7.27167	33.0584	1.01861e-07	-3.97387
7.28191	33.1013	1.01672e-07	-3.975784
7.29215	33.1442	1.01483e-07	-3.977696
7.30239	33.187	1.01294e-07	-3.979607
7.31263	33.2299	1.01105e-07	-3.981515
7.32287	33.2728	1.00916e-07	-3.983422
7.33311	33.3156	1.00727e-07	-3.985327
7.34335	33.3585	1.00538e-07	-3.98723
7.35359	33.4014	1.00349e-07	-3.989132
7.36383	33.4442	1.00159e-07	-3.991031
7.37407	33.4871	9.99698e-08	-3.992929
7.38431	33.5299	9.97798e-08	-3.994826
7.39455	33.5728	9.95907e-08	-3.99672
7.40479	33.6156	9.94006e-08	-3.998613
7.41503	33.6585	9.92108e-08	-4.000504
7.42527	33.7013	9.90213e-08	-4.002393
7.43551	33.7442	9.88314e-08	-4.004281
7.44575	33.787	9.86419e-08	-4.006166
7.45599	33.8299	9.8452e-08	-4.00805
7.46623	33.8727	9.82618e-08	-4.009933
7.47647	33.9156	9.80719e-08	-4.011813
7.48671	33.9584	9.78822e-08	-4.013692
7.49695	34.0012	9.76923e-08	-4.015569
7.50719	34.0441	9.7502e-08	-4.017445
7.51743	34.0869	9.7312e-08	-4.019319
7.52767	34.1297	9.71223e-08	-4.021191
7.53791	34.1726	9.69324e-08	-4.023061
7.54815	34.2154	9.67421e-08	-4.02493
7.55839	34.2582	9.65522e-08	-4.026797
7.56863	34.301	9.63619e-08	-4.028662
7.57887	34.3439	9.6172e-08	-4.030526
7.58911	34.3867	9.59823e-08	-4.032388
7.59935	34.4295	9.57924e-08	-4.034248
7.60959	34.4723	9.56022e-08	-4.036107
7.61983	34.5151	9.54124e-08	-4.037964
7.63007	34.558	9.52222e-08	-4.039819
7.64031	34.6008	9.50324e-08	-4.041673
7.65055	34.6436	9.48429e-08	-4.043525
7.65567	34.665	9.47477e-08	-4.04445
7.66591	34.7078	9.45581e-08	-4.046299
7.67103	34.7292	9.44631e-08	-4.047224
7.67615	34.7506	9.43682e-08	-4.048147
7.68127	34.772	9.42734e-08	-4.049071
7.68639	34.7934	9.41786e-08	-4.049994
7.69151	34.8148	9.4084e-08	-4.050916
7.69663	34.8362	9.39889e-08	-4.051838
7.70175	34.8576	9.38943e-08	-4.05276
7.70687	34.879	9.37994e-08	-4.053681
7.71199	34.9004	9.37046e-08	-4.054602
7.71711	34.9218	9.36098e-08	-4.055522
7.72223	34.9432	9.3515e-08	-4.056442
7.72735	34.9646	9.34204e-08	-4.057362
7.73247	34.986	9.33258e-08	-4.058281
7.73759	35.0074	9.32312e-08	-4.0592
7.74271	35.0288	9.31363e-08	-4.060118
7.74783	35.0502	9.30419e-08	-4.061037
7.75295	35.0716	9.29471e-08	-4.061954
7.75807	35.093	9.28524e-08	-4.062871
7.76319	35.1144	9.27579e-08	-4.063788
7.76831	35.1358	9.26633e-08	-4.064705
7.77343	35.1572	9.25688e-08	-4.06562
7.77855	35.1786	9.24743e-08	-4.066536
7.78367	35.2	9.23796e-08	-4.067451
7.78879	35.2214	9.22853e-08	-4.068366
7.79391	35.2428	9.21906e-08	-4.06928
7.79903	35.2642	9.20961e-08	-4.070194
7.80415	35.2856	9.20016e-08	-4.071108
7.80927	35.307	9.19072e-08	-4.072021
7.81439	35.3284	9.18128e-08	-4.072934
7.81951	35.3497	9.17185e-08	-4.073846
7.82463	35.3711	9.16242e-08	-4.074758
7.82975	35.3925	9.15298e-08	-4.07567
7.83487	35.4139	9.14356e-08	-4.076581
7.83999	35.4353	9.13412e-08	-4.077492
7.84511	35.4567	9.12469e-08	-4.078402
7.85023	35.4781	9.11526e-08	-4.079312
7.85535	35.4995	9.10583e-08	-4.080222
7.86047	35.5209	9.09642e-08	-4.081131
7.86559	35.5423	9.08701e-08	-4.08204
7.87071	35.5636	9.07758e-08	-4.082948
7.87583	35.585	9.06818e-08	-4.083856
7.88095	35.6064	9.05876e-08	-4.084764
7.88607	35.6278	9.04937e-08	-4.085671
7.89119	35.6492	9.03996e-08	-4.086578
7.89631	35.6706	9.03056e-08	-4.087485
7.90143	35.692	9.02116e-08	-4.088391
7.90655	35.7134	9.01176e-08	-4.089296
7.91167	35.7347	9.00236e-08	-4.090202
7.91679	35.7561	8.99297e-08	-4.091107
7.92191	35.7775	8.9836e-08	-4.092011
7.92703	35.7989	8.9742e-08	-4.092915
7.93215	35.8203	8.96481e-08	-4.093819
7.93727	35.8417	8.95543e-08	-4.094722
7.94239	35.863	8.94608e-08	-4.095625
7.94751	35.8844	8.93671e-08	-4.096528
7.95263	35.9058	8.92731e-08	-4.09743
7.95775	35.9272	8.91795e-08	-4.098331
7.96287	35.9486	8.9086e-08	-4.099233
7.96799	35.97	8.89923e-08	-4.100134
7.97311	35.9913	8.88989e-08	-4.101034
7.97823	36.0127	8.88052e-08	-4.101935
7.98335	36.0341	8.87117e-08	-4.102835
7.98847	36.0555	8.86182e-08	-4.103734
7.99359	36.0769	8.85248e-08	-4.104633
7.99871	36.0982	8.84314e-08	-4.105532
8.00383	36.1196	8.83381e-08	-4.10643
8.00895	36.141	8.82448e-08	-4.107328
8.01407	36.1624	8.81514e-08	-4.108225
8.01919	36.1837	8.80583e-08	-4.109123
8.02431	36.2051	8.7965e-08	-4.110019
8.02943	36.2265	8.78717e-08	-4.110916
8.03455	36.2479	8.77786e-08	-4.111812
8.03967	36.2692	8.76854e-08	-4.112707
8.04479	36.2906	8.75924e-08	-4.113603
8.04991	36.312	8.74993e-08	-4.114497
8.05503	36.3334	8.74064e-08	-4.115392
8.06015	36.3547	8.73134e-08	-4.116286
8.06527	36.3761	8.72204e-08	-4.11718
8.07039	36.3975	8.71275e-08	-4.118073
8.07551	36.4189	8.70347e-08	-4.118966
8.08063	36.4402	8.69419e-08	-4.119859
8.08575	36.4616	8.68491e-08	-4.120751
8.09087	36.483	8.67563e-08	-4.121643
8.09599	36.5044	8.66637e-08	-4.122534
8.10111	36.5257	8.6571e-08	-4.123425
8.10623	36.5471	8.64784e-08	-4.124316
8.11135	36.5685	8.63858e-08	-4.125206
8.11647	36.5898	8.62932e-08	-4.126096
8.12159	36.6112	8.62008e-08	-4.126986
8.12671	36.6326	8.61083e-08	-4.127875
8.13183	36.6539	8.60158e-08	-4.128764
8.13695	36.6753	8.59234e-08	-4.129652
8.14207	36.6967	8.58312e-08	-4.13054
8.14719	36.718	8.57388e-08	-4.131428
8.15231	36.7394	8.56467e-08	-4.132315
8.15743	36.7608	8.55544e-08	-4.133202
8.16255	36.7821	8.54622e-08	-4.134089
8.16767	36.8035	8.53702e-08	-4.134975
8.17279	36.8249	8.52781e-08	-4.135861
8.17791	36.8462	8.5186e-08	-4.136746
8.18303	36.8676	8.5094e-08	-4.137632
8.18815	36.889	8.50021e-08	-4.138516
8.19327	36.9103	8.49101e-08	-4.139401
8.19839	36.9317	8.48183e-08	-4.140284
8.20351	36.9531	8.47266e-08	-4.141168
8.20863	36.9744	8.46348e-08	-4.142051
8.21375	36.9958	8.45431e-08	-4.142934
8.21887	37.0172	8.44514e-08	-4.143817
8.22399	37.0385	8.43597e-08	-4.144699
8.22911	37.0599	8.42681e-08	-4.145581
8.23423	37.0812	8.41766e-08	-4.146462
9.54590125	42.5426	6.78534e-08	-4.361129
9.55519	42.5812	6.77718e-08	-4.362577
9.56543	42.6237	6.76818e-08	-4.364171
9.57567	42.6663	6.75915e-08	-4.365764
9.58591	42.7088	6.75014e-08	-4.367356
9.59615	42.7514	6.74112e-08	-4.368947
9.61151	42.8152	6.72757e-08	-4.371331
9.62175	42.8578	6.71852e-08	-4.372919
9.63199	42.9003	6.70948e-08	-4.374506
9.64735	42.9641	6.6959e-08	-4.376884
9.65759	43.0067	6.68683e-08	-4.378468
9.66783	43.0492	6.67777e-08	-4.380051
9.68319	43.113	6.66416e-08	-4.382424
9.69343	43.1556	6.65508e-08	-4.384004
9.70367	43.1981	6.646e-08	-4.385583
9.71903	43.2619	6.63237e-08	-4.387949
9.72927	43.3045	6.62327e-08	-4.389525
9.73951	43.347	6.61417e-08	-4.3911
9.75487	43.4108	6.60051e-08	-4.393461
9.76511	43.4533	6.5914e-08	-4.395033
9.77535	43.4959	6.58229e-08	-4.396604
9.79071	43.5597	6.56861e-08	-4.398959
9.80095	43.6022	6.55948e-08	-4.400527
9.81119	43.6447	6.55036e-08	-4.402094
9.82655	43.7085	6.53665e-08	-4.404443
9.83679	43.751	6.52752e-08	-4.406008
9.84703	43.7935	6.51838e-08	-4.407571
9.86239	43.8573	6.50466e-08	-4.409914
9.87263	43.8998	6.49551e-08	-4.411475
9.88287	43.9424	6.48637e-08	-4.413035
9.89823	44.0061	6.47264e-08	-4.415372
9.90847	44.0487	6.46348e-08	-4.416929
9.91871	44.0912	6.45432e-08	-4.418485
9.93407	44.1549	6.44058e-08	-4.420816
9.94431	44.1975	6.43142e-08	-4.422369
9.95455	44.24	6.42225e-08	-4.423921
9.96991	44.3037	6.40849e-08	-4.426247
9.98015	44.3462	6.39932e-08	-4.427797
9.99039	44.3888	6.39016e-08	-4.429345
10.00575	44.4525	6.37639e-08	-4.431665
10.01599	44.495	6.36722e-08	-4.433211
10.02623	44.5375	6.35804e-08	-4.434755
10.04159	44.6013	6.34427e-08	-4.43707
10.05183	44.6438	6.33509e-08	-4.438612
10.06207	44.6863	6.32591e-08	-4.440153
10.07743	44.75	6.31214e-08	-4.442462
10.08767	44.7925	6.30296e-08	-4.444
10.09791	44.835	6.29377e-08	-4.445537
10.11327	44.8988	6.28e-08	-4.447841
10.12351	44.9413	6.27082e-08	-4.449375
10.13375	44.9838	6.26164e-08	-4.450909
10.14911	45.0475	6.24786e-08	-4.453207
10.15935	45.09	6.23867e-08	-4.454738
10.16959	45.1325	6.22949e-08	-4.456268
10.18495	45.1962	6.21572e-08	-4.45856
10.19519	45.2387	6.20653e-08	-4.460087
10.20543	45.2812	6.19735e-08	-4.461614
10.22079	45.3449	6.18358e-08	-4.463901
10.23103	45.3874	6.1744e-08	-4.465424
10.24127	45.4299	6.16522e-08	-4.466947
10.25663	45.4936	6.15146e-08	-4.469229
10.26687	45.5361	6.14228e-08	-4.470749
10.27711	45.5786	6.13311e-08	-4.472268
10.29247	45.6423	6.11934e-08	-4.474544
10.30271	45.6848	6.11017e-08	-4.47606
10.31295	45.7272	6.101e-08	-4.477576
10.32831	45.7909	6.08725e-08	-4.479847
10.33855	45.8334	6.07808e-08	-4.48136
10.34879	45.8759	6.06892e-08	-4.482871
10.36415	45.9396	6.05518e-08	-4.485137
10.37439	45.9821	6.04602e-08	-4.486646
10.38463	46.0245	6.03686e-08	-4.488155
10.39999	46.0882	6.02313e-08	-4.490415
10.41023	46.1307	6.01398e-08	-4.491921
10.42047	46.1732	6.00483e-08	-4.493426
10.43583	46.2369	5.99112e-08	-4.495681
10.44607	46.2793	5.98197e-08	-4.497183
10.45631	46.3218	5.97283e-08	-4.498685
10.46655	46.3642	5.96369e-08	-4.500185
10.47679	46.4067	5.95456e-08	-4.501684
10.48703	46.4492	5.94543e-08	-4.503182
10.49727	46.4916	5.9363e-08	-4.50468
10.50751	46.5341	5.92717e-08	-4.506176
10.51775	46.5765	5.91806e-08	-4.507671
10.52799	46.619	5.90894e-08	-4.509166
10.53823	46.6614	5.89982e-08	-4.510659
10.54847	46.7039	5.89071e-08	-4.512151
10.55871	46.7463	5.88161e-08	-4.513643
10.56895	46.7888	5.8725e-08	-4.515133
10.57919	46.8312	5.8634e-08	-4.516623
10.58943	46.8737	5.8543e-08	-4.518111
10.59967	46.9161	5.84521e-08	-4.519598
10.60991	46.9586	5.83612e-08	-4.521085
10.62015	47.001	5.82704e-08	-4.52257
10.63039	47.0435	5.81796e-08	-4.524055
10.64063	47.0859	5.80888e-08	-4.525539
10.65087	47.1284	5.79981e-08	-4.527021
10.66111	47.1708	5.79074e-08	-4.528503
10.67135	47.2132	5.78168e-08	-4.529984
10.68159	47.2557	5.77262e-08	-4.531463
10.69183	47.2981	5.76356e-08	-4.532942
10.70207	47.3406	5.75452e-08	-4.53442
10.71231	47.383	5.74547e-08	-4.535897
10.72255	47.4254	5.73643e-08	-4.537373
10.73279	47.4679	5.72739e-08	-4.538848
10.74303	47.5103	5.71836e-08	-4.540322
10.75327	47.5527	5.70934e-08	-4.541795
10.76351	47.5952	5.70031e-08	-4.543267
10.77375	47.6376	5.6913e-08	-4.544738
10.78399	47.68	5.68229e-08	-4.546208
10.79423	47.7224	5.67329e-08	-4.547678
10.80447	47.7649	5.66429e-08	-4.549146
10.81471	47.8073	5.65529e-08	-4.550613
10.82495	47.8497	5.6463e-08	-4.55208
10.83519	47.8922	5.63732e-08	-4.553545
10.84543	47.9346	5.62834e-08	-4.55501
10.85567	47.977	5.61937e-08	-4.556473
10.86591	48.0194	5.61329e-08	-4.557936
10.87615	48.0618	5.60752e-08	-4.559398
10.88639	48.1043	5.60172e-08	-4.560859
10.89663	48.1467	5.59593e-08	-4.562319
10.90687	48.1891	5.59013e-08	-4.563777
10.91711	48.2315	5.58433e-08	-4.565236
10.92735	48.2739	5.57851e-08	-4.566693
10.93759	48.3164	5.57268e-08	-4.568149
10.94783	48.3588	5.56686e-08	-4.569604
10.95807	48.4012	5.56103e-08	-4.571059
10.96831	48.4436	5.55519e-08	-4.572512
10.97855	48.486	5.54935e-08	-4.573964
10.98879	48.5284	5.54349e-08	-4.575416
10.99903	48.5708	5.53763e-08	-4.576867
11.00927	48.6132	5.53177e-08	-4.578316
11.01951	48.6557	5.52591e-08	-4.579765
11.02975	48.6981	5.52003e-08	-4.581213
11.03999	48.7405	5.51415e-08	-4.58266
11.05023	48.7829	5.50826e-08	-4.584106
11.06047	48.8253	5.50236e-08	-4.585551
11.07071	48.8677	5.49646e-08	-4.586996
11.08095	48.9101	5.49057e-08	-4.588439
11.09119	48.9525	5.48465e-08	-4.589881
11.10143	48.9949	5.47875e-08	-4.591323
11.11167	49.0373	5.47282e-08	-4.592764
11.12191	49.0797	5.4669e-08	-4.594203
11.13215	49.1221	5.46097e-08	-4.595642
11.14239	49.1645	5.45504e-08	-4.59708
11.15263	49.2069	5.4491e-08	-4.598517
11.16287	49.2493	5.44316e-08	-4.599954
11.17311	49.2917	5.43721e-08	-4.601389
11.18335	49.3341	5.43126e-08	-4.602823
11.19359	49.3765	5.4253e-08	-4.604257
11.20383	49.4189	5.41934e-08	-4.605689
11.21407	49.4613	5.41337e-08	-4.607121
11.22431	49.5036	5.4074e-08	-4.608552
11.23455	49.546	5.40142e-08	-4.609982
11.24479	49.5884	5.39544e-08	-4.611411
11.25503	49.6308	5.38946e-08	-4.612839
11.26527	49.6732	5.38347e-08	-4.614266
11.27551	49.7156	5.37748e-08	-4.615693
11.28575	49.758	5.37149e-08	-4.617118
11.29599	49.8004	5.36549e-08	-4.618543
11.30623	49.8427	5.35948e-08	-4.619967
11.31647	49.8851	5.35347e-08	-4.62139
11.32671	49.9275	5.34746e-08	-4.622812
11.33695	49.9699	5.34144e-08	-4.624233
11.34719	50.0123	5.33543e-08	-4.625653
11.35743	50.0546	5.32941e-08	-4.627073
11.36767	50.097	5.32338e-08	-4.628491
11.37791	50.1394	5.31735e-08	-4.629909
11.38815	50.1818	5.31132e-08	-4.631326
11.39839	50.2242	5.30528e-08	-4.632742
11.40863	50.2665	5.29925e-08	-4.634157
11.41887	50.3089	5.2932e-08	-4.635571
11.42911	50.3513	5.28716e-08	-4.636984
11.43935	50.3936	5.28111e-08	-4.638397
11.44959	50.436	5.27506e-08	-4.639809
11.45983	50.4784	5.26901e-08	-4.641219
11.47007	50.5208	5.26295e-08	-4.642629
11.48031	50.5631	5.25689e-08	-4.644038
11.49055	50.6055	5.25083e-08	-4.645447
11.50079	50.6479	5.24476e-08	-4.646854
11.51103	50.6902	5.2387e-08	-4.648261
11.52127	50.7326	5.23262e-08	-4.649666
11.53151	50.775	5.22656e-08	-4.651071
11.54175	50.8173	5.22048e-08	-4.652475
11.55199	50.8597	5.2144e-08	-4.653878
11.56223	50.9021	5.20832e-08	-4.65528
11.57247	50.9444	5.20224e-08	-4.656682
11.58271	50.9868	5.19616e-08	-4.658082
11.59295	51.0291	5.19007e-08	-4.659482
11.60319	51.0715	5.18398e-08	-4.660881
11.61343	51.1138	5.17789e-08	-4.662279
11.62367	51.1562	5.1718e-08	-4.663677
11.63391	51.1986	5.1657e-08	-4.665073
11.64415	51.2409	5.15961e-08	-4.666468
11.65439	51.2833	5.15351e-08	-4.667863
11.66463	51.3256	5.14741e-08	-4.669257
11.67487	51.368	5.14131e-08	-4.67065
11.68511	51.4103	5.13521e-08	-4.672042
11.69535	51.4527	5.12911e-08	-4.673434
11.70559	51.495	5.12299e-08	-4.674824
11.71583	51.5374	5.11689e-08	-4.676214
11.72607	51.5797	5.11078e-08	-4.677603
11.73631	51.6221	5.10467e-08	-4.678991
11.74655	51.6644	5.09856e-08	-4.680379
11.75679	51.7068	5.09244e-08	-4.681765
11.76703	51.7491	5.08633e-08	-4.683151
11.77727	51.7915	5.08022e-08	-4.684536
11.78751	51.8338	5.07411e-08	-4.68592
11.79775	51.8762	5.06799e-08	-4.687303
11.80799	51.9185	5.06187e-08	-4.688685
11.81823	51.9608	5.05575e-08	-4.690067
11.82847	52.0032	5.04963e-08	-4.691447
11.83871	52.0455	5.04351e-08	-4.692827
11.84895	52.0879	5.03739e-08	-4.694206
11.85919	52.1302	5.03127e-08	-4.695585
11.86943	52.1725	5.02515e-08	-4.696962
11.87967	52.2149	5.01902e-08	-4.698339
11.88991	52.2572	5.0129e-08	-4.699715
11.90015	52.2995	5.00677e-08	-4.70109
11.91039	52.3419	5.00065e-08	-4.702464
11.92063	52.3842	4.99452e-08	-4.703838
11.93087	52.4265	4.9884e-08	-4.70521
11.94111	52.4689	4.98227e-08	-4.706582
11.95135	52.5112	4.97614e-08	-4.707953
11.96159	52.5535	4.97002e-08	-4.709324
11.97183	52.5959	4.96389e-08	-4.710693
11.98207	52.6382	4.95777e-08	-4.712062
11.99231	52.6805	4.95164e-08	-4.71343
12.00255	52.7228	4.94551e-08	-4.714797
12.01279	52.7652	4.93939e-08	-4.716163
12.02303	52.8075	4.93326e-08	-4.717529
12.03327	52.8498	4.92713e-08	-4.718893
12.04351	52.8921	4.92101e-08	-4.720257
12.05375	52.9345	4.91488e-08	-4.72162
12.06399	52.9768	4.90876e-08	-4.722983
12.07423	53.0191	4.90263e-08	-4.724344
12.08447	53.0614	4.89651e-08	-4.725705
12.09471	53.1038	4.89038e-08	-4.727065
12.10495	53.1461	4.88426e-08	-4.728424
12.11519	53.1884	4.87813e-08	-4.729782
12.12543	53.2307	4.87201e-08	-4.73114
12.13567	53.273	4.86589e-08	-4.732497
12.14591	53.3153	4.85977e-08	-4.733853
12.15615	53.3577	4.85365e-08	-4.735208
12.16639	53.4	4.84752e-08	-4.736563
12.17663	53.4423	4.84141e-08	-4.737917
12.18687	53.4846	4.83529e-08	-4.73927
12.19711	53.5269	4.82917e-08	-4.740622
12.20735	53.5692	4.82305e-08	-4.741973
12.21759	53.6115	4.81693e-08	-4.743324
12.22783	53.6538	4.81082e-08	-4.744674
12.23807	53.6962	4.80471e-08	-4.746023
12.24831	53.7385	4.79859e-08	-4.747371
12.25855	53.7808	4.79248e-08	-4.748719
12.26879	53.8231	4.78637e-08	-4.750065
12.27903	53.8654	4.78026e-08	-4.751411
12.28927	53.9077	4.77415e-08	-4.752757
12.29951	53.95	4.76804e-08	-4.754101
12.30975	53.9923	4.76194e-08	-4.755445
12.31999	54.0346	4.75583e-08	-4.756788
12.33023	54.0769	4.74973e-08	-4.75813
12.34047	54.1192	4.74363e-08	-4.759472
12.35071	54.1615	4.73752e-08	-4.760812
12.36095	54.2038	4.73143e-08	-4.762152
12.37119	54.2461	4.72533e-08	-4.763492
12.38143	54.2884	4.71924e-08	-4.76483
12.39167	54.3307	4.71314e-08	-4.766168
12.40191	54.373	4.70705e-08	-4.767505
12.41215	54.4153	4.70096e-08	-4.768841
12.42239	54.4576	4.69487e-08	-4.770176
12.43263	54.4999	4.68878e-08	-4.771511
12.44287	54.5422	4.6827e-08	-4.772845
12.45311	54.5845	4.67661e-08	-4.774178
12.46335	54.6268	4.67053e-08	-4.775511
12.47359	54.6691	4.66445e-08	-4.776842
12.48383	54.7113	4.65838e-08	-4.778173
12.49407	54.7536	4.6523e-08	-4.779503
12.50431	54.7959	4.64623e-08	-4.780833
12.51455	54.8382	4.64015e-08	-4.782161
12.52479	54.8805	4.63408e-08	-4.783489
12.53503	54.9228	4.62802e-08	-4.784817
12.54527	54.9651	4.62195e-08	-4.786143
12.55551	55.0074	4.61589e-08	-4.787469
12.56575	55.0496	4.60983e-08	-4.788794
12.57599	55.0919	4.60377e-08	-4.790118
12.58623	55.1342	4.59771e-08	-4.791442
12.59647	55.1765	4.59167e-08	-4.792764
12.60671	55.2188	4.58561e-08	-4.794087
12.61695	55.2611	4.57956e-08	-4.795408
12.62719	55.3033	4.57351e-08	-4.796729
12.63743	55.3456	4.56748e-08	-4.798049
12.64767	55.3879	4.56143e-08	-4.799368
12.65791	55.4302	4.55539e-08	-4.800686
12.66815	55.4725	4.54936e-08	-4.802004
12.67839	55.5147	4.54333e-08	-4.803321
12.68863	55.557	4.53729e-08	-4.804637
12.69887	55.5993	4.53126e-08	-4.805953
12.70911	55.6416	4.52524e-08	-4.807267
12.71935	55.6838	4.51922e-08	-4.808581
12.72959	55.7261	4.5132e-08	-4.809895
12.73983	55.7684	4.50718e-08	-4.811207
12.75007	55.8106	4.50117e-08	-4.812519
12.76031	55.8529	4.49516e-08	-4.81383
12.77055	55.8952	4.48915e-08	-4.815141
12.78079	55.9375	4.48315e-08	-4.816451
12.79103	55.9797	4.47714e-08	-4.81776
12.80127	56.022	4.47115e-08	-4.819068
12.81151	56.0643	4.46514e-08	-4.820376
12.82175	56.1065	4.45916e-08	-4.821682
12.83199	56.1488	4.45316e-08	-4.822989
12.84223	56.1911	4.44718e-08	-4.824294
12.85247	56.2333	4.4412e-08	-4.825599
12.86271	56.2756	4.43522e-08	-4.826903
12.87295	56.3179	4.42924e-08	-4.828206
12.88319	56.3601	4.42327e-08	-4.829509
12.89343	56.4024	4.4173e-08	-4.830811
12.90367	56.4446	4.41133e-08	-4.832112
12.91391	56.4869	4.40537e-08	-4.833413
12.92415	56.5292	4.39941e-08	-4.834713
12.93439	56.5714	4.39345e-08	-4.836012
12.94463	56.6137	4.3875e-08	-4.83731
12.95487	56.6559	4.38155e-08	-4.838608
12.96511	56.6982	4.3756e-08	-4.839905
12.97535	56.7404	4.36966e-08	-4.841201
12.98559	56.7827	4.36372e-08	-4.842497
12.99583	56.825	4.35778e-08	-4.843792
13.00607	56.8672	4.35185e-08	-4.845086
13.01631	56.9095	4.34592e-08	-4.846379
13.02655	56.9517	4.34e-08	-4.847672
13.03679	56.994	4.33408e-08	-4.848964
13.04703	57.0362	4.32816e-08	-4.850256
13.05727	57.0785	4.32225e-08	-4.851547
13.06751	57.1207	4.31634e-08	-4.852837
13.07775	57.163	4.31043e-08	-4.854126
13.08799	57.2052	4.30453e-08	-4.855415
13.09823	57.2475	4.29864e-08	-4.856703
13.10847	57.2897	4.29274e-08	-4.85799
13.11871	57.332	4.28685e-08	-4.859277
13.12895	57.3742	4.28096e-08	-4.860563
13.13919	57.4165	4.27508e-08	-4.861848
13.14943	57.4587	4.26921e-08	-4.863132
13.15967	57.5009	4.26333e-08	-4.864416
13.16991	57.5432	4.25746e-08	-4.865699
13.18015	57.5854	4.2516e-08	-4.866982
13.19039	57.6277	4.24574e-08	-4.868264
13.20063	57.6699	4.23988e-08	-4.869545
13.21087	57.7122	4.23402e-08	-4.870825
13.22111	57.7544	4.22817e-08	-4.872105
13.23135	57.7966	4.22233e-08	-4.873384
13.24159	57.8389	4.21649e-08	-4.874663
13.25183	57.8811	4.21065e-08	-4.87594
13.26207	57.9233	4.20482e-08	-4.877218
13.27231	57.9656	4.19899e-08	-4.878494
13.28255	58.0078	4.19317e-08	-4.87977
13.29279	58.0501	4.18735e-08	-4.881045
13.30303	58.0923	4.18153e-08	-4.882319
13.31327	58.1345	4.17572e-08	-4.883593
13.32351	58.1768	4.16991e-08	-4.884866
13.33375	58.219	4.16412e-08	-4.886138
13.34399	58.2612	4.15832e-08	-4.88741
13.35423	58.3034	4.15253e-08	-4.888681
13.36447	58.3457	4.14674e-08	-4.889951
13.37471	58.3879	4.14095e-08	-4.891221
13.38495	58.4301	4.13517e-08	-4.89249
13.39519	58.4724	4.1294e-08	-4.893759
13.40543	58.5146	4.12363e-08	-4.895027
13.41567	58.5568	4.11786e-08	-4.896293
13.42591	58.599	4.11211e-08	-4.89756
13.43615	58.6413	4.10635e-08	-4.898826
13.44639	58.6835	4.1006e-08	-4.900091
13.45663	58.7257	4.09485e-08	-4.901355
13.46687	58.7679	4.08911e-08	-4.902619
13.47711	58.8102	4.08337e-08	-4.903882
13.49759	58.8946	4.07594e-08	-4.906406
13.51807	58.9791	4.06869e-08	-4.908928
13.53855	59.0635	4.06143e-08	-4.911447
13.55903	59.1479	4.05415e-08	-4.913964
13.57951	59.2324	4.04688e-08	-4.916477
13.59999	59.3168	4.03959e-08	-4.918989
13.62047	59.4012	4.03229e-08	-4.921497
13.64095	59.4857	4.02499e-08	-4.924003
13.66143	59.5701	4.01767e-08	-4.926507
13.68191	59.6545	4.01034e-08	-4.929008
13.70239	59.7389	4.00301e-08	-4.931506
13.72287	59.8233	3.99566e-08	-4.934002
13.74335	59.9077	3.98831e-08	-4.936495
13.76383	59.9922	3.98096e-08	-4.938986
13.78431	60.0766	3.97359e-08	-4.941474
13.80479	60.161	3.96621e-08	-4.94396
13.82527	60.2454	3.95883e-08	-4.946443
13.84575	60.3298	3.95145e-08	-4.948923
13.86623	60.4142	3.94405e-08	-4.951402
13.88671	60.4986	3.93664e-08	-4.953877
13.90719	60.583	3.92924e-08	-4.95635
13.92767	60.6673	3.92182e-08	-4.958821
13.94815	60.7517	3.9144e-08	-4.961289
13.96863	60.8361	3.90697e-08	-4.963755
13.98911	60.9205	3.89954e-08	-4.966218
14.00959	61.0049	3.8921e-08	-4.968678
14.03007	61.0893	3.88466e-08	-4.971137
14.05055	61.1736	3.87721e-08	-4.973592
14.07103	61.258	3.86976e-08	-4.976046
14.09151	61.3424	3.8623e-08	-4.978497
14.11199	61.4268	3.85484e-08	-4.980945
14.13247	61.5111	3.84737e-08	-4.983391
14.15295	61.5955	3.8399e-08	-4.985835
14.17343	61.6798	3.83243e-08	-4.988276
14.19391	61.7642	3.82495e-08	-4.990715
14.21439	61.8486	3.81747e-08	-4.993151
14.23487	61.9329	3.80999e-08	-4.995585
14.25535	62.0173	3.8025e-08	-4.998016
14.27583	62.1016	3.79501e-08	-5.000445
14.29631	62.186	3.78752e-08	-5.002872
14.31679	62.2703	3.78002e-08	-5.005296
14.33727	62.3546	3.77252e-08	-5.007718
14.35775	62.439	3.76502e-08	-5.010138
14.37823	62.5233	3.75752e-08	-5.012555
14.39871	62.6077	3.75001e-08	-5.01497
14.40895	62.6498	3.74626e-08	-5.016177
14.41919	62.692	3.74251e-08	-5.017383
14.42943	62.7342	3.73876e-08	-5.018588
14.43967	62.7763	3.735e-08	-5.019793
14.44991	62.8185	3.73125e-08	-5.020997
14.46015	62.8606	3.7275e-08	-5.022201
14.47039	62.9028	3.72374e-08	-5.023404
14.48063	62.945	3.71998e-08	-5.024606
14.49087	62.9871	3.71623e-08	-5.025808
14.50111	63.0293	3.71247e-08	-5.027009
14.51135	63.0715	3.70872e-08	-5.02821
14.52159	63.1136	3.70497e-08	-5.02941
14.53183	63.1558	3.70121e-08	-5.03061
14.54207	63.1979	3.69745e-08	-5.031809
14.55231	63.2401	3.6937e-08	-5.033007
14.56255	63.2823	3.68994e-08	-5.034205
14.57279	63.3244	3.68618e-08	-5.035402
14.58303	63.3666	3.68243e-08	-5.036599
14.59327	63.4087	3.67867e-08	-5.037795
14.60351	63.4509	3.67491e-08	-5.03899
14.61375	63.493	3.67115e-08	-5.040185
14.62399	63.5352	3.6674e-08	-5.041379
14.63423	63.5773	3.66365e-08	-5.042573
14.64447	63.6195	3.65989e-08	-5.043766
14.65471	63.6616	3.65613e-08	-5.044959
14.66495	63.7038	3.65238e-08	-5.046151
14.67519	63.746	3.64862e-08	-5.047343
14.68543	63.7881	3.64487e-08	-5.048533
14.69567	63.8303	3.64111e-08	-5.049724
14.70591	63.8724	3.63735e-08	-5.050914
14.71615	63.9146	3.6336e-08	-5.052103
14.72639	63.9567	3.62984e-08	-5.053291
14.73663	63.9988	3.62609e-08	-5.05448
14.74687	64.041	3.62233e-08	-5.055667
14.75711	64.0831	3.61858e-08	-5.056854
14.76735	64.1253	3.61482e-08	-5.05804
14.77759	64.1674	3.61108e-08	-5.059226
14.78783	64.2096	3.60732e-08	-5.060411
14.79807	64.2517	3.60357e-08	-5.061596
14.80831	64.2939	3.59982e-08	-5.06278
14.81855	64.336	3.59607e-08	-5.063964
14.82879	64.3782	3.59231e-08	-5.065147
14.83903	64.4203	3.58856e-08	-5.066329
14.84927	64.4624	3.58481e-08	-5.067511
14.85951	64.5046	3.58106e-08	-5.068692
14.86975	64.5467	3.57731e-08	-5.069873
14.87999	64.5889	3.57356e-08	-5.071053
14.89023	64.631	3.56982e-08	-5.072233
14.90047	64.6731	3.56606e-08	-5.073412
14.91071	64.7153	3.56231e-08	-5.074591
14.92095	64.7574	3.55857e-08	-5.075768
14.93119	64.7996	3.55482e-08	-5.076946
14.94143	64.8417	3.55108e-08	-5.078123
14.95167	64.8838	3.54733e-08	-5.079299
14.96191	64.926	3.54358e-08	-5.080475
14.97215	64.9681	3.53984e-08	-5.08165
14.98239	65.0102	3.5361e-08	-5.082825
14.99263	65.0524	3.53236e-08	-5.083999
15.00287	65.0945	3.52861e-08	-5.085172
15.01311	65.1366	3.52487e-08	-5.086345
15.02335	65.1788	3.52113e-08	-5.087518
15.03359	65.2209	3.51739e-08	-5.08869
15.04383	65.263	3.51366e-08	-5.089861
15.05407	65.3052	3.50992e-08	-5.091032
15.06431	65.3473	3.50618e-08	-5.092202
15.07455	65.3894	3.50244e-08	-5.093372
15.08479	65.4315	3.49871e-08	-5.094541
15.09503	65.4737	3.49497e-08	-5.095709
15.10527	65.5158	3.49124e-08	-5.096877
15.11551	65.5579	3.48751e-08	-5.098045
15.12575	65.6001	3.48377e-08	-5.099212
15.13599	65.6422	3.48004e-08	-5.100378
15.14623	65.6843	3.47631e-08	-5.101544
15.15647	65.7264	3.47258e-08	-5.10271
15.16671	65.7686	3.46886e-08	-5.103874
15.17695	65.8107	3.46513e-08	-5.105039
15.18719	65.8528	3.4614e-08	-5.106202
15.19743	65.8949	3.45767e-08	-5.107366
15.20767	65.9371	3.45395e-08	-5.108528
15.21791	65.9792	3.45022e-08	-5.10969
15.22815	66.0213	3.44651e-08	-5.110852
15.23839	66.0634	3.44279e-08	-5.112013
15.24863	66.1055	3.43906e-08	-5.113174
15.25887	66.1477	3.43535e-08	-5.114333
15.26911	66.1898	3.43163e-08	-5.115493
15.27935	66.2319	3.42791e-08	-5.116652
15.28959	66.274	3.4242e-08	-5.11781
15.29983	66.3161	3.42048e-08	-5.118968
15.31007	66.3583	3.41677e-08	-5.120125
15.32031	66.4004	3.41306e-08	-5.121282
15.33055	66.4425	3.40935e-08	-5.122438
15.34079	66.4846	3.40564e-08	-5.123594
15.35103	66.5267	3.40193e-08	-5.124749
15.36127	66.5688	3.39822e-08	-5.125904
15.37151	66.6109	3.39452e-08	-5.127058
15.38175	66.6531	3.39081e-08	-5.128211
15.39199	66.6952	3.38711e-08	-5.129365
15.40223	66.7373	3.38341e-08	-5.130517
15.41247	66.7794	3.37971e-08	-5.131669
15.42271	66.8215	3.37601e-08	-5.132821
15.43295	66.8636	3.37231e-08	-5.133972
15.44319	66.9057	3.36861e-08	-5.135122
15.45343	66.9478	3.36492e-08	-5.136272
15.46367	66.9899	3.36123e-08	-5.137421
15.47391	67.0321	3.35754e-08	-5.13857
15.48415	67.0742	3.35384e-08	-5.139718
15.49439	67.1163	3.35016e-08	-5.140866
15.50463	67.1584	3.34647e-08	-5.142013
15.51487	67.2005	3.34278e-08	-5.14316
15.52511	67.2426	3.33909e-08	-5.144306
15.53535	67.2847	3.33541e-08	-5.145452
15.54559	67.3268	3.33173e-08	-5.146597
15.55583	67.3689	3.32805e-08	-5.147742
15.56607	67.411	3.32437e-08	-5.148886
15.57631	67.4531	3.32069e-08	-5.15003
15.58655	67.4952	3.31702e-08	-5.151173
15.59679	67.5373	3.31334e-08	-5.152316
15.60703	67.5794	3.30967e-08	-5.153458
15.61727	67.6215	3.306e-08	-5.154599
15.62751	67.6636	3.30233e-08	-5.15574
15.63775	67.7057	3.29866e-08	-5.156881
15.64799	67.7478	3.295e-08	-5.158021
15.65823	67.7899	3.29133e-08	-5.15916
15.66847	67.832	3.28767e-08	-5.160299
15.67871	67.8741	3.28401e-08	-5.161438
15.68895	67.9162	3.28035e-08	-5.162576
15.69919	67.9583	3.27669e-08	-5.163713
15.70943	68.0004	3.27304e-08	-5.16485
15.71967	68.0425	3.26938e-08	-5.165987
15.72991	68.0846	3.26573e-08	-5.167123
15.74015	68.1267	3.26208e-08	-5.168258
15.75039	68.1688	3.25843e-08	-5.169393
15.76063	68.2109	3.25478e-08	-5.170528
15.77087	68.253	3.25115e-08	-5.171661
15.78111	68.2951	3.2475e-08	-5.172795
15.79135	68.3372	3.24386e-08	-5.173928
15.80159	68.3793	3.24022e-08	-5.17506
15.81183	68.4214	3.23658e-08	-5.176192
15.82207	68.4634	3.23294e-08	-5.177323
15.83231	68.5055	3.22931e-08	-5.178454
15.84255	68.5476	3.22568e-08	-5.179585
15.85279	68.5897	3.22205e-08	-5.180715
15.86303	68.6318	3.21842e-08	-5.181844
15.87327	68.6739	3.21479e-08	-5.182973
15.88351	68.716	3.21117e-08	-5.184101
15.89375	68.7581	3.20755e-08	-5.185229
15.90399	68.8002	3.20392e-08	-5.186356
15.91423	68.8422	3.20031e-08	-5.187483
15.92447	68.8843	3.19668e-08	-5.18861
15.93471	68.9264	3.19308e-08	-5.189736
15.94495	68.9685	3.18947e-08	-5.190861
15.95519	69.0106	3.18585e-08	-5.191986
15.96543	69.0527	3.18224e-08	-5.19311
15.97567	69.0948	3.17864e-08	-5.194234
15.98591	69.1368	3.17503e-08	-5.195357
15.99615	69.1789	3.17142e-08	-5.19648
16.00639	69.221	3.16783e-08	-5.197603
16.01663	69.2631	3.16422e-08	-5.198724
16.02687	69.3052	3.16063e-08	-5.199846
16.03711	69.3473	3.15704e-08	-5.200967
16.04735	69.3893	3.15344e-08	-5.202087
16.05759	69.4314	3.14985e-08	-5.203207
16.06783	69.4735	3.14627e-08	-5.204327
16.07807	69.5156	3.14268e-08	-5.205445
16.08831	69.5576	3.1391e-08	-5.206564
16.09855	69.5997	3.13551e-08	-5.207682
16.11903	69.6839	3.13054e-08	-5.209916
16.13951	69.768	3.12566e-08	-5.212149
16.15999	69.8522	3.12078e-08	-5.214379
16.18047	69.9363	3.1159e-08	-5.216608
16.20095	70.0205	3.11101e-08	-5.218835
16.22143	70.1046	3.10611e-08	-5.221059
16.24191	70.1888	3.10122e-08	-5.223282
16.26239	70.2729	3.09632e-08	-5.225503
16.28287	70.357	3.09142e-08	-5.227722
16.30335	70.4412	3.0865e-08	-5.229939
16.32383	70.5253	3.08159e-08	-5.232154
16.34431	70.6095	3.07667e-08	-5.234367
16.36479	70.6936	3.07175e-08	-5.236578
16.38527	70.7777	3.06682e-08	-5.238788
16.40575	70.8618	3.0619e-08	-5.240995
16.42623	70.946	3.05696e-08	-5.243201
16.44671	71.0301	3.05203e-08	-5.245404
16.46719	71.1142	3.04709e-08	-5.247606
16.48767	71.1983	3.04214e-08	-5.249806
16.50815	71.2824	3.0372e-08	-5.252004
16.52863	71.3666	3.03225e-08	-5.2542
16.54911	71.4507	3.0273e-08	-5.256394
16.56959	71.5348	3.02235e-08	-5.258586
16.59007	71.6189	3.01739e-08	-5.260777
16.61055	71.703	3.01243e-08	-5.262965
16.63103	71.7871	3.00748e-08	-5.265152
16.65151	71.8712	3.00251e-08	-5.267337
16.67199	71.9553	2.99754e-08	-5.26952
16.69247	72.0394	2.99257e-08	-5.271701
16.71295	72.1235	2.98761e-08	-5.273881
16.73343	72.2076	2.98263e-08	-5.276058
16.75391	72.2917	2.97766e-08	-5.278234
16.77439	72.3758	2.97268e-08	-5.280408
16.79487	72.4599	2.9677e-08	-5.28258
16.81535	72.544	2.96272e-08	-5.28475
16.83583	72.6281	2.95774e-08	-5.286918
16.85631	72.7122	2.95276e-08	-5.289085
16.87679	72.7963	2.94778e-08	-5.291249
16.89727	72.8803	2.94279e-08	-5.293412
16.91775	72.9644	2.93781e-08	-5.295573
16.93823	73.0485	2.93282e-08	-5.297733
16.95871	73.1326	2.92783e-08	-5.29989
16.97919	73.2167	2.92284e-08	-5.302046
16.99967	73.3007	2.91785e-08	-5.3042
17.02015	73.3848	2.91286e-08	-5.306352
17.04063	73.4689	2.90787e-08	-5.308502
17.06111	73.5529	2.90288e-08	-5.31065
17.08159	73.637	2.89789e-08	-5.312797
17.10207	73.7211	2.89289e-08	-5.314942
17.12255	73.8051	2.8879e-08	-5.317085
17.14303	73.8892	2.8829e-08	-5.319227
17.16351	73.9732	2.87791e-08	-5.321366
17.18399	74.0573	2.87292e-08	-5.323504
17.20447	74.1414	2.86792e-08	-5.32564
17.22495	74.2254	2.86293e-08	-5.327775
17.24543	74.3095	2.85793e-08	-5.329907
17.26591	74.3935	2.85294e-08	-5.332038
17.28639	74.4776	2.84795e-08	-5.334167
17.30687	74.5616	2.84295e-08	-5.336295
17.32735	74.6457	2.83796e-08	-5.33842
17.34783	74.7297	2.83297e-08	-5.340544
17.36831	74.8137	2.82798e-08	-5.342666
17.38879	74.8978	2.82299e-08	-5.344787
17.40927	74.9818	2.818e-08	-5.346905
17.42975	75.0659	2.81301e-08	-5.349022
17.45023	75.1499	2.80802e-08	-5.351138
17.47071	75.2339	2.80303e-08	-5.353251
17.49119	75.318	2.79804e-08	-5.355363
17.51167	75.402	2.79306e-08	-5.357473
17.53215	75.486	2.78808e-08	-5.359582
17.55263	75.5701	2.78309e-08	-5.361688
17.57311	75.6541	2.77811e-08	-5.363793
17.59359	75.7381	2.77313e-08	-5.365897
17.61407	75.8221	2.76815e-08	-5.367998
17.63455	75.9061	2.76317e-08	-5.370098
17.65503	75.9902	2.75819e-08	-5.372197
17.67551	76.0742	2.75322e-08	-5.374293
17.69599	76.1582	2.74824e-08	-5.376388
17.71647	76.2422	2.74327e-08	-5.378481
17.73695	76.3262	2.7383e-08	-5.380573
17.75743	76.4102	2.73334e-08	-5.382663
17.77791	76.4942	2.72837e-08	-5.384751
17.79839	76.5782	2.72341e-08	-5.386837
17.81887	76.6622	2.71845e-08	-5.388922
17.83935	76.7462	2.71349e-08	-5.391005
17.85983	76.8303	2.70853e-08	-5.393087
17.88031	76.9143	2.70357e-08	-5.395167
17.90079	76.9982	2.69862e-08	-5.397245
17.92127	77.0822	2.69367e-08	-5.399322
17.94175	77.1662	2.68872e-08	-5.401397
17.96223	77.2502	2.68378e-08	-5.40347
17.98271	77.3342	2.67883e-08	-5.405542
18.00319	77.4182	2.67389e-08	-5.407612
18.02367	77.5022	2.66895e-08	-5.40968
18.04415	77.5862	2.66402e-08	-5.411747
18.06463	77.6702	2.65909e-08	-5.413812
18.08511	77.7542	2.65416e-08	-5.415876
18.10559	77.8381	2.64923e-08	-5.417938
18.12607	77.9221	2.6443e-08	-5.419998
18.14655	78.0061	2.63939e-08	-5.422057
18.16703	78.0901	2.63447e-08	-5.424114
18.18751	78.1741	2.62956e-08	-5.426169
18.20799	78.258	2.62464e-08	-5.428223
18.22847	78.342	2.61974e-08	-5.430276
18.24895	78.426	2.61483e-08	-5.432326
18.26943	78.5099	2.60993e-08	-5.434375
18.28991	78.5939	2.60503e-08	-5.436423
18.31039	78.6779	2.60014e-08	-5.438469
18.33087	78.7618	2.59524e-08	-5.440513
18.35135	78.8458	2.59036e-08	-5.442556
18.37183	78.9298	2.58547e-08	-5.444597
18.39231	79.0137	2.5806e-08	-5.446637
18.41279	79.0977	2.57571e-08	-5.448675
18.43327	79.1816	2.57084e-08	-5.450711
18.45375	79.2656	2.56597e-08	-5.452746
18.47423	79.3495	2.5611e-08	-5.45478
18.49471	79.4335	2.55625e-08	-5.456811
18.51519	79.5174	2.55139e-08	-5.458842
18.53567	79.6014	2.54654e-08	-5.46087
18.55615	79.6853	2.54168e-08	-5.462897
18.57663	79.7693	2.53684e-08	-5.464923
18.59711	79.8532	2.532e-08	-5.466947
18.61759	79.9372	2.52716e-08	-5.46897
18.63807	80.0211	2.52233e-08	-5.47099
18.65855	80.1051	2.5175e-08	-5.47301
18.67903	80.189	2.51267e-08	-5.475028
18.69951	80.2729	2.50786e-08	-5.477044
18.71999	80.3569	2.50304e-08	-5.479059
18.74047	80.4408	2.49952e-08	-5.481072
18.76095	80.5247	2.49607e-08	-5.483084
18.78143	80.6087	2.4926e-08	-5.485094
18.80191	80.6926	2.48915e-08	-5.487103
18.82239	80.7765	2.48568e-08	-5.48911
18.84287	80.8604	2.48221e-08	-5.491116
18.86335	80.9444	2.47874e-08	-5.49312
18.88383	81.0283	2.47527e-08	-5.495122
18.90431	81.1122	2.4718e-08	-5.497123
18.92479	81.1961	2.46833e-08	-5.499123
18.94527	81.28	2.46485e-08	-5.501121
18.96575	81.364	2.46137e-08	-5.503118
18.98623	81.4479	2.45788e-08	-5.505113
19.00671	81.5318	2.45441e-08	-5.507107
19.02719	81.6157	2.45092e-08	-5.509099
19.04767	81.6996	2.44744e-08	-5.511089
19.06815	81.7835	2.44394e-08	-5.513079
19.08863	81.8674	2.44045e-08	-5.515066
19.10911	81.9513	2.43697e-08	-5.517053
19.12959	82.0352	2.43348e-08	-5.519037
19.15007	82.1191	2.42999e-08	-5.521021
19.17055	82.203	2.42648e-08	-5.523002
19.19103	82.2869	2.42299e-08	-5.524983
19.21151	82.3708	2.41949e-08	-5.526962
19.23199	82.4547	2.41599e-08	-5.528939
19.25247	82.5386	2.41249e-08	-5.530915
19.27295	82.6225	2.40899e-08	-5.532889
19.29343	82.7064	2.40548e-08	-5.534862
19.31391	82.7903	2.40198e-08	-5.536834
19.33439	82.8742	2.39847e-08	-5.538804
19.35487	82.9581	2.39497e-08	-5.540773
19.37535	83.042	2.39147e-08	-5.54274
19.39583	83.1259	2.38796e-08	-5.544706
19.41631	83.2098	2.38444e-08	-5.54667
19.43679	83.2936	2.38094e-08	-5.548633
19.45727	83.3775	2.37742e-08	-5.550594
19.47775	83.4614	2.37391e-08	-5.552555
19.49823	83.5453	2.37041e-08	-5.554513
19.51871	83.6292	2.36689e-08	-5.55647
19.53919	83.713	2.36338e-08	-5.558426
19.55967	83.7969	2.35986e-08	-5.56038
19.58015	83.8808	2.35635e-08	-5.562333
19.60063	83.9646	2.35284e-08	-5.564285
19.62111	84.0485	2.34932e-08	-5.566235
19.64159	84.1324	2.3458e-08	-5.568183
19.66207	84.2163	2.34229e-08	-5.570131
19.68255	84.3001	2.33877e-08	-5.572077
19.70303	84.384	2.33526e-08	-5.574021
19.72351	84.4678	2.33174e-08	-5.575964
19.74399	84.5517	2.32822e-08	-5.577906
19.76447	84.6356	2.32471e-08	-5.579846
19.78495	84.7194	2.32119e-08	-5.581785
19.80543	84.8033	2.31767e-08	-5.583722
19.82591	84.8871	2.31416e-08	-5.585658
19.84639	84.971	2.31064e-08	-5.587593
19.86687	85.0548	2.30712e-08	-5.589526
19.88735	85.1387	2.30361e-08	-5.591458
19.90783	85.2225	2.30009e-08	-5.593388
19.92831	85.3064	2.29658e-08	-5.595318
19.94879	85.3902	2.29306e-08	-5.597245
19.96927	85.4741	2.28955e-08	-5.599172
19.98975	85.5579	2.28603e-08	-5.601097
20.01023	85.6418	2.28252e-08	-5.60302
20.03071	85.7256	2.279e-08	-5.604943
20.05119	85.8095	2.27549e-08	-5.606864
20.07167	85.8933	2.27197e-08	-5.608783
20.09215	85.9771	2.26846e-08	-5.610701
20.11263	86.061	2.26495e-08	-5.612618
20.13311	86.1448	2.26144e-08	-5.614533
20.15359	86.2286	2.25793e-08	-5.616447
20.17407	86.3125	2.25442e-08	-5.61836
20.19455	86.3963	2.25091e-08	-5.620272
20.21503	86.4801	2.2474e-08	-5.622182
20.23551	86.564	2.2439e-08	-5.62409
20.25599	86.6478	2.24038e-08	-5.625998
20.27647	86.7316	2.23688e-08	-5.627904
20.29695	86.8154	2.23338e-08	-5.629808
20.31743	86.8993	2.22987e-08	-5.631712
20.34815	87.025	2.22462e-08	-5.634564
20.36863	87.1088	2.22112e-08	-5.636464
20.38911	87.1926	2.21762e-08	-5.638363
20.41983	87.3184	2.21237e-08	-5.641209
20.44031	87.4022	2.20887e-08	-5.643104
20.46079	87.486	2.20537e-08	-5.644998
20.49151	87.6117	2.20013e-08	-5.647837
20.51199	87.6955	2.19664e-08	-5.649727
20.53247	87.7793	2.19315e-08	-5.651617
20.56319	87.9051	2.18792e-08	-5.654448
20.58367	87.9889	2.18442e-08	-5.656334
20.60415	88.0727	2.18094e-08	-5.658219
20.63487	88.1984	2.17571e-08	-5.661044
20.65535	88.2822	2.17223e-08	-5.662926
20.67583	88.366	2.16875e-08	-5.664806
20.70655	88.4917	2.16353e-08	-5.667624
20.72703	88.5755	2.16005e-08	-5.669501
20.74751	88.6593	2.15658e-08	-5.671377
20.77823	88.7849	2.15136e-08	-5.674188
20.79871	88.8687	2.14789e-08	-5.676061
20.81919	88.9525	2.14442e-08	-5.677932
20.84991	89.0782	2.13922e-08	-5.680737
20.87039	89.162	2.13575e-08	-5.682605
20.89087	89.2458	2.13229e-08	-5.684471
20.92159	89.3715	2.1271e-08	-5.687269
20.94207	89.4553	2.12364e-08	-5.689133
20.96255	89.539	2.12018e-08	-5.690995
20.99327	89.6647	2.115e-08	-5.693786
21.01375	89.7485	2.11155e-08	-5.695646
21.03423	89.8323	2.1081e-08	-5.697503
21.06495	89.9579	2.10293e-08	-5.700288
21.08543	90.0417	2.09948e-08	-5.702143
21.10591	90.1255	2.09604e-08	-5.703996
21.13663	90.2511	2.09088e-08	-5.706774
21.15711	90.3349	2.08744e-08	-5.708625
21.17759	90.4187	2.08401e-08	-5.710474
21.20831	90.5443	2.07886e-08	-5.713245
21.22879	90.6281	2.07543e-08	-5.715091
21.24927	90.7119	2.07201e-08	-5.716936
21.27999	90.8375	2.06688e-08	-5.719701
21.30047	90.9213	2.06345e-08	-5.721542
21.32095	91.005	2.06003e-08	-5.723383
21.3423812	91.0927	2.05646e-08	-5.725307
21.36191	91.1725	2.05437e-08	-5.72706
21.38239	91.2563	2.05219e-08	-5.728897
21.40287	91.3401	2.05e-08	-5.730733
21.42335	91.4238	2.0478e-08	-5.732567
21.44383	91.5076	2.0456e-08	-5.7344
21.46431	91.5913	2.04339e-08	-5.736232
21.49503	91.7169	2.04009e-08	-5.738977
21.51551	91.8007	2.03789e-08	-5.740806
21.53599	91.8844	2.03568e-08	-5.742634
21.56671	92.0101	2.03236e-08	-5.745373
21.58719	92.0938	2.03015e-08	-5.747198
21.60767	92.1775	2.02792e-08	-5.749021
21.63839	92.3032	2.0246e-08	-5.751754
21.65887	92.3869	2.02237e-08	-5.753574
21.67935	92.4706	2.02015e-08	-5.755393
21.71007	92.5962	2.01681e-08	-5.75812
21.73055	92.68	2.01458e-08	-5.759936
21.75103	92.7637	2.01235e-08	-5.761751
21.78175	92.8893	2.00899e-08	-5.764471
21.80223	92.973	2.00676e-08	-5.766283
21.82271	93.0568	2.00451e-08	-5.768094
21.85343	93.1824	2.00116e-08	-5.770808
21.87391	93.2661	1.99891e-08	-5.772616
21.89439	93.3498	1.99666e-08	-5.774423
21.92511	93.4754	1.99329e-08	-5.777131
21.94559	93.5591	1.99103e-08	-5.778934
21.96607	93.6429	1.98878e-08	-5.780737
21.99679	93.7684	1.9854e-08	-5.783439
22.01727	93.8522	1.98315e-08	-5.785238
22.03775	93.9359	1.98089e-08	-5.787037
22.06847	94.0615	1.9775e-08	-5.789732
22.08895	94.1452	1.97523e-08	-5.791528
22.10943	94.2289	1.97297e-08	-5.793322
22.14015	94.3545	1.96957e-08	-5.796012
22.16063	94.4382	1.9673e-08	-5.797803
22.18111	94.5219	1.96503e-08	-5.799594
22.21183	94.6474	1.96163e-08	-5.802277
22.23231	94.7311	1.95935e-08	-5.804064
22.25279	94.8149	1.95707e-08	-5.805851
22.28351	94.9404	1.95366e-08	-5.808528
22.30399	95.0241	1.95138e-08	-5.810312
22.32447	95.1078	1.9491e-08	-5.812094
22.35519	95.2334	1.94568e-08	-5.814765
22.37567	95.3171	1.9434e-08	-5.816545
22.39615	95.4008	1.94111e-08	-5.818323
22.42687	95.5263	1.93768e-08	-5.820989
22.44735	95.61	1.9354e-08	-5.822764
22.46783	95.6937	1.93311e-08	-5.824538
22.49855	95.8192	1.92968e-08	-5.827198
22.51903	95.9029	1.92738e-08	-5.828969
22.53951	95.9866	1.92509e-08	-5.83074
22.57023	96.1122	1.92165e-08	-5.833393
22.59071	96.1958	1.91935e-08	-5.835161
22.61119	96.2795	1.91706e-08	-5.836927
22.64191	96.4051	1.91361e-08	-5.839575
22.66239	96.4887	1.91132e-08	-5.841339
22.68287	96.5724	1.90902e-08	-5.843101
22.71359	96.6979	1.90557e-08	-5.845743
22.73407	96.7816	1.90327e-08	-5.847503
22.75455	96.8653	1.90097e-08	-5.849262
22.78527	96.9908	1.89751e-08	-5.851898
22.80575	97.0745	1.89521e-08	-5.853654
22.82623	97.1582	1.8929e-08	-5.855408
22.85695	97.2837	1.88945e-08	-5.858039
22.87743	97.3674	1.88714e-08	-5.859791
22.89791	97.451	1.88483e-08	-5.861542
22.92863	97.5765	1.88137e-08	-5.864166
22.94911	97.6602	1.87906e-08	-5.865914
22.96959	97.7439	1.87676e-08	-5.867662
23.00031	97.8694	1.87329e-08	-5.87028
23.02079	97.953	1.87098e-08	-5.872025
23.04127	98.0367	1.86867e-08	-5.873768
23.07199	98.1622	1.8652e-08	-5.876381
23.09247	98.2458	1.86289e-08	-5.878122
23.11295	98.3295	1.86058e-08	-5.879861
23.14367	98.455	1.85711e-08	-5.882469
23.16415	98.5386	1.8548e-08	-5.884206
23.18463	98.6223	1.85249e-08	-5.885942
23.21535	98.7478	1.84901e-08	-5.888543
23.23583	98.8314	1.8467e-08	-5.890276
23.25631	98.9151	1.84439e-08	-5.892009
23.28703	99.0406	1.84092e-08	-5.894605
23.30751	99.1242	1.8386e-08	-5.896334
23.32799	99.2079	1.83629e-08	-5.898062
23.35871	99.3333	1.83281e-08	-5.900653
23.37919	99.417	1.8305e-08	-5.902379
23.39967	99.5006	1.82818e-08	-5.904103
23.43039	99.6261	1.82471e-08	-5.906688
23.45087	99.7097	1.82239e-08	-5.90841
23.47135	99.7934	1.82008e-08	-5.910131
23.50207	99.9188	1.8166e-08	-5.912711
23.52255	100.002	1.81429e-08	-5.914429
23.54303	100.086	1.81197e-08	-5.916146
23.57375	100.212	1.8085e-08	-5.91872
23.59423	100.295	1.80619e-08	-5.920435
23.61471	100.379	1.80387e-08	-5.922149
23.64543	100.504	1.80039e-08	-5.924717
23.66591	100.588	1.79808e-08	-5.926428
23.68639	100.672	1.79576e-08	-5.928138
23.71711	100.797	1.79229e-08	-5.930701
23.73759	100.881	1.78998e-08	-5.932409
23.75807	100.964	1.78767e-08	-5.934115
23.78879	101.09	1.78419e-08	-5.936673
23.80927	101.173	1.78188e-08	-5.938377
23.82975	101.257	1.77957e-08	-5.940079
23.86047	101.382	1.77609e-08	-5.942632
23.88095	101.466	1.77378e-08	-5.944332
23.90143	101.55	1.77147e-08	-5.946031
23.93215	101.675	1.768e-08	-5.948578
23.95263	101.759	1.76569e-08	-5.950275
23.97311	101.842	1.76338e-08	-5.95197
24.00383	101.968	1.75991e-08	-5.954512
24.02431	102.051	1.7576e-08	-5.956205
24.04479	102.135	1.7553e-08	-5.957897
24.07551	102.26	1.75183e-08	-5.960433
24.09599	102.344	1.74953e-08	-5.962123
24.11647	102.428	1.74722e-08	-5.963812
24.14719	102.553	1.74376e-08	-5.966342
24.16767	102.637	1.74145e-08	-5.968029
24.18815	102.72	1.73914e-08	-5.969714
24.21887	102.846	1.73569e-08	-5.972239
24.23935	102.929	1.73338e-08	-5.973922
24.25983	103.013	1.73108e-08	-5.975604
24.28031	103.096	1.72878e-08	-5.977284
24.30079	103.18	1.72647e-08	-5.978964
24.32127	103.264	1.72417e-08	-5.980642
24.34175	103.347	1.72187e-08	-5.98232
24.36223	103.431	1.71957e-08	-5.983997
24.38271	103.514	1.71727e-08	-5.985672
24.40319	103.598	1.71497e-08	-5.987347
24.42367	103.682	1.71267e-08	-5.989021
24.44415	103.765	1.71038e-08	-5.990693
24.46463	103.849	1.70808e-08	-5.992365
24.48511	103.932	1.70579e-08	-5.994036
24.50559	104.016	1.70349e-08	-5.995705
24.52607	104.099	1.7012e-08	-5.997374
24.54655	104.183	1.69891e-08	-5.999042
24.56703	104.267	1.69661e-08	-6.000709
24.58751	104.35	1.69432e-08	-6.002375
24.60799	104.434	1.69203e-08	-6.00404
24.62847	104.517	1.68974e-08	-6.005703
24.64895	104.601	1.68745e-08	-6.007366
24.66943	104.685	1.68517e-08	-6.009028
24.68991	104.768	1.68288e-08	-6.010689
24.71039	104.852	1.68059e-08	-6.012349
24.73087	104.935	1.67831e-08	-6.014008
24.75135	105.019	1.67603e-08	-6.015667
24.77183	105.102	1.67374e-08	-6.017324
24.79231	105.186	1.67146e-08	-6.01898
24.81279	105.27	1.66918e-08	-6.020635
24.83327	105.353	1.6669e-08	-6.022289
24.85375	105.437	1.66462e-08	-6.023943
24.87423	105.52	1.66235e-08	-6.025595
24.89471	105.604	1.66007e-08	-6.027246
24.91519	105.687	1.65779e-08	-6.028897
24.93567	105.771	1.65552e-08	-6.030546
24.95615	105.855	1.65325e-08	-6.032195
24.97663	105.938	1.65098e-08	-6.033843
24.99711	106.022	1.64871e-08	-6.035489
25.01759	106.105	1.64644e-08	-6.037135
25.03807	106.189	1.64417e-08	-6.03878
25.05855	106.272	1.6419e-08	-6.040423
25.07903	106.356	1.63964e-08	-6.042066
25.09951	106.44	1.63737e-08	-6.043708
25.11999	106.523	1.6351e-08	-6.045349
25.14047	106.607	1.63284e-08	-6.046989
25.16095	106.69	1.63058e-08	-6.048628
25.18143	106.774	1.62832e-08	-6.050267
25.20191	106.857	1.62607e-08	-6.051904
25.22239	106.941	1.62381e-08	-6.05354
25.24287	107.024	1.62155e-08	-6.055175
25.26335	107.108	1.6193e-08	-6.05681
25.28383	107.192	1.61704e-08	-6.058444
25.30431	107.275	1.61479e-08	-6.060076
25.32479	107.359	1.61254e-08	-6.061708
25.34527	107.442	1.61029e-08	-6.063339
25.36575	107.526	1.60804e-08	-6.064968
25.38623	107.609	1.6058e-08	-6.066597
25.40671	107.693	1.60355e-08	-6.068225
25.42719	107.776	1.60131e-08	-6.069852
25.44767	107.86	1.59907e-08	-6.071478
25.46815	107.944	1.59683e-08	-6.073104
25.48863	108.027	1.59459e-08	-6.074728
25.50911	108.111	1.59235e-08	-6.076351
25.52959	108.194	1.59011e-08	-6.077974
25.55007	108.278	1.58788e-08	-6.079595
25.57055	108.361	1.58565e-08	-6.081216
25.59103	108.445	1.58342e-08	-6.082836
25.61151	108.528	1.58118e-08	-6.084454
25.63199	108.612	1.57896e-08	-6.086072
25.65247	108.695	1.57673e-08	-6.087689
25.67295	108.779	1.57451e-08	-6.089305
25.69343	108.862	1.57229e-08	-6.090921
25.71391	108.946	1.57006e-08	-6.092535
25.73439	109.03	1.56784e-08	-6.094148
25.75487	109.113	1.56562e-08	-6.095761
25.77535	109.197	1.5634e-08	-6.097372
25.79583	109.28	1.56118e-08	-6.098983
25.81631	109.364	1.55897e-08	-6.100593
25.83679	109.447	1.55676e-08	-6.102202
25.85727	109.531	1.55455e-08	-6.10381
25.87775	109.614	1.55233e-08	-6.105417
25.89823	109.698	1.55012e-08	-6.107023
25.91871	109.781	1.54792e-08	-6.108628
25.93919	109.865	1.54572e-08	-6.110233
25.95967	109.948	1.54352e-08	-6.111836
25.98015	110.032	1.54131e-08	-6.113439
26.00063	110.115	1.53912e-08	-6.115041
26.02111	110.199	1.53691e-08	-6.116642
26.04159	110.282	1.53472e-08	-6.118242
26.06207	110.366	1.53253e-08	-6.119841
26.08255	110.449	1.53033e-08	-6.121439
26.10303	110.533	1.52815e-08	-6.123036
26.12351	110.617	1.52595e-08	-6.124633
26.14399	110.7	1.52377e-08	-6.126228
26.16447	110.784	1.52158e-08	-6.127823
26.18495	110.867	1.51939e-08	-6.129417
26.20543	110.951	1.51722e-08	-6.13101
26.22591	111.034	1.51504e-08	-6.132602
26.24639	111.118	1.51286e-08	-6.134193
26.26687	111.201	1.51068e-08	-6.135783
26.28735	111.285	1.5085e-08	-6.137373
26.30783	111.368	1.50633e-08	-6.138961
26.32831	111.452	1.50416e-08	-6.140549
26.34879	111.535	1.50199e-08	-6.142136
26.36927	111.619	1.49982e-08	-6.143722
26.38975	111.702	1.49766e-08	-6.145307
26.41023	111.786	1.4955e-08	-6.146891
26.43071	111.869	1.49333e-08	-6.148475
26.45119	111.953	1.49118e-08	-6.150057
26.47167	112.036	1.48902e-08	-6.151639
26.49215	112.12	1.48686e-08	-6.15322
26.51263	112.203	1.48471e-08	-6.1548
26.53311	112.287	1.48255e-08	-6.156379
26.55359	112.37	1.4804e-08	-6.157957
26.57407	112.454	1.47826e-08	-6.159534
26.59455	112.537	1.47647e-08	-6.161111
26.63551	112.704	1.47377e-08	-6.164261
26.67647	112.871	1.47108e-08	-6.167408
26.71743	113.038	1.46837e-08	-6.170552
26.75839	113.205	1.46566e-08	-6.173692
26.79935	113.372	1.46295e-08	-6.17683
26.84031	113.539	1.46023e-08	-6.179963
26.88127	113.706	1.45751e-08	-6.183093
26.92223	113.873	1.45479e-08	-6.18622
26.96319	114.04	1.45206e-08	-6.189344
27.00415	114.207	1.44933e-08	-6.192464
27.04511	114.374	1.4466e-08	-6.195581
27.08607	114.541	1.44386e-08	-6.198694
27.12703	114.708	1.44113e-08	-6.201804
27.16799	114.875	1.43838e-08	-6.204911
27.20895	115.042	1.43564e-08	-6.208015
27.24991	115.209	1.43289e-08	-6.211115
27.29087	115.376	1.43014e-08	-6.214212
27.33183	115.542	1.42739e-08	-6.217306
27.37279	115.709	1.42463e-08	-6.220396
27.41375	115.876	1.42187e-08	-6.223484
27.45471	116.043	1.41911e-08	-6.226568
27.49567	116.21	1.41635e-08	-6.229648
27.53663	116.377	1.41359e-08	-6.232726
27.57759	116.544	1.41082e-08	-6.2358
27.61855	116.711	1.40805e-08	-6.238872
27.65951	116.878	1.40528e-08	-6.241939
27.70047	117.045	1.40251e-08	-6.245004
27.74143	117.212	1.39973e-08	-6.248066
27.78239	117.379	1.39696e-08	-6.251124
27.82335	117.545	1.39418e-08	-6.254179
27.86431	117.712	1.3914e-08	-6.257231
27.90527	117.879	1.38862e-08	-6.26028
27.92575	117.963	1.38723e-08	-6.261803
27.94623	118.046	1.38584e-08	-6.263326
27.96671	118.13	1.38445e-08	-6.264847
27.98719	118.213	1.38306e-08	-6.266368
28.00767	118.296	1.38166e-08	-6.267888
28.02815	118.38	1.38027e-08	-6.269408
28.04863	118.463	1.37888e-08	-6.270926
28.06911	118.547	1.37749e-08	-6.272444
28.08959	118.63	1.3761e-08	-6.273961
28.11007	118.714	1.3747e-08	-6.275477
28.13055	118.797	1.37331e-08	-6.276993
28.15103	118.88	1.37192e-08	-6.278507
28.17151	118.964	1.37052e-08	-6.280021
28.19199	119.047	1.36913e-08	-6.281534
28.21247	119.131	1.36773e-08	-6.283046
28.23295	119.214	1.36634e-08	-6.284558
28.25343	119.298	1.36495e-08	-6.286069
28.27391	119.381	1.36355e-08	-6.287579
28.29439	119.464	1.36215e-08	-6.289088
28.31487	119.548	1.36076e-08	-6.290596
28.33535	119.631	1.35936e-08	-6.292104
28.35583	119.715	1.35796e-08	-6.293611
28.37631	119.798	1.35657e-08	-6.295117
28.39679	119.882	1.35518e-08	-6.296622
28.41727	119.965	1.35378e-08	-6.298127
28.43775	120.048	1.35238e-08	-6.299631
28.45823	120.132	1.35099e-08	-6.301134
28.47871	120.215	1.34959e-08	-6.302636
28.49919	120.299	1.34819e-08	-6.304138
28.51967	120.382	1.3468e-08	-6.305639
28.54015	120.466	1.34541e-08	-6.307139
28.56063	120.549	1.34401e-08	-6.308638
28.58111	120.632	1.34261e-08	-6.310137
28.60159	120.716	1.34121e-08	-6.311634
28.62207	120.799	1.33982e-08	-6.313131
28.64255	120.883	1.33842e-08	-6.314628
28.66303	120.966	1.33702e-08	-6.316123
28.68351	121.049	1.33563e-08	-6.317618
28.70399	121.133	1.33423e-08	-6.319112
28.72447	121.216	1.33283e-08	-6.320605
28.74495	121.3	1.33143e-08	-6.322098
28.76543	121.383	1.33004e-08	-6.323589
28.78591	121.467	1.32864e-08	-6.325081
28.80639	121.55	1.32725e-08	-6.326571
28.82687	121.633	1.32585e-08	-6.32806
28.84735	121.717	1.32445e-08	-6.329549
28.86783	121.8	1.32305e-08	-6.331037
28.88831	121.884	1.32165e-08	-6.332524
28.90879	121.967	1.32026e-08	-6.334011
28.92927	122.05	1.31886e-08	-6.335497
28.94975	122.134	1.31747e-08	-6.336982
28.97023	122.217	1.31607e-08	-6.338466
28.99071	122.301	1.31468e-08	-6.33995
29.01119	122.384	1.31328e-08	-6.341432
29.03167	122.467	1.31188e-08	-6.342914
29.05215	122.551	1.31049e-08	-6.344396
29.07263	122.634	1.30909e-08	-6.345876
29.09311	122.718	1.30769e-08	-6.347356
29.11359	122.801	1.3063e-08	-6.348835
29.13407	122.884	1.30491e-08	-6.350314
29.15455	122.968	1.30351e-08	-6.351792
29.17503	123.051	1.30212e-08	-6.353269
29.19551	123.135	1.30072e-08	-6.354745
29.21599	123.218	1.29933e-08	-6.35622
29.23647	123.301	1.29793e-08	-6.357695
29.25695	123.385	1.29654e-08	-6.359169
29.27743	123.468	1.29514e-08	-6.360642
29.29791	123.552	1.29375e-08	-6.362115
29.31839	123.635	1.29235e-08	-6.363587
29.33887	123.718	1.29096e-08	-6.365058
29.35935	123.802	1.28957e-08	-6.366528
29.37983	123.885	1.28817e-08	-6.367998
29.40031	123.969	1.28678e-08	-6.369467
29.42079	124.052	1.28539e-08	-6.370935
29.44127	124.135	1.284e-08	-6.372402
29.46175	124.219	1.28261e-08	-6.373869
29.48223	124.302	1.28121e-08	-6.375335
29.50271	124.385	1.27982e-08	-6.376801
29.52319	124.469	1.27843e-08	-6.378265
29.54367	124.552	1.27704e-08	-6.379729
29.56415	124.636	1.27565e-08	-6.381192
29.58463	124.719	1.27426e-08	-6.382655
29.60511	124.802	1.27287e-08	-6.384117
29.62559	124.886	1.27148e-08	-6.385578
29.64607	124.969	1.27009e-08	-6.387038
29.66655	125.053	1.2687e-08	-6.388498
29.68703	125.136	1.26732e-08	-6.389957
29.70751	125.219	1.26592e-08	-6.391415
29.72799	125.303	1.26454e-08	-6.392872
29.74847	125.386	1.26315e-08	-6.394329
29.76895	125.469	1.26176e-08	-6.395785
29.78943	125.553	1.26038e-08	-6.39724
29.80991	125.636	1.25899e-08	-6.398695
29.83039	125.72	1.2576e-08	-6.400149
29.85087	125.803	1.25622e-08	-6.401602
29.87135	125.886	1.25483e-08	-6.403055
29.89183	125.97	1.25345e-08	-6.404507
29.91231	126.053	1.25206e-08	-6.405958
29.93279	126.136	1.25068e-08	-6.407408
29.95327	126.22	1.24929e-08	-6.408858
29.97375	126.303	1.24791e-08	-6.410307
29.99423	126.387	1.24653e-08	-6.411755
30.01471	126.47	1.24515e-08	-6.413203
30.03519	126.553	1.24376e-08	-6.41465
30.05567	126.637	1.24238e-08	-6.416096
30.07615	126.72	1.24101e-08	-6.417542
30.09663	126.803	1.23962e-08	-6.418987
30.11711	126.887	1.23824e-08	-6.420431
30.13759	126.97	1.23686e-08	-6.421874
30.15807	127.053	1.23548e-08	-6.423317
30.17855	127.137	1.23411e-08	-6.424759
30.19903	127.22	1.23273e-08	-6.426201
30.21951	127.304	1.23135e-08	-6.427641
30.23999	127.387	1.22997e-08	-6.429081
30.26047	127.47	1.2286e-08	-6.430521
30.28095	127.554	1.22722e-08	-6.431959
30.30143	127.637	1.22585e-08	-6.433397
30.32191	127.72	1.22447e-08	-6.434835
30.34239	127.804	1.22309e-08	-6.436271
30.36287	127.887	1.22172e-08	-6.437707
30.38335	127.97	1.22035e-08	-6.439142
30.40383	128.054	1.21897e-08	-6.440577
30.42431	128.137	1.2176e-08	-6.442011
30.44479	128.22	1.21623e-08	-6.443444
30.46527	128.304	1.21486e-08	-6.444876
30.48575	128.387	1.21349e-08	-6.446308
30.50623	128.47	1.21212e-08	-6.447739
30.52671	128.554	1.21074e-08	-6.449169
30.54719	128.637	1.20937e-08	-6.450599
30.56767	128.721	1.20801e-08	-6.452028
30.58815	128.804	1.20664e-08	-6.453457
30.60863	128.887	1.20527e-08	-6.454885
30.62911	128.971	1.2039e-08	-6.456312
30.64959	129.054	1.20254e-08	-6.457738
30.67007	129.137	1.20118e-08	-6.459164
30.69055	129.221	1.19981e-08	-6.460589
30.71103	129.304	1.19845e-08	-6.462013
30.73151	129.387	1.19708e-08	-6.463437
30.75199	129.471	1.19572e-08	-6.46486
30.77247	129.554	1.19436e-08	-6.466282
30.79295	129.637	1.19299e-08	-6.467704
30.81343	129.721	1.19163e-08	-6.469125
30.83391	129.804	1.19027e-08	-6.470545
30.85439	129.887	1.18891e-08	-6.471965
30.87487	129.971	1.18756e-08	-6.473384
30.89535	130.054	1.1862e-08	-6.474802
30.91583	130.137	1.18484e-08	-6.47622
30.93631	130.221	1.18349e-08	-6.477637
30.95679	130.304	1.18213e-08	-6.479053
30.97727	130.387	1.18077e-08	-6.480469
30.99775	130.471	1.17942e-08	-6.481884
31.01823	130.554	1.17806e-08	-6.483298
31.03871	130.637	1.17671e-08	-6.484712
31.05919	130.721	1.17536e-08	-6.486125
31.07967	130.804	1.174e-08	-6.487538
31.10015	130.887	1.17265e-08	-6.488949
31.12063	130.971	1.1713e-08	-6.49036
31.14111	131.054	1.16995e-08	-6.491771
31.16159	131.137	1.1686e-08	-6.493181
31.18207	131.221	1.16725e-08	-6.49459
31.20255	131.304	1.16591e-08	-6.495998
31.22303	131.387	1.16456e-08	-6.497406
31.24351	131.471	1.16321e-08	-6.498813
31.26399	131.554	1.16186e-08	-6.50022
31.28447	131.637	1.16052e-08	-6.501625
31.30495	131.721	1.15918e-08	-6.503031
31.32543	131.804	1.15784e-08	-6.504435
31.34591	131.887	1.15649e-08	-6.505839
31.36639	131.971	1.15515e-08	-6.507242
31.38687	132.054	1.15381e-08	-6.508645
31.40735	132.137	1.15247e-08	-6.510047
31.42783	132.221	1.15113e-08	-6.511448
31.44831	132.304	1.14979e-08	-6.512849
31.46879	132.387	1.14845e-08	-6.514249
31.48927	132.471	1.14712e-08	-6.515648
31.50975	132.554	1.14578e-08	-6.517047
31.53023	132.637	1.14445e-08	-6.518445
31.55071	132.721	1.14311e-08	-6.519842
31.57119	132.804	1.14178e-08	-6.521239
31.59167	132.887	1.14045e-08	-6.522635
31.61215	132.97	1.13911e-08	-6.524031
31.63263	133.054	1.13778e-08	-6.525426
31.65311	133.137	1.13645e-08	-6.52682
31.67359	133.22	1.13512e-08	-6.528214
31.69407	133.304	1.13379e-08	-6.529606
31.71455	133.387	1.13247e-08	-6.530999
31.73503	133.47	1.13114e-08	-6.532391
31.75551	133.554	1.12981e-08	-6.533782
31.77599	133.637	1.12848e-08	-6.535172
31.79647	133.72	1.12715e-08	-6.536562
31.81695	133.804	1.12584e-08	-6.537951
31.83743	133.887	1.12471e-08	-6.539339
31.87839	134.054	1.12291e-08	-6.542115
31.91935	134.22	1.12112e-08	-6.544887
31.96031	134.387	1.11933e-08	-6.547657
32.00127	134.553	1.11752e-08	-6.550425
32.04223	134.72	1.11572e-08	-6.55319
32.08319	134.887	1.11392e-08	-6.555953
32.12415	135.053	1.11212e-08	-6.558713
32.16511	135.22	1.11031e-08	-6.56147
32.20607	135.386	1.1085e-08	-6.564225
32.24703	135.553	1.10669e-08	-6.566978
32.28799	135.72	1.10489e-08	-6.569728
32.32895	135.886	1.10307e-08	-6.572476
32.36991	136.053	1.10126e-08	-6.575221
32.41087	136.219	1.09945e-08	-6.577964
32.45183	136.386	1.09764e-08	-6.580704
32.49279	136.552	1.09582e-08	-6.583442
32.53375	136.719	1.09401e-08	-6.586177
32.57471	136.886	1.09219e-08	-6.58891
32.61567	137.052	1.09037e-08	-6.591641
32.65663	137.219	1.08855e-08	-6.594369
32.69759	137.385	1.08672e-08	-6.597094
32.73855	137.552	1.0849e-08	-6.599818
32.77951	137.718	1.08308e-08	-6.602539
32.82047	137.885	1.08125e-08	-6.605257
32.86143	138.052	1.07943e-08	-6.607973
32.90239	138.218	1.0776e-08	-6.610687
32.94335	138.385	1.07577e-08	-6.613398
32.98431	138.551	1.07395e-08	-6.616107
33.02527	138.718	1.07212e-08	-6.618813
33.06623	138.884	1.07029e-08	-6.621517
33.10719	139.051	1.06846e-08	-6.624219
33.14815	139.217	1.06663e-08	-6.626919
33.18911	139.384	1.0648e-08	-6.629615
33.23007	139.55	1.06297e-08	-6.63231
33.27103	139.717	1.06114e-08	-6.635002
33.31199	139.883	1.0593e-08	-6.637692
33.35295	140.05	1.05747e-08	-6.64038
33.39391	140.217	1.05564e-08	-6.643065
33.43487	140.383	1.0538e-08	-6.645748
33.47583	140.55	1.05197e-08	-6.648429
33.51679	140.716	1.05013e-08	-6.651107
33.55775	140.883	1.0483e-08	-6.653783
33.59871	141.049	1.04646e-08	-6.656456
33.63967	141.216	1.04463e-08	-6.659128
33.68063	141.382	1.04279e-08	-6.661797
33.72159	141.549	1.04096e-08	-6.664463
33.76255	141.715	1.03912e-08	-6.667128
33.80351	141.882	1.03729e-08	-6.66979
33.84447	142.048	1.03545e-08	-6.67245
33.88543	142.215	1.03361e-08	-6.675107
33.92639	142.381	1.03178e-08	-6.677763
33.96735	142.548	1.02994e-08	-6.680415
34.00831	142.714	1.02811e-08	-6.683066
34.04927	142.881	1.02626e-08	-6.685715
34.09023	143.047	1.02443e-08	-6.688361
34.13119	143.214	1.0226e-08	-6.691005
34.17215	143.38	1.02076e-08	-6.693646
34.21311	143.547	1.01892e-08	-6.696286
34.25407	143.713	1.01709e-08	-6.698923
34.29503	143.88	1.01525e-08	-6.701558
34.33599	144.046	1.01342e-08	-6.704191
34.37695	144.212	1.01159e-08	-6.706821
34.41791	144.379	1.00975e-08	-6.70945
34.45887	144.545	1.00792e-08	-6.712076
34.49983	144.712	1.00608e-08	-6.7147
34.54079	144.878	1.00425e-08	-6.717321
34.58175	145.045	1.00242e-08	-6.71994
34.62271	145.211	1.00058e-08	-6.722558
34.66367	145.378	9.98752e-09	-6.725173
34.70463	145.544	9.96922e-09	-6.727786
34.74559	145.711	9.9509e-09	-6.730396
34.78655	145.877	9.93261e-09	-6.733005
34.82751	146.043	9.91434e-09	-6.735611
34.86847	146.21	9.89605e-09	-6.738215
34.90943	146.376	9.87774e-09	-6.740817
34.95039	146.543	9.8595e-09	-6.743417
34.99135	146.709	9.8412e-09	-6.746014
35.03231	146.876	9.82297e-09	-6.74861
35.07327	147.042	9.80472e-09	-6.751203
35.11423	147.209	9.78645e-09	-6.753794
35.15519	147.375	9.76821e-09	-6.756383
35.19615	147.541	9.74999e-09	-6.75897
35.23711	147.708	9.73177e-09	-6.761555
35.27807	147.874	9.71356e-09	-6.764137
35.31903	148.041	9.69538e-09	-6.766718
35.35999	148.207	9.67718e-09	-6.769296
35.40095	148.374	9.65901e-09	-6.771872
35.44191	148.54	9.64082e-09	-6.774446
35.48287	148.706	9.62267e-09	-6.777018
35.52383	148.873	9.6045e-09	-6.779588
35.56479	149.039	9.58635e-09	-6.782156
35.60575	149.206	9.56823e-09	-6.784721
35.64671	149.372	9.5501e-09	-6.787285
35.68767	149.538	9.53199e-09	-6.789846
35.72863	149.705	9.51388e-09	-6.792406
35.76959	149.871	9.49579e-09	-6.794963
35.81055	150.038	9.47772e-09	-6.797518
35.85151	150.204	9.45965e-09	-6.800071
35.89247	150.37	9.4416e-09	-6.802622
35.93343	150.537	9.42357e-09	-6.805171
35.97439	150.703	9.40554e-09	-6.807718
36.01535	150.869	9.38753e-09	-6.810263
36.05631	151.036	9.36951e-09	-6.812806
36.09727	151.202	9.35152e-09	-6.815347
36.13823	151.369	9.33356e-09	-6.817885
36.17919	151.535	9.31559e-09	-6.820422
36.22015	151.701	9.29764e-09	-6.822957
36.26111	151.868	9.2797e-09	-6.825489
36.30207	152.034	9.26178e-09	-6.82802
36.34303	152.201	9.24387e-09	-6.830548
36.38399	152.367	9.22597e-09	-6.833075
36.42495	152.533	9.2081e-09	-6.835599
36.46591	152.7	9.19024e-09	-6.838121
36.50687	152.866	9.17239e-09	-6.840642
36.54783	153.032	9.15455e-09	-6.84316
36.58879	153.199	9.13673e-09	-6.845677
36.62975	153.365	9.11893e-09	-6.848191
36.67071	153.531	9.10114e-09	-6.850703
36.71167	153.698	9.08337e-09	-6.853214
36.75263	153.864	9.06562e-09	-6.855722
36.79359	154.03	9.04787e-09	-6.858229
36.83455	154.197	9.03016e-09	-6.860733
36.87551	154.363	9.01246e-09	-6.863236
36.91647	154.529	8.99476e-09	-6.865736
36.95743	154.696	8.97709e-09	-6.868235
36.99839	154.862	8.95943e-09	-6.870731
37.03935	155.028	8.9418e-09	-6.873226
37.0710212	155.157	8.92817e-09	-6.875153
37.10079	155.278	8.91901e-09	-6.876964
37.14175	155.444	8.90639e-09	-6.879454
37.18271	155.611	8.89378e-09	-6.881941
37.22367	155.777	8.88115e-09	-6.884427
37.26463	155.943	8.86851e-09	-6.886911
37.30559	156.11	8.85586e-09	-6.889393
37.34655	156.276	8.84321e-09	-6.891872
37.38751	156.442	8.83055e-09	-6.89435
37.42847	156.609	8.81788e-09	-6.896827
37.46943	156.775	8.80521e-09	-6.899301
37.51039	156.941	8.79251e-09	-6.901773
37.55135	157.107	8.77983e-09	-6.904243
37.59231	157.274	8.76713e-09	-6.906712
37.63327	157.44	8.75442e-09	-6.909178
37.67423	157.606	8.74171e-09	-6.911643
37.71519	157.773	8.72899e-09	-6.914105
37.75615	157.939	8.71627e-09	-6.916566
37.79711	158.105	8.70354e-09	-6.919025
37.83807	158.272	8.69081e-09	-6.921482
37.87903	158.438	8.67807e-09	-6.923937
37.91999	158.604	8.66532e-09	-6.92639
37.96095	158.77	8.65257e-09	-6.928841
38.00191	158.937	8.63981e-09	-6.93129
38.04287	159.103	8.62706e-09	-6.933738
38.08383	159.269	8.61429e-09	-6.936184
38.12479	159.436	8.60152e-09	-6.938627
38.16575	159.602	8.58874e-09	-6.941069
38.20671	159.768	8.57597e-09	-6.943509
38.24767	159.934	8.56318e-09	-6.945947
38.28863	160.101	8.5504e-09	-6.948384
38.32959	160.267	8.53761e-09	-6.950818
38.37055	160.433	8.52482e-09	-6.953251
38.41151	160.6	8.51203e-09	-6.955681
38.45247	160.766	8.49923e-09	-6.95811
38.49343	160.932	8.48643e-09	-6.960537
38.53439	161.098	8.47363e-09	-6.962962
38.57535	161.265	8.46082e-09	-6.965386
38.61631	161.431	8.44801e-09	-6.967807
38.65727	161.597	8.43521e-09	-6.970227
38.69823	161.763	8.4224e-09	-6.972645
38.73919	161.93	8.40959e-09	-6.975061
38.78015	162.096	8.39677e-09	-6.977475
38.82111	162.262	8.38395e-09	-6.979887
38.86207	162.428	8.37114e-09	-6.982298
38.90303	162.595	8.35832e-09	-6.984707
38.94399	162.761	8.34551e-09	-6.987114
38.98495	162.927	8.33269e-09	-6.989519
39.02591	163.093	8.31987e-09	-6.991922
39.06687	163.26	8.30705e-09	-6.994324
39.10783	163.426	8.29423e-09	-6.996723
39.14879	163.592	8.28141e-09	-6.999121
39.18975	163.758	8.26859e-09	-7.001518
39.23071	163.925	8.25577e-09	-7.003912
39.27167	164.091	8.24295e-09	-7.006304
39.31263	164.257	8.23014e-09	-7.008695
39.35359	164.423	8.21732e-09	-7.011084
39.39455	164.59	8.2045e-09	-7.013472
39.43551	164.756	8.19169e-09	-7.015857
39.47647	164.922	8.17888e-09	-7.018241
39.51743	165.088	8.16606e-09	-7.020623
39.55839	165.254	8.15325e-09	-7.023003
39.59935	165.421	8.14044e-09	-7.025382
39.64031	165.587	8.12764e-09	-7.027758
39.68127	165.753	8.11483e-09	-7.030133
39.72223	165.919	8.10202e-09	-7.032506
39.76319	166.085	8.08923e-09	-7.034878
39.80415	166.252	8.07643e-09	-7.037248
39.84511	166.418	8.06363e-09	-7.039616
39.88607	166.584	8.05084e-09	-7.041982
39.92703	166.75	8.03805e-09	-7.044346
39.96799	166.917	8.02527e-09	-7.046709
40.00895	167.083	8.01249e-09	-7.04907
40.04991	167.249	7.9997e-09	-7.051429
40.09087	167.415	7.98692e-09	-7.053787
40.13183	167.581	7.97415e-09	-7.056143
40.17279	167.747	7.96138e-09	-7.058497
40.21375	167.914	7.94862e-09	-7.060849
40.25471	168.08	7.93586e-09	-7.0632
40.29567	168.246	7.92309e-09	-7.065549
40.33663	168.412	7.91035e-09	-7.067896
40.37759	168.578	7.89759e-09	-7.070242
40.41855	168.745	7.88485e-09	-7.072586
40.45951	168.911	7.87211e-09	-7.074928
40.50047	169.077	7.85937e-09	-7.077269
40.54143	169.243	7.84664e-09	-7.079608
40.58239	169.409	7.83392e-09	-7.081945
40.62335	169.576	7.82119e-09	-7.08428
40.66431	169.742	7.80848e-09	-7.086614
40.70527	169.908	7.79578e-09	-7.088946
40.74623	170.074	7.78307e-09	-7.091277
40.78719	170.24	7.77037e-09	-7.093605
40.82815	170.406	7.75768e-09	-7.095932
40.86911	170.573	7.74499e-09	-7.098258
40.91007	170.739	7.73231e-09	-7.100582
40.95103	170.905	7.71964e-09	-7.102904
40.99199	171.071	7.70697e-09	-7.105224
41.03295	171.237	7.6943e-09	-7.107543
41.07391	171.403	7.68165e-09	-7.10986
41.11487	171.569	7.669e-09	-7.112176
41.15583	171.736	7.65636e-09	-7.114489
41.19679	171.902	7.64372e-09	-7.116802
41.23775	172.068	7.6311e-09	-7.119112
41.27871	172.234	7.61848e-09	-7.121421
41.31967	172.4	7.60586e-09	-7.123728
41.36063	172.566	7.59325e-09	-7.126034
41.40159	172.733	7.58066e-09	-7.128338
41.44255	172.899	7.56806e-09	-7.13064
41.48351	173.065	7.55548e-09	-7.132941
41.52447	173.231	7.5429e-09	-7.13524
41.56543	173.397	7.53033e-09	-7.137538
41.60639	173.563	7.51777e-09	-7.139834
41.64735	173.729	7.50521e-09	-7.142128
41.68831	173.895	7.49267e-09	-7.14442
41.72927	174.062	7.48014e-09	-7.146712
41.77023	174.228	7.46761e-09	-7.149001
41.81119	174.394	7.45509e-09	-7.151289
41.85215	174.56	7.44257e-09	-7.153575
41.89311	174.726	7.43007e-09	-7.15586
41.93407	174.892	7.41758e-09	-7.158143
41.97503	175.058	7.40509e-09	-7.160424
42.01599	175.224	7.39262e-09	-7.162704
42.05695	175.391	7.38015e-09	-7.164982
42.09791	175.557	7.36769e-09	-7.167259
42.13887	175.723	7.35524e-09	-7.169534
42.17983	175.889	7.34281e-09	-7.171808
42.22079	176.055	7.33037e-09	-7.17408
42.26175	176.221	7.31796e-09	-7.17635
42.30271	176.387	7.30554e-09	-7.178619
42.34367	176.553	7.29642e-09	-7.180886
42.38463	176.72	7.2885e-09	-7.183152
42.42559	176.886	7.28059e-09	-7.185416
42.46655	177.052	7.27265e-09	-7.187678
42.50751	177.218	7.26472e-09	-7.189939
42.54847	177.384	7.25677e-09	-7.192198
42.58943	177.55	7.24881e-09	-7.194456
42.63039	177.716	7.24084e-09	-7.196713
42.67135	177.882	7.23287e-09	-7.198967
42.71231	178.048	7.22489e-09	-7.20122
42.75327	178.214	7.21689e-09	-7.203472
42.79423	178.38	7.20889e-09	-7.205722
42.83519	178.547	7.20088e-09	-7.207971
42.87615	178.713	7.19286e-09	-7.210218
42.91711	178.879	7.18484e-09	-7.212463
42.95807	179.045	7.1768e-09	-7.214707
42.99903	179.211	7.16876e-09	-7.21695
43.03999	179.377	7.1607e-09	-7.21919
43.08095	179.543	7.15264e-09	-7.22143
43.12191	179.709	7.14458e-09	-7.223668
43.16287	179.875	7.1365e-09	-7.225904
43.20383	180.041	7.12843e-09	-7.228139
43.24479	180.207	7.12033e-09	-7.230372
43.28575	180.373	7.11224e-09	-7.232604
43.32671	180.54	7.10414e-09	-7.234834
43.36767	180.706	7.09602e-09	-7.237063
43.40863	180.872	7.08791e-09	-7.23929
43.44959	181.038	7.07978e-09	-7.241516
43.49055	181.204	7.07165e-09	-7.24374
43.53151	181.37	7.06351e-09	-7.245963
43.57247	181.536	7.05537e-09	-7.248184
43.61343	181.702	7.04722e-09	-7.250404
43.65439	181.868	7.03906e-09	-7.252622
43.69535	182.034	7.03089e-09	-7.254839
43.73631	182.2	7.02273e-09	-7.257054
43.77727	182.366	7.01455e-09	-7.259268
43.81823	182.532	7.00637e-09	-7.26148
43.85919	182.698	6.99818e-09	-7.263691
43.90015	182.864	6.98999e-09	-7.2659
43.94111	183.03	6.98179e-09	-7.268108
43.98207	183.196	6.97359e-09	-7.270315
44.02303	183.362	6.96538e-09	-7.272519
44.06399	183.529	6.95717e-09	-7.274723
44.10495	183.695	6.94894e-09	-7.276925
44.14591	183.861	6.94072e-09	-7.279126
44.18687	184.027	6.93249e-09	-7.281325
44.22783	184.193	6.92426e-09	-7.283522
44.26879	184.359	6.91602e-09	-7.285718
44.30975	184.525	6.90778e-09	-7.287913
44.35071	184.691	6.89953e-09	-7.290106
44.39167	184.857	6.89127e-09	-7.292298
44.43263	185.023	6.88302e-09	-7.294488
44.47359	185.189	6.87475e-09	-7.296677
44.51455	185.355	6.86648e-09	-7.298865
44.55551	185.521	6.85822e-09	-7.301051
44.59647	185.687	6.84994e-09	-7.303235
44.63743	185.853	6.84166e-09	-7.305418
44.67839	186.019	6.83338e-09	-7.3076
44.71935	186.185	6.82509e-09	-7.30978
44.76031	186.351	6.81681e-09	-7.311959
44.80127	186.517	6.80852e-09	-7.314137
44.84223	186.683	6.80022e-09	-7.316313
44.88319	186.849	6.79192e-09	-7.318487
44.92415	187.015	6.78362e-09	-7.32066
44.96511	187.181	6.77531e-09	-7.322832
45.00607	187.347	6.767e-09	-7.325002
45.04703	187.513	6.75868e-09	-7.327171
45.08799	187.679	6.75037e-09	-7.329338
45.12895	187.845	6.74205e-09	-7.331505
45.16991	188.011	6.73373e-09	-7.333669
45.21087	188.177	6.72541e-09	-7.335832
45.25183	188.343	6.71709e-09	-7.337994
45.29279	188.509	6.70876e-09	-7.340155
45.33375	188.675	6.70043e-09	-7.342314
45.37471	188.841	6.69209e-09	-7.344471
45.41567	189.007	6.68376e-09	-7.346627
45.45663	189.173	6.67542e-09	-7.348782
45.49759	189.339	6.66708e-09	-7.350936
45.53855	189.505	6.65874e-09	-7.353088
45.57951	189.671	6.65039e-09	-7.355238
45.62047	189.837	6.64205e-09	-7.357388
45.66143	190.003	6.6337e-09	-7.359536
45.70239	190.169	6.62536e-09	-7.361682
45.74335	190.335	6.61701e-09	-7.363827
45.78431	190.501	6.60865e-09	-7.365971
45.82527	190.667	6.6003e-09	-7.368113
45.86623	190.833	6.59195e-09	-7.370254
45.90719	190.999	6.58359e-09	-7.372394
45.94815	191.165	6.57523e-09	-7.374532
45.98911	191.331	6.56688e-09	-7.376669
46.03007	191.497	6.55852e-09	-7.378805
46.07103	191.663	6.55016e-09	-7.380939
46.11199	191.829	6.5418e-09	-7.383072
46.15295	191.995	6.53344e-09	-7.385203
46.19391	192.161	6.52507e-09	-7.387333
46.23487	192.327	6.51671e-09	-7.389462
46.27583	192.493	6.50835e-09	-7.391589
46.31679	192.659	6.49999e-09	-7.393715
46.35775	192.825	6.49162e-09	-7.39584
46.39871	192.991	6.48326e-09	-7.397963
46.43967	193.157	6.4749e-09	-7.400085
46.48063	193.323	6.46653e-09	-7.402206
46.52159	193.489	6.45817e-09	-7.404325
46.56255	193.654	6.4498e-09	-7.406443
46.60351	193.82	6.44144e-09	-7.40856
46.64447	193.986	6.43307e-09	-7.410675
46.68543	194.152	6.42471e-09	-7.412789
46.72639	194.318	6.41635e-09	-7.414902
46.76735	194.484	6.40798e-09	-7.417013
46.82879	194.733	6.39544e-09	-7.420177
46.86975	194.899	6.38708e-09	-7.422285
46.91071	195.065	6.37871e-09	-7.424392
46.97215	195.314	6.36617e-09	-7.42755
47.01311	195.48	6.35781e-09	-7.429653
47.05407	195.646	6.34945e-09	-7.431755
47.11551	195.895	6.33691e-09	-7.434906
47.15647	196.061	6.32856e-09	-7.437004
47.19743	196.227	6.32021e-09	-7.439102
47.25887	196.476	6.30767e-09	-7.442246
47.29983	196.641	6.29932e-09	-7.44434
47.34079	196.807	6.29097e-09	-7.446433
47.40223	197.056	6.27845e-09	-7.44957
47.44319	197.222	6.2701e-09	-7.451659
47.48415	197.388	6.26176e-09	-7.453748
47.54559	197.637	6.24924e-09	-7.456878
47.58655	197.803	6.2409e-09	-7.458963
47.62751	197.969	6.23256e-09	-7.461047
47.68895	198.218	6.22005e-09	-7.46417
47.72991	198.384	6.21172e-09	-7.466251
47.77087	198.55	6.20338e-09	-7.46833
47.83231	198.799	6.19088e-09	-7.471446
47.87327	198.964	6.18256e-09	-7.473523
47.91423	199.13	6.17424e-09	-7.475598
47.97567	199.379	6.16175e-09	-7.478707
48.01663	199.545	6.15343e-09	-7.480779
48.05759	199.711	6.14511e-09	-7.48285
48.11903	199.96	6.13264e-09	-7.485953
48.15999	200.126	6.12433e-09	-7.48802
48.20095	200.292	6.11602e-09	-7.490086
48.26239	200.541	6.10356e-09	-7.493183
48.30335	200.706	6.09526e-09	-7.495245
48.34431	200.872	6.08696e-09	-7.497307
48.40575	201.121	6.07452e-09	-7.500397
48.44671	201.287	6.06622e-09	-7.502455
48.48767	201.453	6.05794e-09	-7.504513
48.54911	201.702	6.04551e-09	-7.507596
48.59007	201.868	6.03723e-09	-7.50965
48.63103	202.034	6.02895e-09	-7.511703
48.69247	202.282	6.01654e-09	-7.51478
48.73343	202.448	6.00827e-09	-7.51683
48.77439	202.614	6.00001e-09	-7.518878
48.83583	202.863	5.98762e-09	-7.521948
48.87679	203.029	5.97936e-09	-7.523994
48.91775	203.195	5.9711e-09	-7.526038
48.97919	203.444	5.95873e-09	-7.529102
49.02015	203.61	5.95049e-09	-7.531143
49.06111	203.775	5.94225e-09	-7.533183
49.12255	204.024	5.92989e-09	-7.53624
49.16351	204.19	5.92166e-09	-7.538277
49.20447	204.356	5.91344e-09	-7.540313
49.26591	204.605	5.9011e-09	-7.543364
49.30687	204.771	5.89289e-09	-7.545396
49.34783	204.937	5.88467e-09	-7.547428
49.40927	205.185	5.87237e-09	-7.550472
49.45023	205.351	5.86416e-09	-7.552501
49.49119	205.517	5.85597e-09	-7.554528
49.55263	205.766	5.84368e-09	-7.557566
49.59359	205.932	5.83549e-09	-7.55959
49.63455	206.098	5.82731e-09	-7.561613
49.69599	206.346	5.81504e-09	-7.564645
49.73695	206.512	5.80687e-09	-7.566665
49.77791	206.678	5.79871e-09	-7.568684
49.83935	206.927	5.78647e-09	-7.571709
49.88031	207.093	5.77832e-09	-7.573725
49.92127	207.259	5.77017e-09	-7.57574
49.98271	207.507	5.75795e-09	-7.578759
50.02367	207.673	5.74981e-09	-7.580771
50.06463	207.839	5.74168e-09	-7.582781
50.12607	208.088	5.72949e-09	-7.585794
50.16703	208.254	5.72137e-09	-7.587802
50.20799	208.42	5.71326e-09	-7.589808
50.26943	208.668	5.7011e-09	-7.592815
50.31039	208.834	5.69299e-09	-7.594818
50.35135	209.0	5.6849e-09	-7.59682
50.41279	209.249	5.67276e-09	-7.599821
50.45375	209.415	5.66468e-09	-7.601821
50.49471	209.58	5.6566e-09	-7.603819
50.55615	209.829	5.6445e-09	-7.606813
50.59711	209.995	5.63644e-09	-7.608809
50.63807	210.161	5.62838e-09	-7.610803
50.69951	210.41	5.6163e-09	-7.613791
50.74047	210.575	5.60825e-09	-7.615782
50.78143	210.741	5.60022e-09	-7.617772
50.84287	210.99	5.58817e-09	-7.620755
50.88383	211.156	5.58014e-09	-7.622742
50.92479	211.322	5.57213e-09	-7.624727
50.98623	211.57	5.56011e-09	-7.627704
51.02719	211.736	5.55211e-09	-7.629687
51.06815	211.902	5.54411e-09	-7.631669
51.12959	212.151	5.53212e-09	-7.634639
51.17055	212.317	5.52414e-09	-7.636618
51.21151	212.482	5.51617e-09	-7.638596
51.27295	212.731	5.50421e-09	-7.641561
51.31391	212.897	5.49626e-09	-7.643536
51.35487	213.063	5.4883e-09	-7.64551
51.41631	213.312	5.47638e-09	-7.648468
51.45727	213.477	5.46844e-09	-7.650439
51.49823	213.643	5.46051e-09	-7.652409
51.55967	213.892	5.44862e-09	-7.655362
51.60063	214.058	5.44071e-09	-7.657329
51.64159	214.223	5.4328e-09	-7.659295
51.70303	214.472	5.42095e-09	-7.662242
51.74399	214.638	5.41305e-09	-7.664205
51.78495	214.804	5.40516e-09	-7.666167
51.84639	215.052	5.39335e-09	-7.669108
51.88735	215.218	5.38548e-09	-7.671067
51.92831	215.384	5.37762e-09	-7.673025
51.98975	215.633	5.36584e-09	-7.67596
52.03071	215.799	5.35799e-09	-7.677915
52.07167	215.964	5.35015e-09	-7.67987
52.13311	216.213	5.3384e-09	-7.682799
52.17407	216.379	5.33058e-09	-7.68475
52.21503	216.545	5.32277e-09	-7.686701
52.27647	216.793	5.31105e-09	-7.689624
52.31743	216.959	5.30325e-09	-7.691572
52.35839	217.125	5.29547e-09	-7.693518
52.41983	217.374	5.28379e-09	-7.696436
52.46079	217.539	5.27602e-09	-7.698379
52.50175	217.705	5.26825e-09	-7.700322
52.56319	217.954	5.25662e-09	-7.703234
52.60415	218.12	5.24887e-09	-7.705174
52.64511	218.285	5.24113e-09	-7.707113
52.70655	218.534	5.22953e-09	-7.710019
52.74751	218.7	5.22181e-09	-7.711955
52.78847	218.866	5.21409e-09	-7.71389
52.84991	219.114	5.20607e-09	-7.716791
52.91135	219.363	5.19883e-09	-7.719689
52.99327	219.694	5.18915e-09	-7.723549
53.05471	219.943	5.18189e-09	-7.726442
53.13663	220.275	5.17219e-09	-7.730295
53.19807	220.523	5.16491e-09	-7.733181
53.27999	220.855	5.15519e-09	-7.737027
53.34143	221.103	5.14789e-09	-7.739908
53.42335	221.435	5.13814e-09	-7.743746
53.48479	221.684	5.13083e-09	-7.746621
53.56671	222.015	5.12107e-09	-7.750452
53.62815	222.264	5.11373e-09	-7.753322
53.71007	222.595	5.10395e-09	-7.757145
53.77151	222.844	5.0966e-09	-7.76001
53.85343	223.175	5.0868e-09	-7.763825
53.91487	223.424	5.07944e-09	-7.766685
53.99679	223.755	5.06961e-09	-7.770493
54.05823	224.004	5.06224e-09	-7.773346
54.14015	224.336	5.05241e-09	-7.777148
54.20159	224.584	5.04502e-09	-7.779996
54.28351	224.916	5.03516e-09	-7.78379
54.34495	225.164	5.02776e-09	-7.786632
54.42687	225.496	5.01789e-09	-7.790419
54.48831	225.744	5.01048e-09	-7.793256
54.57023	226.076	5.00059e-09	-7.797036
54.63167	226.324	4.99317e-09	-7.799868
54.71359	226.656	4.98328e-09	-7.80364
54.77503	226.904	4.97585e-09	-7.806467
54.85695	227.236	4.96593e-09	-7.810232
54.91839	227.484	4.95849e-09	-7.813053
54.95935	227.65	4.95353e-09	-7.814933
55.00031	227.816	4.94857e-09	-7.816811
55.04127	227.982	4.9436e-09	-7.818689
55.08223	228.147	4.93864e-09	-7.820565
55.14367	228.396	4.93119e-09	-7.823378
55.18463	228.562	4.92622e-09	-7.825252
55.22559	228.727	4.92125e-09	-7.827125
55.28703	228.976	4.91378e-09	-7.829933
55.32799	229.142	4.90881e-09	-7.831803
55.36895	229.307	4.90383e-09	-7.833673
55.43039	229.556	4.89637e-09	-7.836475
55.47135	229.722	4.89139e-09	-7.838342
55.51231	229.887	4.88641e-09	-7.840208
55.55327	230.053	4.88143e-09	-7.842073
55.59423	230.219	4.87644e-09	-7.843937
55.63519	230.384	4.87146e-09	-7.8458
55.67615	230.55	4.86648e-09	-7.847662
55.71711	230.716	4.86149e-09	-7.849523
55.75807	230.881	4.85651e-09	-7.851383
55.79903	231.047	4.85152e-09	-7.853242
55.83999	231.213	4.84653e-09	-7.8551
55.88095	231.379	4.84154e-09	-7.856958
55.92191	231.544	4.83655e-09	-7.858814
55.96287	231.71	4.83156e-09	-7.860669
56.00383	231.876	4.82657e-09	-7.862523
56.04479	232.041	4.82158e-09	-7.864376
56.08575	232.207	4.81658e-09	-7.866228
56.12671	232.373	4.81159e-09	-7.86808
56.16767	232.538	4.8066e-09	-7.86993
56.20863	232.704	4.8016e-09	-7.871779
56.24959	232.87	4.7966e-09	-7.873627
56.29055	233.036	4.79161e-09	-7.875475
56.33151	233.201	4.78662e-09	-7.877321
56.37247	233.367	4.78161e-09	-7.879167
56.41343	233.533	4.77662e-09	-7.881011
56.45439	233.698	4.77162e-09	-7.882854
56.49535	233.864	4.76662e-09	-7.884697
56.53631	234.03	4.76163e-09	-7.886538
56.57727	234.195	4.75663e-09	-7.888379
56.61823	234.361	4.75163e-09	-7.890218
56.65919	234.527	4.74663e-09	-7.892057
56.70015	234.692	4.74163e-09	-7.893895
56.74111	234.858	4.73663e-09	-7.895732
56.78207	235.024	4.73163e-09	-7.897567
56.82303	235.189	4.72663e-09	-7.899402
56.86399	235.355	4.72163e-09	-7.901236
56.90495	235.521	4.71663e-09	-7.903069
56.94591	235.686	4.71163e-09	-7.904901
56.98687	235.852	4.70663e-09	-7.906732
57.02783	236.018	4.70163e-09	-7.908562
57.06879	236.183	4.69663e-09	-7.910391
57.10975	236.349	4.69162e-09	-7.912219
57.15071	236.515	4.68662e-09	-7.914046
57.19167	236.68	4.68163e-09	-7.915872
57.23263	236.846	4.67662e-09	-7.917698
57.27359	237.012	4.67163e-09	-7.919522
57.31455	237.177	4.66663e-09	-7.921345
57.35551	237.343	4.66163e-09	-7.923168
57.39647	237.509	4.65663e-09	-7.924989
57.43743	237.674	4.65163e-09	-7.92681
57.47839	237.84	4.64663e-09	-7.928629
57.51935	238.006	4.64164e-09	-7.930448
57.56031	238.171	4.63664e-09	-7.932266
57.60127	238.337	4.63164e-09	-7.934083
57.64223	238.503	4.62665e-09	-7.935899
57.68319	238.668	4.62165e-09	-7.937714
57.72415	238.834	4.61665e-09	-7.939528
57.76511	239.0	4.61166e-09	-7.941341
57.80607	239.165	4.60667e-09	-7.943153
57.84703	239.331	4.60167e-09	-7.944964
57.88799	239.497	4.59668e-09	-7.946774
57.92895	239.662	4.59168e-09	-7.948584
57.96991	239.828	4.58669e-09	-7.950392
58.01087	239.994	4.5817e-09	-7.9522
58.05183	240.159	4.57671e-09	-7.954006
58.09279	240.325	4.57172e-09	-7.955812
58.13375	240.49	4.56673e-09	-7.957617
58.17471	240.656	4.56174e-09	-7.959421
58.21567	240.822	4.55676e-09	-7.961224
58.25663	240.987	4.55177e-09	-7.963026
58.29759	241.153	4.54679e-09	-7.964827
58.33855	241.319	4.5418e-09	-7.966627
58.37951	241.484	4.53682e-09	-7.968426
58.42047	241.65	4.53183e-09	-7.970224
58.46143	241.816	4.52685e-09	-7.972022
58.50239	241.981	4.52187e-09	-7.973818
58.54335	242.147	4.51689e-09	-7.975614
58.58431	242.312	4.51191e-09	-7.977409
58.62527	242.478	4.50693e-09	-7.979203
58.66623	242.644	4.50196e-09	-7.980995
58.70719	242.809	4.49698e-09	-7.982787
58.74815	242.975	4.49201e-09	-7.984578
58.78911	243.141	4.48703e-09	-7.986369
58.83007	243.306	4.48206e-09	-7.988158
58.87103	243.472	4.47709e-09	-7.989946
58.91199	243.638	4.47212e-09	-7.991734
58.95295	243.803	4.46715e-09	-7.99352
58.99391	243.969	4.46218e-09	-7.995306
59.03487	244.134	4.45722e-09	-7.997091
59.07583	244.3	4.45226e-09	-7.998875
59.11679	244.466	4.44729e-09	-8.000658
59.15775	244.631	4.44233e-09	-8.00244
59.19871	244.797	4.43737e-09	-8.004221
59.23967	244.963	4.43241e-09	-8.006001
59.28063	245.128	4.42745e-09	-8.007781
59.32159	245.294	4.4225e-09	-8.009559
59.36255	245.459	4.41754e-09	-8.011337
59.40351	245.625	4.41259e-09	-8.013114
59.44447	245.791	4.40764e-09	-8.01489
59.48543	245.956	4.40269e-09	-8.016664
59.52639	246.122	4.39774e-09	-8.018439
59.56735	246.287	4.3928e-09	-8.020212
59.60831	246.453	4.38785e-09	-8.021984
59.64927	246.619	4.3829e-09	-8.023756
59.69023	246.784	4.37797e-09	-8.025526
59.73119	246.95	4.37302e-09	-8.027296
59.77215	247.115	4.36808e-09	-8.029065
59.81311	247.281	4.36315e-09	-8.030833
59.85407	247.447	4.35822e-09	-8.0326
59.89503	247.612	4.35328e-09	-8.034366
59.93599	247.778	4.34835e-09	-8.036131
59.97695	247.944	4.34342e-09	-8.037895
60.01791	248.109	4.33849e-09	-8.039659
60.05887	248.275	4.33357e-09	-8.041422
60.09983	248.44	4.32864e-09	-8.043184
60.14079	248.606	4.32372e-09	-8.044944
60.18175	248.772	4.3188e-09	-8.046705
60.22271	248.937	4.31388e-09	-8.048464
60.26367	249.103	4.30897e-09	-8.050222
60.30463	249.268	4.30406e-09	-8.05198
60.34559	249.434	4.29914e-09	-8.053736
60.38655	249.6	4.29423e-09	-8.055492
60.42751	249.765	4.28932e-09	-8.057247
60.46847	249.931	4.28442e-09	-8.059001
60.50943	250.096	4.27952e-09	-8.060754
60.55039	250.262	4.27461e-09	-8.062506
60.59135	250.427	4.26972e-09	-8.064258
60.63231	250.593	4.26482e-09	-8.066008
60.67327	250.759	4.25993e-09	-8.067758
60.71423	250.924	4.25503e-09	-8.069507
60.75519	251.09	4.25014e-09	-8.071255
60.79615	251.255	4.24525e-09	-8.073002
60.83711	251.421	4.24036e-09	-8.074748
60.87807	251.587	4.23548e-09	-8.076494
60.91903	251.752	4.2306e-09	-8.078238
60.95999	251.918	4.22572e-09	-8.079982
61.00095	252.083	4.22084e-09	-8.081725
61.04191	252.249	4.21597e-09	-8.083467
61.08287	252.415	4.2111e-09	-8.085208
61.12383	252.58	4.20622e-09	-8.086949
61.16479	252.746	4.20136e-09	-8.088688
61.20575	252.911	4.19649e-09	-8.090427
61.24671	253.077	4.19163e-09	-8.092165
61.28767	253.242	4.18677e-09	-8.093902
61.32863	253.408	4.18192e-09	-8.095638
61.36959	253.574	4.17705e-09	-8.097373
61.41055	253.739	4.1722e-09	-8.099108
61.45151	253.905	4.16735e-09	-8.100841
61.49247	254.07	4.1625e-09	-8.102574
61.53343	254.236	4.15766e-09	-8.104306
61.57439	254.401	4.15282e-09	-8.106037
61.61535	254.567	4.14798e-09	-8.107768
61.65631	254.733	4.14314e-09	-8.109497
61.69727	254.898	4.13831e-09	-8.111226
61.73823	255.064	4.13347e-09	-8.112953
61.77919	255.229	4.12864e-09	-8.11468
61.82015	255.395	4.12382e-09	-8.116407
61.86111	255.56	4.119e-09	-8.118132
61.90207	255.726	4.11418e-09	-8.119856
61.94303	255.892	4.10935e-09	-8.12158
61.98399	256.057	4.10454e-09	-8.123303
62.02495	256.223	4.09972e-09	-8.125025
62.06591	256.388	4.09491e-09	-8.126746
62.10687	256.554	4.0901e-09	-8.128466
62.14783	256.719	4.0853e-09	-8.130186
62.18879	256.885	4.08049e-09	-8.131904
62.22975	257.05	4.0757e-09	-8.133622
62.27071	257.216	4.07091e-09	-8.135339
62.31167	257.382	4.06611e-09	-8.137056
62.35263	257.547	4.06132e-09	-8.138771
62.39359	257.713	4.05653e-09	-8.140486
62.43455	257.878	4.05175e-09	-8.1422
62.47551	258.044	4.04696e-09	-8.143913
62.51647	258.209	4.04219e-09	-8.145625
62.55743	258.375	4.03741e-09	-8.147336
62.59839	258.54	4.03264e-09	-8.149047
62.63935	258.706	4.02786e-09	-8.150756
62.68031	258.872	4.0231e-09	-8.152465
62.72127	259.037	4.01833e-09	-8.154173
62.76223	259.203	4.01358e-09	-8.155881
62.80319	259.368	4.00881e-09	-8.157587
62.84415	259.534	4.00407e-09	-8.159293
62.88511	259.699	3.99931e-09	-8.160998
62.92607	259.865	3.99457e-09	-8.162702
62.96703	260.03	3.98981e-09	-8.164405
63.00799	260.196	3.98508e-09	-8.166107
63.04895	260.361	3.98033e-09	-8.167809
63.08991	260.527	3.9756e-09	-8.16951
63.13087	260.693	3.97086e-09	-8.17121
63.17183	260.858	3.96614e-09	-8.172909
63.21279	261.024	3.96141e-09	-8.174608
63.25375	261.189	3.95669e-09	-8.176305
63.29471	261.355	3.95232e-09	-8.178002
63.37663	261.686	3.94594e-09	-8.181393
63.45855	262.017	3.93956e-09	-8.184782
63.54047	262.348	3.93316e-09	-8.188166
63.62239	262.679	3.92677e-09	-8.191548
63.70431	263.01	3.92037e-09	-8.194927
63.78623	263.341	3.91396e-09	-8.198303
63.86815	263.672	3.90755e-09	-8.201675
63.95007	264.003	3.90112e-09	-8.205044
64.03199	264.334	3.8947e-09	-8.20841
64.11391	264.665	3.88828e-09	-8.211773
64.19583	264.996	3.88184e-09	-8.215133
64.27775	265.327	3.8754e-09	-8.21849
64.35967	265.658	3.86896e-09	-8.221843
64.44159	265.989	3.8625e-09	-8.225194
64.52351	266.32	3.85605e-09	-8.228541
64.60543	266.651	3.84959e-09	-8.231886
64.68735	266.982	3.84313e-09	-8.235227
64.76927	267.313	3.83667e-09	-8.238565
64.85119	267.644	3.8302e-09	-8.2419
64.93311	267.975	3.82372e-09	-8.245232
65.01503	268.307	3.81724e-09	-8.248561
65.09695	268.638	3.81076e-09	-8.251887
65.17887	268.969	3.80427e-09	-8.25521
65.26079	269.3	3.79779e-09	-8.25853
65.34271	269.631	3.79129e-09	-8.261847
65.42463	269.962	3.7848e-09	-8.265161
65.50655	270.292	3.7783e-09	-8.268472
65.58847	270.623	3.7718e-09	-8.271779
65.67039	270.954	3.7653e-09	-8.275084
65.75231	271.285	3.75879e-09	-8.278386
65.83423	271.616	3.75228e-09	-8.281685
65.91615	271.947	3.74577e-09	-8.284981
65.99807	272.278	3.73926e-09	-8.288274
66.07999	272.609	3.73275e-09	-8.291564
66.16191	272.94	3.72623e-09	-8.294851
66.24383	273.271	3.71971e-09	-8.298134
66.32575	273.602	3.71319e-09	-8.301415
66.40767	273.933	3.70667e-09	-8.304694
66.48959	274.264	3.70014e-09	-8.307969
66.57151	274.595	3.69362e-09	-8.311241
66.65343	274.926	3.6871e-09	-8.31451
66.73535	275.257	3.68057e-09	-8.317777
66.81727	275.588	3.67405e-09	-8.32104
66.89919	275.919	3.66751e-09	-8.324301
66.98111	276.25	3.66099e-09	-8.327558
67.06303	276.581	3.65446e-09	-8.330813
67.14495	276.912	3.64793e-09	-8.334065
67.22687	277.243	3.6414e-09	-8.337314
67.30879	277.574	3.63487e-09	-8.34056
67.39071	277.904	3.62834e-09	-8.343803
67.47263	278.235	3.62181e-09	-8.347044
67.55455	278.566	3.61528e-09	-8.350281
67.63647	278.897	3.60875e-09	-8.353516
67.71839	279.228	3.60222e-09	-8.356748
67.80031	279.559	3.59569e-09	-8.359977
67.88223	279.89	3.58916e-09	-8.363203
67.96415	280.221	3.58264e-09	-8.366426
68.04607	280.552	3.57611e-09	-8.369647
68.12799	280.883	3.56958e-09	-8.372864
68.20991	281.214	3.56306e-09	-8.376079
68.29183	281.544	3.55653e-09	-8.379291
68.37375	281.875	3.55001e-09	-8.382501
68.45567	282.206	3.54349e-09	-8.385707
68.53759	282.537	3.53697e-09	-8.388911
68.61951	282.868	3.53045e-09	-8.392112
68.70143	283.199	3.52393e-09	-8.395309
68.78335	283.53	3.51742e-09	-8.398505
68.86527	283.861	3.51091e-09	-8.401697
68.94719	284.191	3.50439e-09	-8.404887
69.02911	284.522	3.49788e-09	-8.408074
69.11103	284.853	3.49137e-09	-8.411259
69.19295	285.184	3.48487e-09	-8.41444
69.27487	285.515	3.47837e-09	-8.417619
69.35679	285.846	3.47187e-09	-8.420795
69.43871	286.177	3.46537e-09	-8.423968
69.52063	286.507	3.45887e-09	-8.427139
69.60255	286.838	3.45238e-09	-8.430307
69.68447	287.169	3.44589e-09	-8.433472
69.76639	287.5	3.4394e-09	-8.436634
69.84831	287.831	3.43292e-09	-8.439794
69.93023	288.162	3.42643e-09	-8.442951
70.01215	288.493	3.41996e-09	-8.446105
70.09407	288.823	3.41348e-09	-8.449257
70.17599	289.154	3.40701e-09	-8.452406
70.25791	289.485	3.40054e-09	-8.455552
70.33983	289.816	3.39407e-09	-8.458696
70.42175	290.147	3.38761e-09	-8.461837
70.50367	290.477	3.38115e-09	-8.464975
70.58559	290.808	3.3747e-09	-8.468111
70.66751	291.139	3.36825e-09	-8.471244
70.74943	291.47	3.3618e-09	-8.474374
70.83135	291.801	3.35536e-09	-8.477502
70.91327	292.132	3.34892e-09	-8.480627
70.99519	292.462	3.34248e-09	-8.48375
71.07711	292.793	3.33605e-09	-8.486869
71.15903	293.124	3.32962e-09	-8.489987
71.24095	293.455	3.32321e-09	-8.493101
71.32287	293.786	3.31679e-09	-8.496213
71.40479	294.116	3.31037e-09	-8.499323
71.48671	294.447	3.30396e-09	-8.502429
71.56863	294.778	3.29756e-09	-8.505534
71.65055	295.109	3.29116e-09	-8.508635
71.73247	295.439	3.28476e-09	-8.511734
71.81439	295.77	3.27838e-09	-8.514831
71.89631	296.101	3.27199e-09	-8.517925
71.97823	296.432	3.26561e-09	-8.521016
72.06015	296.763	3.25923e-09	-8.524105
72.14207	297.093	3.25286e-09	-8.527191
72.22399	297.424	3.24649e-09	-8.530275
72.30591	297.755	3.24014e-09	-8.533356
72.38783	298.086	3.23378e-09	-8.536434
72.46975	298.416	3.22744e-09	-8.53951
72.55167	298.747	3.22109e-09	-8.542584
72.63359	299.078	3.21475e-09	-8.545654
72.71551	299.409	3.20842e-09	-8.548723
72.79743	299.739	3.2021e-09	-8.551789
72.87935	300.07	3.19578e-09	-8.554852
72.96127	300.401	3.18945e-09	-8.557913
73.04319	300.732	3.18315e-09	-8.560972
73.12511	301.062	3.17684e-09	-8.564027
73.20703	301.393	3.17055e-09	-8.567081
73.28895	301.724	3.16426e-09	-8.570132
73.37087	302.054	3.15797e-09	-8.57318
73.45279	302.385	3.15169e-09	-8.576226
73.53471	302.716	3.14542e-09	-8.579269
73.61663	303.047	3.13915e-09	-8.58231
73.69855	303.377	3.13289e-09	-8.585349
73.73951	303.543	3.12976e-09	-8.586867
73.82143	303.873	3.12461e-09	-8.589902
73.90335	304.204	3.12015e-09	-8.592934
73.98527	304.535	3.11568e-09	-8.595964
74.06719	304.866	3.11121e-09	-8.598992
74.14911	305.196	3.10674e-09	-8.602016
74.23103	305.527	3.10226e-09	-8.605039
74.31295	305.858	3.09779e-09	-8.608059
74.39487	306.188	3.09331e-09	-8.611077
74.47679	306.519	3.08882e-09	-8.614092
74.55871	306.85	3.08434e-09	-8.617105
74.64063	307.18	3.07985e-09	-8.620116
74.72255	307.511	3.07535e-09	-8.623124
74.80447	307.842	3.07086e-09	-8.626129
74.88639	308.173	3.06636e-09	-8.629132
74.96831	308.503	3.06186e-09	-8.632133
75.05023	308.834	3.05737e-09	-8.635132
75.13215	309.165	3.05286e-09	-8.638128
75.21407	309.495	3.04835e-09	-8.641121
75.29599	309.826	3.04385e-09	-8.644113
75.37791	310.157	3.03934e-09	-8.647102
75.45983	310.487	3.03483e-09	-8.650088
75.54175	310.818	3.03032e-09	-8.653072
75.62367	311.149	3.0258e-09	-8.656054
75.70559	311.479	3.02128e-09	-8.659033
75.78751	311.81	3.01676e-09	-8.662011
75.86943	312.141	3.01225e-09	-8.664985
75.95135	312.471	3.00772e-09	-8.667958
76.03327	312.802	3.0032e-09	-8.670928
76.11519	313.132	2.99868e-09	-8.673896
76.19711	313.463	2.99415e-09	-8.676861
76.27903	313.794	2.98963e-09	-8.679824
76.36095	314.124	2.9851e-09	-8.682785
76.44287	314.455	2.98057e-09	-8.685743
76.52479	314.786	2.97605e-09	-8.688699
76.60671	315.116	2.97151e-09	-8.691653
76.68863	315.447	2.96698e-09	-8.694605
76.77055	315.778	2.96245e-09	-8.697554
76.85247	316.108	2.95791e-09	-8.700501
76.93439	316.439	2.95338e-09	-8.703445
77.01631	316.769	2.94885e-09	-8.706388
77.09823	317.1	2.94431e-09	-8.709328
77.18015	317.431	2.93978e-09	-8.712265
77.26207	317.761	2.93524e-09	-8.715201
77.34399	318.092	2.93071e-09	-8.718134
77.42591	318.423	2.92617e-09	-8.721065
77.50783	318.753	2.92163e-09	-8.723994
77.58975	319.084	2.91709e-09	-8.72692
77.67167	319.414	2.91255e-09	-8.729844
77.75359	319.745	2.90802e-09	-8.732766
77.83551	320.076	2.90348e-09	-8.735686
77.91743	320.406	2.89895e-09	-8.738603
77.99935	320.737	2.89441e-09	-8.741518
78.08127	321.067	2.88987e-09	-8.744431
78.16319	321.398	2.88533e-09	-8.747342
78.24511	321.729	2.8808e-09	-8.75025
78.32703	322.059	2.87626e-09	-8.753156
78.40895	322.39	2.87173e-09	-8.75606
78.49087	322.72	2.86719e-09	-8.758962
78.57279	323.051	2.86265e-09	-8.761862
78.65471	323.381	2.85812e-09	-8.764759
78.73663	323.712	2.85359e-09	-8.767654
78.81855	324.043	2.84905e-09	-8.770547
78.90047	324.373	2.84452e-09	-8.773438
78.98239	324.704	2.83999e-09	-8.776326
79.06431	325.034	2.83546e-09	-8.779213
79.14623	325.365	2.83093e-09	-8.782097
79.22815	325.695	2.8264e-09	-8.784979
79.31007	326.026	2.82187e-09	-8.787859
79.39199	326.357	2.81735e-09	-8.790737
79.47391	326.687	2.81282e-09	-8.793612
79.55583	327.018	2.8083e-09	-8.796485
79.63775	327.348	2.80377e-09	-8.799357
79.71967	327.679	2.79925e-09	-8.802226
79.80159	328.009	2.79473e-09	-8.805092
79.88351	328.34	2.79021e-09	-8.807957
79.96543	328.67	2.78569e-09	-8.81082
80.04735	329.001	2.78117e-09	-8.81368
80.12927	329.331	2.77666e-09	-8.816538
80.21119	329.662	2.77214e-09	-8.819394
80.29311	329.993	2.76763e-09	-8.822248
80.37503	330.323	2.76312e-09	-8.8251
80.45695	330.654	2.75861e-09	-8.82795
80.53887	330.984	2.7541e-09	-8.830797
80.62079	331.315	2.7496e-09	-8.833643
80.70271	331.645	2.7451e-09	-8.836486
80.78463	331.976	2.74059e-09	-8.839327
80.86655	332.306	2.73609e-09	-8.842167
80.94847	332.637	2.73159e-09	-8.845004
81.03039	332.967	2.7271e-09	-8.847839
81.11231	333.298	2.7226e-09	-8.850672
81.19423	333.628	2.71811e-09	-8.853502
81.27615	333.959	2.71362e-09	-8.856331
81.35807	334.289	2.70913e-09	-8.859158
81.43999	334.62	2.70465e-09	-8.861982
81.52191	334.95	2.70016e-09	-8.864804
81.60383	335.281	2.69568e-09	-8.867625
81.68575	335.611	2.6912e-09	-8.870443
81.76767	335.942	2.68672e-09	-8.873259
81.84959	336.272	2.68225e-09	-8.876073
81.93151	336.603	2.67778e-09	-8.878885
82.01343	336.933	2.67331e-09	-8.881695
82.09535	337.264	2.66884e-09	-8.884503
82.17727	337.594	2.66438e-09	-8.887309
82.25919	337.925	2.65992e-09	-8.890113
82.34111	338.255	2.65546e-09	-8.892915
82.42303	338.586	2.651e-09	-8.895715
82.50495	338.916	2.64655e-09	-8.898512
82.58687	339.247	2.6421e-09	-8.901308
82.66879	339.577	2.63765e-09	-8.904102
82.75071	339.908	2.6332e-09	-8.906893
82.83263	340.238	2.62876e-09	-8.909683
82.91455	340.568	2.62433e-09	-8.912471
82.99647	340.899	2.61989e-09	-8.915256
83.07839	341.229	2.61546e-09	-8.91804
83.16031	341.56	2.61102e-09	-8.920821
83.24223	341.89	2.6066e-09	-8.923601
83.32415	342.221	2.60217e-09	-8.926379
83.40607	342.551	2.59776e-09	-8.929154
83.48799	342.882	2.59334e-09	-8.931928
83.56991	343.212	2.58893e-09	-8.934699
83.65183	343.543	2.58451e-09	-8.937469
83.73375	343.873	2.5801e-09	-8.940236
83.81567	344.204	2.5757e-09	-8.943002
83.89759	344.534	2.5713e-09	-8.945766
83.97951	344.864	2.56691e-09	-8.948527
84.06143	345.195	2.56251e-09	-8.951287
84.14335	345.525	2.55812e-09	-8.954045
84.22527	345.856	2.55373e-09	-8.9568
84.30719	346.186	2.55033e-09	-8.959554
84.38911	346.517	2.54755e-09	-8.962306
84.47103	346.847	2.54476e-09	-8.965056
84.55295	347.177	2.54197e-09	-8.967804
84.63487	347.508	2.53918e-09	-8.97055
84.71679	347.838	2.53638e-09	-8.973294
84.79871	348.169	2.53358e-09	-8.976036
84.88063	348.499	2.53078e-09	-8.978776
84.96255	348.83	2.52797e-09	-8.981514
85.04447	349.16	2.52516e-09	-8.98425
85.12639	349.49	2.52234e-09	-8.986985
85.20831	349.821	2.51953e-09	-8.989717
85.29023	350.151	2.51671e-09	-8.992447
85.37215	350.482	2.51389e-09	-8.995176
85.45407	350.812	2.51106e-09	-8.997903
85.53599	351.142	2.50824e-09	-9.000627
85.61791	351.473	2.5054e-09	-9.00335
85.69983	351.803	2.50257e-09	-9.006071
85.78175	352.134	2.49973e-09	-9.00879
85.86367	352.464	2.49689e-09	-9.011507
85.94559	352.794	2.49405e-09	-9.014222
86.02751	353.125	2.4912e-09	-9.016935
86.10943	353.455	2.48835e-09	-9.019647
86.19135	353.786	2.48551e-09	-9.022356
86.27327	354.116	2.48265e-09	-9.025064
86.35519	354.446	2.47979e-09	-9.027769
86.43711	354.777	2.47694e-09	-9.030473
86.51903	355.107	2.47407e-09	-9.033175
86.60095	355.437	2.47121e-09	-9.035875
86.68287	355.768	2.46835e-09	-9.038574
86.76479	356.098	2.46547e-09	-9.04127
86.84671	356.429	2.4626e-09	-9.043964
86.92863	356.759	2.45974e-09	-9.046657
87.01055	357.089	2.45686e-09	-9.049348
87.09247	357.42	2.45398e-09	-9.052036
87.17439	357.75	2.45111e-09	-9.054724
87.25631	358.08	2.44822e-09	-9.057409
87.33823	358.411	2.44534e-09	-9.060092
87.42015	358.741	2.44246e-09	-9.062774
87.50207	359.072	2.43956e-09	-9.065453
87.58399	359.402	2.43667e-09	-9.068131
87.66591	359.732	2.43379e-09	-9.070807
87.74783	360.063	2.43089e-09	-9.073481
87.82975	360.393	2.428e-09	-9.076153
87.91167	360.723	2.4251e-09	-9.078824
87.99359	361.054	2.4222e-09	-9.081492
88.07551	361.384	2.4193e-09	-9.084159
88.15743	361.714	2.4164e-09	-9.086824
88.23935	362.045	2.41349e-09	-9.089487
88.32127	362.375	2.41059e-09	-9.092149
88.40319	362.705	2.40768e-09	-9.094808
88.48511	363.036	2.40477e-09	-9.097466
88.56703	363.366	2.40186e-09	-9.100122
88.64895	363.696	2.39895e-09	-9.102776
88.73087	364.027	2.39603e-09	-9.105429
88.81279	364.357	2.39312e-09	-9.108079
88.89471	364.687	2.39021e-09	-9.110728
88.97663	365.018	2.38729e-09	-9.113375
89.05855	365.348	2.38436e-09	-9.11602
89.14047	365.678	2.38144e-09	-9.118663
89.22239	366.009	2.37853e-09	-9.121305
89.30431	366.339	2.3756e-09	-9.123945
89.38623	366.669	2.37267e-09	-9.126583
89.46815	367.0	2.36975e-09	-9.129219
89.55007	367.33	2.36683e-09	-9.131853
89.63199	367.66	2.3639e-09	-9.134486
89.71391	367.991	2.36096e-09	-9.137117
89.79583	368.321	2.35804e-09	-9.139746
89.87775	368.651	2.35511e-09	-9.142374
89.95967	368.981	2.35218e-09	-9.144999
90.04159	369.312	2.34924e-09	-9.147623
90.12351	369.642	2.34631e-09	-9.150245
90.20543	369.972	2.34337e-09	-9.152866
90.28735	370.303	2.34044e-09	-9.155485
90.36927	370.633	2.3375e-09	-9.158101
90.45119	370.963	2.33457e-09	-9.160717
90.53311	371.294	2.33163e-09	-9.16333
90.61503	371.624	2.32869e-09	-9.165942
90.69695	371.954	2.32575e-09	-9.168552
90.77887	372.284	2.32281e-09	-9.17116
90.86079	372.615	2.31987e-09	-9.173766
90.94271	372.945	2.31693e-09	-9.176371
91.02463	373.275	2.31399e-09	-9.178974
91.10655	373.606	2.31105e-09	-9.181576
91.18847	373.936	2.3081e-09	-9.184175
91.27039	374.266	2.30516e-09	-9.186773
91.35231	374.596	2.30221e-09	-9.189369
91.43423	374.927	2.29927e-09	-9.191964
91.51615	375.257	2.29632e-09	-9.194556
91.59807	375.587	2.29338e-09	-9.197148
91.67999	375.918	2.29043e-09	-9.199737
91.76191	376.248	2.28749e-09	-9.202325
91.84383	376.578	2.28454e-09	-9.204911
91.92575	376.908	2.2816e-09	-9.207495
92.00767	377.239	2.27865e-09	-9.210077
92.08959	377.569	2.27571e-09	-9.212658
92.17151	377.899	2.27276e-09	-9.215238
92.25343	378.229	2.26981e-09	-9.217815
92.33535	378.56	2.26686e-09	-9.220391
92.41727	378.89	2.26391e-09	-9.222965
92.49919	379.22	2.26097e-09	-9.225537
92.58111	379.55	2.25802e-09	-9.228108
92.66303	379.881	2.25507e-09	-9.230677
92.74495	380.211	2.25212e-09	-9.233245
92.82687	380.541	2.24918e-09	-9.235811
92.90879	380.871	2.24623e-09	-9.238375
92.99071	381.202	2.24328e-09	-9.240937
93.07263	381.532	2.24034e-09	-9.243498
93.15455	381.862	2.23739e-09	-9.246057
93.23647	382.192	2.23444e-09	-9.248615
93.31839	382.523	2.23149e-09	-9.251171
93.40031	382.853	2.22855e-09	-9.253725
93.48223	383.183	2.2256e-09	-9.256277
93.56415	383.513	2.22265e-09	-9.258828
93.64607	383.843	2.21971e-09	-9.261377
93.72799	384.174	2.21676e-09	-9.263925
93.80991	384.504	2.21382e-09	-9.266471
93.89183	384.834	2.21087e-09	-9.269015
93.97375	385.164	2.20793e-09	-9.271558
94.05567	385.495	2.20498e-09	-9.274099
94.13759	385.825	2.20204e-09	-9.276639
94.21951	386.155	2.1991e-09	-9.279176
94.30143	386.485	2.19616e-09	-9.281713
94.38335	386.815	2.19321e-09	-9.284247
94.46527	387.146	2.19028e-09	-9.28678
94.54719	387.476	2.18733e-09	-9.289312
94.62911	387.806	2.18439e-09	-9.291841
94.71103	388.136	2.18145e-09	-9.294369
94.79295	388.467	2.17851e-09	-9.296896
94.87487	388.797	2.17558e-09	-9.299421
94.95679	389.127	2.17264e-09	-9.301944
95.03871	389.457	2.1697e-09	-9.304466
95.12063	389.787	2.16677e-09	-9.306986
95.20255	390.118	2.16383e-09	-9.309504
95.28447	390.448	2.16089e-09	-9.312021
95.36639	390.778	2.15796e-09	-9.314537
95.44831	391.108	2.15503e-09	-9.317051
95.53023	391.438	2.1521e-09	-9.319563
95.61215	391.768	2.14916e-09	-9.322073
95.69407	392.099	2.14623e-09	-9.324582
95.77599	392.429	2.1433e-09	-9.32709
95.85791	392.759	2.14037e-09	-9.329595
95.93983	393.089	2.13744e-09	-9.3321
96.02175	393.419	2.13452e-09	-9.334602
96.10367	393.75	2.13159e-09	-9.337103
96.18559	394.08	2.12866e-09	-9.339603
96.26751	394.41	2.12574e-09	-9.342101
96.34943	394.74	2.12282e-09	-9.344597
96.43135	395.07	2.1199e-09	-9.347092
96.51327	395.4	2.11698e-09	-9.349585
96.59519	395.731	2.11405e-09	-9.352077
96.67711	396.061	2.11113e-09	-9.354567
96.75903	396.391	2.10822e-09	-9.357056
96.84095	396.721	2.1053e-09	-9.359543
96.92287	397.051	2.10239e-09	-9.362028
97.00479	397.381	2.09947e-09	-9.364513
97.08671	397.712	2.09656e-09	-9.366995
97.16863	398.042	2.09365e-09	-9.369476
97.25055	398.372	2.09074e-09	-9.371955
97.33247	398.702	2.08783e-09	-9.374433
97.41439	399.032	2.08492e-09	-9.376909
97.49631	399.362	2.08202e-09	-9.379384
97.57823	399.693	2.07911e-09	-9.381857
97.66015	400.023	2.07621e-09	-9.384329
97.74207	400.353	2.0733e-09	-9.386799
97.82399	400.683	2.0704e-09	-9.389268
97.90591	401.013	2.0675e-09	-9.391735
97.98783	401.343	2.0646e-09	-9.3942
98.06975	401.673	2.06171e-09	-9.396664
98.15167	402.004	2.05881e-09	-9.399127
98.23359	402.334	2.05592e-09	-9.401588
98.31551	402.664	2.05303e-09	-9.404048
98.39743	402.994	2.05014e-09	-9.406505
98.47935	403.324	2.04724e-09	-9.408962
98.56127	403.654	2.04436e-09	-9.411417
98.64319	403.984	2.04147e-09	-9.41387
98.72511	404.315	2.03859e-09	-9.416322
98.80703	404.645	2.03571e-09	-9.418773
98.88895	404.975	2.03282e-09	-9.421222
98.97087	405.305	2.02994e-09	-9.42367
99.05279	405.635	2.02706e-09	-9.426116
99.13471	405.965	2.02418e-09	-9.42856
99.21663	406.295	2.02131e-09	-9.431003
99.29855	406.625	2.01844e-09	-9.433445
99.38047	406.956	2.01557e-09	-9.435885
99.46239	407.286	2.0127e-09	-9.438323
99.54431	407.616	2.00983e-09	-9.44076
99.62623	407.946	2.00697e-09	-9.443196
99.70815	408.276	2.0041e-09	-9.44563
99.79007	408.606	2.00124e-09	-9.448063
99.87199	408.936	1.99838e-09	-9.450494
99.95391	409.266	1.99552e-09	-9.452924
100.03583	409.596	1.99266e-09	-9.455352
100.11775	409.927	1.98981e-09	-9.457779
100.19967	410.257	1.98695e-09	-9.460204
100.28159	410.587	1.9841e-09	-9.462628
100.36351	410.917	1.98125e-09	-9.465051
100.44543	411.247	1.9784e-09	-9.467472
100.52735	411.577	1.97556e-09	-9.469891
100.60927	411.907	1.97272e-09	-9.472309
100.69119	412.237	1.96987e-09	-9.474726
100.77311	412.567	1.96703e-09	-9.477141
100.85503	412.897	1.9642e-09	-9.479555
100.93695	413.228	1.96136e-09	-9.481967
101.01887	413.558	1.95853e-09	-9.484378
101.10079	413.888	1.95569e-09	-9.486787
101.18271	414.218	1.95287e-09	-9.489195
101.26463	414.548	1.95004e-09	-9.491601
101.34655	414.878	1.94722e-09	-9.494006
101.42847	415.208	1.94439e-09	-9.49641
101.51039	415.538	1.94157e-09	-9.498812
101.59231	415.868	1.93875e-09	-9.501213
101.67423	416.198	1.93594e-09	-9.503612
101.75615	416.528	1.93311e-09	-9.50601
101.83807	416.859	1.93031e-09	-9.508407
101.91999	417.189	1.9275e-09	-9.510802
102.00191	417.519	1.92469e-09	-9.513196
102.08383	417.849	1.92188e-09	-9.515588
102.16575	418.179	1.91908e-09	-9.517979
102.24767	418.509	1.91628e-09	-9.520368
102.32959	418.839	1.91348e-09	-9.522756
102.41151	419.169	1.91068e-09	-9.525143
102.49343	419.499	1.90788e-09	-9.527528
102.57535	419.829	1.90509e-09	-9.529912
102.65727	420.159	1.9023e-09	-9.532294
102.73919	420.489	1.89951e-09	-9.534675
102.82111	420.819	1.89673e-09	-9.537054
102.90303	421.149	1.89394e-09	-9.539433
102.98495	421.479	1.89116e-09	-9.541809
103.06687	421.809	1.88838e-09	-9.544185
103.14879	422.14	1.88561e-09	-9.546559
103.23071	422.47	1.88283e-09	-9.548931
103.31263	422.8	1.88006e-09	-9.551303
103.39455	423.13	1.8773e-09	-9.553672
103.47647	423.46	1.87453e-09	-9.556041
103.55839	423.79	1.87176e-09	-9.558408
103.64031	424.12	1.86901e-09	-9.560774
103.72223	424.45	1.86624e-09	-9.563138
103.80415	424.78	1.86349e-09	-9.565501
103.88607	425.11	1.86074e-09	-9.567862
103.96799	425.44	1.85798e-09	-9.570222
104.04991	425.77	1.85524e-09	-9.572581
104.13183	426.1	1.85248e-09	-9.574939
104.21375	426.43	1.84974e-09	-9.577295
104.29567	426.76	1.847e-09	-9.579649
104.37759	427.09	1.84426e-09	-9.582003
104.45951	427.42	1.84152e-09	-9.584355
104.54143	427.75	1.83879e-09	-9.586705
104.62335	428.08	1.83606e-09	-9.589054
104.70527	428.41	1.83333e-09	-9.591402
104.78719	428.74	1.8306e-09	-9.593749
104.86911	429.07	1.82788e-09	-9.596094
104.95103	429.4	1.82516e-09	-9.598438
105.03295	429.73	1.82244e-09	-9.60078
105.11487	430.06	1.81973e-09	-9.603122
105.19679	430.39	1.81701e-09	-9.605461
105.27871	430.72	1.81493e-09	-9.6078
105.40159	431.215	1.81239e-09	-9.611305
105.52447	431.711	1.80985e-09	-9.614807
105.64735	432.206	1.80731e-09	-9.618306
105.77023	432.701	1.80476e-09	-9.621802
105.89311	433.196	1.80222e-09	-9.625295
106.01599	433.691	1.79967e-09	-9.628785
106.17983	434.351	1.79626e-09	-9.633434
106.30271	434.846	1.7937e-09	-9.636917
106.46655	435.506	1.79029e-09	-9.641557
106.58943	436.001	1.78772e-09	-9.645033
106.75327	436.661	1.78431e-09	-9.649663
106.87615	437.156	1.78174e-09	-9.653133
107.03999	437.816	1.77831e-09	-9.657754
107.16287	438.311	1.77573e-09	-9.661216
107.32671	438.97	1.7723e-09	-9.665828
107.44959	439.465	1.76972e-09	-9.669284
107.61343	440.125	1.76628e-09	-9.673887
107.73631	440.62	1.7637e-09	-9.677336
107.90015	441.28	1.76024e-09	-9.68193
108.02303	441.775	1.75766e-09	-9.685372
108.18687	442.435	1.7542e-09	-9.689956
108.30975	442.93	1.75161e-09	-9.693392
108.47359	443.59	1.74815e-09	-9.697968
108.59647	444.085	1.74555e-09	-9.701396
108.76031	444.745	1.74208e-09	-9.705963
108.88319	445.24	1.73949e-09	-9.709385
108.96511	445.57	1.73775e-09	-9.711665
109.08799	446.065	1.73515e-09	-9.715082
109.16991	446.395	1.73341e-09	-9.717358
109.25183	446.725	1.73167e-09	-9.719634
109.33375	447.055	1.72994e-09	-9.721908
109.41567	447.385	1.7282e-09	-9.72418
109.49759	447.715	1.72645e-09	-9.726452
109.62047	448.21	1.72385e-09	-9.729857
109.70239	448.54	1.72211e-09	-9.732125
109.78431	448.869	1.72037e-09	-9.734392
109.90719	449.364	1.71776e-09	-9.737791
109.98911	449.694	1.71601e-09	-9.740055
110.07103	450.024	1.71427e-09	-9.742317
110.19391	450.519	1.71166e-09	-9.745709
110.27583	450.849	1.70991e-09	-9.747969
110.35775	451.179	1.70817e-09	-9.750227
110.48063	451.674	1.70555e-09	-9.753612
110.56255	452.004	1.70381e-09	-9.755868
110.64447	452.334	1.70205e-09	-9.758122
110.76735	452.829	1.69944e-09	-9.7615
110.84927	453.159	1.69769e-09	-9.763751
110.93119	453.489	1.69594e-09	-9.766001
111.05407	453.983	1.69332e-09	-9.769373
111.13599	454.313	1.69157e-09	-9.77162
111.21791	454.643	1.68982e-09	-9.773865
111.34079	455.138	1.6872e-09	-9.777231
111.42271	455.468	1.68546e-09	-9.779474
111.50463	455.798	1.6837e-09	-9.781715
111.62751	456.293	1.68108e-09	-9.785074
111.70943	456.623	1.67933e-09	-9.787312
111.79135	456.953	1.67757e-09	-9.789549
111.91423	457.448	1.67495e-09	-9.792902
111.99615	457.778	1.6732e-09	-9.795136
112.07807	458.107	1.67145e-09	-9.797369
112.20095	458.602	1.66882e-09	-9.800716
112.28287	458.932	1.66707e-09	-9.802945
112.36479	459.262	1.66532e-09	-9.805174
112.48767	459.757	1.66268e-09	-9.808514
112.56959	460.087	1.66094e-09	-9.81074
112.65151	460.417	1.65918e-09	-9.812964
112.77439	460.912	1.65655e-09	-9.816298
112.85631	461.242	1.65479e-09	-9.818519
112.93823	461.571	1.65304e-09	-9.820739
113.06111	462.066	1.65042e-09	-9.824067
113.14303	462.396	1.64867e-09	-9.826284
113.22495	462.726	1.64691e-09	-9.8285
113.34783	463.221	1.64427e-09	-9.831822
113.42975	463.551	1.64253e-09	-9.834035
113.51167	463.881	1.64077e-09	-9.836247
113.63455	464.376	1.63814e-09	-9.839562
113.71647	464.705	1.63639e-09	-9.841771
113.79839	465.035	1.63464e-09	-9.843979
113.92127	465.53	1.632e-09	-9.847288
114.00319	465.86	1.63025e-09	-9.849492
114.08511	466.19	1.6285e-09	-9.851696
114.20799	466.685	1.62587e-09	-9.854999
114.28991	467.015	1.62411e-09	-9.8572
114.37183	467.345	1.62236e-09	-9.859399
114.49471	467.839	1.61973e-09	-9.862696
114.57663	468.169	1.61798e-09	-9.864892
114.65855	468.499	1.61623e-09	-9.867088
114.78143	468.994	1.6136e-09	-9.870379
114.86335	469.324	1.61185e-09	-9.872571
114.94527	469.654	1.6101e-09	-9.874762
115.06815	470.148	1.60747e-09	-9.878047
115.15007	470.478	1.60572e-09	-9.880236
115.23199	470.808	1.60396e-09	-9.882423
115.35487	471.303	1.60134e-09	-9.885702
115.43679	471.633	1.59958e-09	-9.887886
115.51871	471.963	1.59783e-09	-9.890069
115.64159	472.458	1.59521e-09	-9.893342
115.72351	472.787	1.59346e-09	-9.895522
115.80543	473.117	1.59171e-09	-9.897702
115.92831	473.612	1.58909e-09	-9.900968
116.01023	473.942	1.58734e-09	-9.903144
116.09215	474.272	1.58559e-09	-9.90532
116.21503	474.767	1.58297e-09	-9.90858
116.29695	475.096	1.58122e-09	-9.910753
116.37887	475.426	1.57947e-09	-9.912924
116.50175	475.921	1.57685e-09	-9.916179
116.58367	476.251	1.5751e-09	-9.918347
116.66559	476.581	1.57335e-09	-9.920515
116.78847	477.075	1.57074e-09	-9.923763
116.87039	477.405	1.56899e-09	-9.925928
116.95231	477.735	1.56724e-09	-9.928091
117.07519	478.23	1.56463e-09	-9.931334
117.15711	478.56	1.56288e-09	-9.933495
117.23903	478.89	1.56114e-09	-9.935654
117.36191	479.384	1.55852e-09	-9.938891
117.44383	479.714	1.55678e-09	-9.941048
117.52575	480.044	1.55504e-09	-9.943203
117.64863	480.539	1.55243e-09	-9.946435
117.73055	480.869	1.55069e-09	-9.948588
117.81247	481.198	1.54895e-09	-9.950739
117.93535	481.693	1.54634e-09	-9.953964
118.01727	482.023	1.5446e-09	-9.956113
118.09919	482.353	1.54286e-09	-9.958261
118.22207	482.848	1.54025e-09	-9.961481
118.30399	483.177	1.53851e-09	-9.963626
118.38591	483.507	1.53678e-09	-9.96577
118.50879	484.002	1.53417e-09	-9.968984
118.59071	484.332	1.53244e-09	-9.971125
118.67263	484.662	1.5307e-09	-9.973265
118.79551	485.156	1.5281e-09	-9.976473
118.87743	485.486	1.52637e-09	-9.97861
118.95935	485.816	1.52463e-09	-9.980746
119.08223	486.311	1.52203e-09	-9.983949
119.16415	486.641	1.52031e-09	-9.986082
119.24607	486.97	1.51857e-09	-9.988215
119.36895	487.465	1.51598e-09	-9.991411
119.45087	487.795	1.51425e-09	-9.993541
119.53279	488.125	1.51252e-09	-9.99567
119.65567	488.619	1.50993e-09	-9.99886
119.73759	488.949	1.5082e-09	-10.000986
119.81951	489.279	1.50647e-09	-10.003111
119.94239	489.774	1.50389e-09	-10.006297
120.02431	490.103	1.50216e-09	-10.008419
120.10623	490.433	1.50044e-09	-10.01054
120.22911	490.928	1.49785e-09	-10.01372
120.31103	491.258	1.49613e-09	-10.015838
120.39295	491.588	1.49441e-09	-10.017955
120.51583	492.082	1.49183e-09	-10.021129
120.59775	492.412	1.49011e-09	-10.023244
120.67967	492.742	1.48839e-09	-10.025358
120.80255	493.237	1.48581e-09	-10.028526
120.88447	493.566	1.48409e-09	-10.030637
120.96639	493.896	1.48238e-09	-10.032747
121.08927	494.391	1.47981e-09	-10.03591
121.17119	494.721	1.47809e-09	-10.038017
121.25311	495.05	1.47638e-09	-10.040123
121.37599	495.545	1.47381e-09	-10.04328
121.45791	495.875	1.4721e-09	-10.045384
121.53983	496.205	1.47039e-09	-10.047486
121.66271	496.699	1.46783e-09	-10.050638
121.74463	497.029	1.46612e-09	-10.052738
121.82655	497.359	1.46441e-09	-10.054837
121.94943	497.854	1.46185e-09	-10.057983
122.03135	498.183	1.46015e-09	-10.060079
122.11327	498.513	1.45844e-09	-10.062174
122.23615	499.008	1.45588e-09	-10.065315
122.31807	499.338	1.45418e-09	-10.067408
122.39999	499.667	1.45248e-09	-10.069499
122.52287	500.162	1.44993e-09	-10.072635
122.60479	500.492	1.44823e-09	-10.074724
122.68671	500.821	1.44653e-09	-10.076812
122.80959	501.316	1.44399e-09	-10.079942
122.89151	501.646	1.44229e-09	-10.082027
122.97343	501.976	1.4406e-09	-10.084111
123.09631	502.47	1.43805e-09	-10.087236
123.17823	502.8	1.43636e-09	-10.089317
123.26015	503.13	1.43467e-09	-10.091398
123.38303	503.624	1.43213e-09	-10.094517
123.46495	503.954	1.43044e-09	-10.096595
123.54687	504.284	1.42875e-09	-10.098672
123.66975	504.779	1.42622e-09	-10.101786
123.75167	505.108	1.42453e-09	-10.10386
123.83359	505.438	1.42285e-09	-10.105934
123.95647	505.933	1.42032e-09	-10.109042
124.03839	506.262	1.41864e-09	-10.111113
124.12031	506.592	1.41696e-09	-10.113183
124.24319	507.087	1.41444e-09	-10.116286
124.32511	507.417	1.41276e-09	-10.118354
124.40703	507.746	1.41108e-09	-10.12042
124.52991	508.241	1.40857e-09	-10.123518
124.61183	508.571	1.4069e-09	-10.125582
124.69375	508.9	1.40522e-09	-10.127645
124.81663	509.395	1.40271e-09	-10.130737
124.89855	509.725	1.40104e-09	-10.132798
124.98047	510.055	1.39937e-09	-10.134857
125.10335	510.549	1.39687e-09	-10.137944
125.18527	510.879	1.3952e-09	-10.140001
125.26719	511.209	1.39353e-09	-10.142057
125.39007	511.703	1.39103e-09	-10.145139
125.47199	512.033	1.38937e-09	-10.147192
125.55391	512.363	1.3877e-09	-10.149244
125.63583	512.692	1.38605e-09	-10.151296
125.71775	513.022	1.38438e-09	-10.153346
125.79967	513.352	1.38272e-09	-10.155396
125.88159	513.682	1.38107e-09	-10.157444
125.96351	514.011	1.37941e-09	-10.159491
126.04543	514.341	1.37775e-09	-10.161538
126.12735	514.671	1.3761e-09	-10.163583
126.199981	514.963	1.37463e-09	-10.165396
126.37311	515.66	1.37228e-09	-10.169714
126.53695	516.319	1.37005e-09	-10.173796
126.70079	516.979	1.36782e-09	-10.177874
126.86463	517.638	1.36559e-09	-10.181948
127.02847	518.298	1.36335e-09	-10.186018
127.19231	518.957	1.36111e-09	-10.190085
127.35615	519.617	1.35887e-09	-10.194147
127.51999	520.276	1.35663e-09	-10.198206
127.68383	520.935	1.35438e-09	-10.20226
127.84767	521.595	1.35214e-09	-10.206311
128.01151	522.254	1.34989e-09	-10.210358
128.17535	522.914	1.34764e-09	-10.214401
128.33919	523.573	1.34539e-09	-10.218441
128.50303	524.232	1.34314e-09	-10.222476
128.66687	524.892	1.34088e-09	-10.226508
128.83071	525.551	1.33863e-09	-10.230536
128.99455	526.211	1.33637e-09	-10.23456
129.15839	526.87	1.33411e-09	-10.23858
129.32223	527.529	1.33185e-09	-10.242596
129.48607	528.189	1.32959e-09	-10.246609
129.64991	528.848	1.32733e-09	-10.250618
129.81375	529.507	1.32506e-09	-10.254623
129.97759	530.167	1.3228e-09	-10.258624
130.14143	530.826	1.32053e-09	-10.262622
130.30527	531.486	1.31826e-09	-10.266616
130.46911	532.145	1.31599e-09	-10.270606
130.63295	532.804	1.31372e-09	-10.274593
130.79679	533.464	1.31145e-09	-10.278575
130.96063	534.123	1.30918e-09	-10.282554
131.12447	534.782	1.3069e-09	-10.28653
131.28831	535.442	1.30463e-09	-10.290501
131.45215	536.101	1.30236e-09	-10.294469
131.61599	536.76	1.30008e-09	-10.298433
131.77983	537.42	1.2978e-09	-10.302394
131.94367	538.079	1.29553e-09	-10.306351
132.10751	538.738	1.29325e-09	-10.310304
132.27135	539.397	1.29097e-09	-10.314254
132.43519	540.057	1.28869e-09	-10.3182
132.59903	540.716	1.28641e-09	-10.322142
132.76287	541.375	1.28413e-09	-10.326081
132.92671	542.035	1.28185e-09	-10.330016
133.09055	542.694	1.27957e-09	-10.333948
133.25439	543.353	1.27729e-09	-10.337875
133.41823	544.013	1.27501e-09	-10.3418
133.58207	544.672	1.27272e-09	-10.345721
133.74591	545.331	1.27045e-09	-10.349638
133.90975	545.99	1.26816e-09	-10.353551
134.07359	546.65	1.26588e-09	-10.357461
134.23743	547.309	1.26359e-09	-10.361368
134.40127	547.968	1.26132e-09	-10.365271
134.56511	548.627	1.25903e-09	-10.36917
134.72895	549.287	1.25675e-09	-10.373066
134.89279	549.946	1.25447e-09	-10.376958
135.05663	550.605	1.25218e-09	-10.380847
135.22047	551.264	1.2499e-09	-10.384732
135.38431	551.924	1.24762e-09	-10.388614
135.54815	552.583	1.24534e-09	-10.392492
135.71199	553.242	1.24306e-09	-10.396367
135.87583	553.901	1.24078e-09	-10.400239
136.03967	554.561	1.23849e-09	-10.404106
136.20351	555.22	1.23622e-09	-10.407971
136.36735	555.879	1.23394e-09	-10.411832
136.53119	556.538	1.23165e-09	-10.415689
136.69503	557.197	1.22938e-09	-10.419543
136.85887	557.857	1.22709e-09	-10.423394
137.02271	558.516	1.22482e-09	-10.427241
137.18655	559.175	1.22254e-09	-10.431085
137.35039	559.834	1.22026e-09	-10.434925
137.51423	560.493	1.21799e-09	-10.438762
137.67807	561.153	1.21571e-09	-10.442595
137.84191	561.812	1.21344e-09	-10.446425
138.00575	562.471	1.21116e-09	-10.450252
138.16959	563.13	1.20889e-09	-10.454075
138.33343	563.789	1.20662e-09	-10.457895
138.49727	564.449	1.20435e-09	-10.461712
138.66111	565.108	1.20208e-09	-10.465525
138.82495	565.767	1.19981e-09	-10.469335
138.98879	566.426	1.19754e-09	-10.473142
139.15263	567.085	1.19527e-09	-10.476945
139.31647	567.744	1.193e-09	-10.480745
139.48031	568.404	1.19074e-09	-10.484541
139.64415	569.063	1.18847e-09	-10.488334
139.80799	569.722	1.18621e-09	-10.492124
139.97183	570.381	1.18394e-09	-10.495911
140.13567	571.04	1.18168e-09	-10.499694
140.29951	571.699	1.17943e-09	-10.503474
140.46335	572.358	1.17717e-09	-10.50725
140.62719	573.018	1.1749e-09	-10.511024
140.79103	573.677	1.17265e-09	-10.514794
140.95487	574.336	1.17039e-09	-10.518561
141.11871	574.995	1.16814e-09	-10.522324
141.28255	575.654	1.16589e-09	-10.526085
141.44639	576.313	1.16364e-09	-10.529842
141.61023	576.972	1.16138e-09	-10.533596
141.77407	577.631	1.15914e-09	-10.537346
141.93791	578.291	1.15689e-09	-10.541094
142.10175	578.95	1.15465e-09	-10.544838
142.26559	579.609	1.15241e-09	-10.548579
142.42943	580.268	1.15016e-09	-10.552316
142.59327	580.927	1.14793e-09	-10.556051
142.75711	581.586	1.14568e-09	-10.559782
142.92095	582.245	1.14345e-09	-10.56351
143.08479	582.904	1.14121e-09	-10.567235
143.24863	583.563	1.13898e-09	-10.570957
143.41247	584.222	1.13674e-09	-10.574675
143.57631	584.881	1.13451e-09	-10.578391
143.74015	585.541	1.13228e-09	-10.582103
143.90399	586.2	1.13006e-09	-10.585812
144.06783	586.859	1.12784e-09	-10.589518
144.23167	587.518	1.12561e-09	-10.593221
144.39551	588.177	1.12339e-09	-10.596921
144.55935	588.836	1.12117e-09	-10.600617
144.72319	589.495	1.11896e-09	-10.604311
144.88703	590.154	1.11674e-09	-10.608001
145.05087	590.813	1.11453e-09	-10.611688
145.21471	591.472	1.11231e-09	-10.615372
145.37855	592.131	1.1101e-09	-10.619053
145.54239	592.79	1.1079e-09	-10.622731
145.70623	593.449	1.1057e-09	-10.626406
145.78815	593.779	1.10459e-09	-10.628242
145.95199	594.438	1.10239e-09	-10.631912
146.11583	595.097	1.10019e-09	-10.635579
146.19775	595.426	1.09909e-09	-10.637412
146.27967	595.756	1.09799e-09	-10.639243
146.36159	596.085	1.09689e-09	-10.641074
146.44351	596.415	1.09579e-09	-10.642904
146.60735	597.074	1.0936e-09	-10.646562
146.77119	597.733	1.09141e-09	-10.650217
146.85311	598.062	1.09031e-09	-10.652043
146.93503	598.392	1.08922e-09	-10.653869
147.01695	598.721	1.08813e-09	-10.655693
147.09887	599.051	1.08704e-09	-10.657517
147.26271	599.71	1.08521e-09	-10.661163
147.42655	600.369	1.08365e-09	-10.664806
147.59039	601.028	1.08209e-09	-10.668446
147.75423	601.687	1.08053e-09	-10.672082
147.91807	602.346	1.07898e-09	-10.675716
148.08191	603.005	1.07742e-09	-10.679346
148.24575	603.664	1.07586e-09	-10.682974
148.40959	604.323	1.07429e-09	-10.686599
148.57343	604.982	1.07273e-09	-10.690221
148.73727	605.641	1.07117e-09	-10.693839
148.90111	606.3	1.06961e-09	-10.697455
149.06495	606.959	1.06804e-09	-10.701068
149.22879	607.618	1.06647e-09	-10.704677
149.39263	608.277	1.0649e-09	-10.708284
149.55647	608.936	1.06334e-09	-10.711888
149.72031	609.595	1.06177e-09	-10.715489
149.88415	610.254	1.0602e-09	-10.719087
150.04799	610.912	1.05863e-09	-10.722682
150.21183	611.571	1.05706e-09	-10.726274
150.37567	612.23	1.05549e-09	-10.729863
150.53951	612.889	1.05392e-09	-10.73345
150.70335	613.548	1.05234e-09	-10.737033
150.86719	614.207	1.05077e-09	-10.740613
151.03103	614.866	1.0492e-09	-10.744191
151.19487	615.525	1.04762e-09	-10.747766
151.35871	616.184	1.04604e-09	-10.751337
151.52255	616.843	1.04447e-09	-10.754906
151.68639	617.502	1.04289e-09	-10.758472
151.85023	618.161	1.04131e-09	-10.762035
152.01407	618.82	1.03974e-09	-10.765595
152.17791	619.479	1.03816e-09	-10.769153
152.34175	620.138	1.03658e-09	-10.772707
152.50559	620.796	1.035e-09	-10.776259
152.66943	621.455	1.03342e-09	-10.779808
152.83327	622.114	1.03184e-09	-10.783354
152.99711	622.773	1.03027e-09	-10.786897
153.16095	623.432	1.02868e-09	-10.790437
153.32479	624.091	1.0271e-09	-10.793975
153.48863	624.75	1.02552e-09	-10.797509
153.65247	625.409	1.02394e-09	-10.801041
153.81631	626.068	1.02236e-09	-10.80457
153.98015	626.727	1.02078e-09	-10.808096
154.14399	627.385	1.01919e-09	-10.81162
154.30783	628.044	1.01761e-09	-10.81514
154.47167	628.703	1.01603e-09	-10.818658
154.63551	629.362	1.01445e-09	-10.822173
154.79935	630.021	1.01287e-09	-10.825685
154.96319	630.68	1.01128e-09	-10.829194
155.12703	631.339	1.0097e-09	-10.832701
155.29087	631.998	1.00812e-09	-10.836205
155.45471	632.656	1.00654e-09	-10.839706
155.61855	633.315	1.00496e-09	-10.843205
155.78239	633.974	1.00338e-09	-10.8467
155.94623	634.633	1.00179e-09	-10.850193
156.11007	635.292	1.00021e-09	-10.853683
156.27391	635.951	9.98626e-10	-10.857171
156.43775	636.609	9.97049e-10	-10.860655
156.60159	637.268	9.95462e-10	-10.864137
156.76543	637.927	9.93883e-10	-10.867616
156.92927	638.586	9.92301e-10	-10.871093
157.09311	639.245	9.90721e-10	-10.874566
157.25695	639.904	9.89138e-10	-10.878037
157.42079	640.562	9.87557e-10	-10.881506
157.58463	641.221	9.85977e-10	-10.884972
157.74847	641.88	9.844e-10	-10.888434
157.91231	642.539	9.82819e-10	-10.891895
158.07615	643.198	9.81241e-10	-10.895352
158.23999	643.857	9.7966e-10	-10.898807
158.40383	644.515	9.7808e-10	-10.902259
158.56767	645.174	9.76502e-10	-10.905709
158.73151	645.833	9.74923e-10	-10.909156
158.89535	646.492	9.73345e-10	-10.9126
159.05919	647.151	9.71768e-10	-10.916042
159.22303	647.809	9.70189e-10	-10.919481
159.38687	648.468	9.68613e-10	-10.922917
159.55071	649.127	9.67038e-10	-10.92635
159.71455	649.786	9.65464e-10	-10.929781
159.87839	650.445	9.63888e-10	-10.93321
160.04223	651.103	9.62315e-10	-10.936635
160.20607	651.762	9.60739e-10	-10.940058
160.36991	652.421	9.59165e-10	-10.943479
160.53375	653.08	9.57593e-10	-10.946897
160.69759	653.738	9.56019e-10	-10.950312
160.86143	654.397	9.5445e-10	-10.953725
161.02527	655.056	9.52877e-10	-10.957135
161.18911	655.715	9.51308e-10	-10.960542
161.35295	656.374	9.49737e-10	-10.963947
161.51679	657.032	9.48168e-10	-10.967349
161.68063	657.691	9.46601e-10	-10.970749
161.84447	658.35	9.45033e-10	-10.974146
162.00831	659.009	9.43466e-10	-10.977541
162.17215	659.667	9.41898e-10	-10.980932
162.33599	660.326	9.40334e-10	-10.984322
162.49983	660.985	9.38769e-10	-10.987709
162.66367	661.644	9.37204e-10	-10.991093
162.82751	662.302	9.35642e-10	-10.994475
162.99135	662.961	9.3408e-10	-10.997854
163.15519	663.62	9.32519e-10	-11.001231
163.31903	664.279	9.30957e-10	-11.004605
163.48287	664.937	9.29397e-10	-11.007976
163.64671	665.596	9.27838e-10	-11.011345
163.81055	666.255	9.26281e-10	-11.014712
163.97439	666.913	9.24723e-10	-11.018076
164.13823	667.572	9.23167e-10	-11.021437
164.30207	668.231	9.21613e-10	-11.024796
164.46591	668.89	9.20058e-10	-11.028152
164.62975	669.548	9.18504e-10	-11.031507
164.79359	670.207	9.16952e-10	-11.034858
164.95743	670.866	9.154e-10	-11.038207
165.12127	671.524	9.1385e-10	-11.041553
165.28511	672.183	9.123e-10	-11.044897
165.44895	672.842	9.10752e-10	-11.048239
165.61279	673.501	9.09204e-10	-11.051578
165.77663	674.159	9.07658e-10	-11.054914
165.94047	674.818	9.06113e-10	-11.058248
166.10431	675.477	9.04569e-10	-11.06158
166.26815	676.135	9.03025e-10	-11.064909
166.43199	676.794	9.01484e-10	-11.068236
166.59583	677.453	8.99942e-10	-11.07156
166.75967	678.111	8.98403e-10	-11.074882
166.92351	678.77	8.96865e-10	-11.078201
167.08735	679.429	8.95327e-10	-11.081518
167.25119	680.087	8.93791e-10	-11.084832
167.41503	680.746	8.92256e-10	-11.088144
167.57887	681.405	8.90722e-10	-11.091454
167.74271	682.063	8.89189e-10	-11.094761
167.90655	682.722	8.87657e-10	-11.098066
168.07039	683.381	8.86127e-10	-11.101368
168.23423	684.039	8.84913e-10	-11.104668
168.39807	684.698	8.83946e-10	-11.107965
168.56191	685.357	8.82979e-10	-11.111261
168.72575	686.015	8.82011e-10	-11.114553
168.88959	686.674	8.81041e-10	-11.117843
169.05343	687.333	8.8007e-10	-11.121131
169.21727	687.991	8.79098e-10	-11.124417
169.38111	688.65	8.78125e-10	-11.1277
169.54495	689.309	8.7715e-10	-11.130981
169.70879	689.967	8.76174e-10	-11.134259
169.87263	690.626	8.75197e-10	-11.137535
170.03647	691.285	8.74219e-10	-11.140809
170.20031	691.943	8.7324e-10	-11.14408
170.36415	692.602	8.7226e-10	-11.147349
170.52799	693.26	8.71278e-10	-11.150616
170.69183	693.919	8.70296e-10	-11.15388
170.85567	694.578	8.69313e-10	-11.157141
171.01951	695.236	8.68329e-10	-11.160401
171.18335	695.895	8.67343e-10	-11.163658
171.34719	696.553	8.66357e-10	-11.166913
171.51103	697.212	8.65369e-10	-11.170165
171.67487	697.871	8.64381e-10	-11.173416
171.83871	698.529	8.63391e-10	-11.176663
172.00255	699.188	8.62401e-10	-11.179909
172.16639	699.847	8.6141e-10	-11.183152
172.33023	700.505	8.60418e-10	-11.186393
172.49407	701.164	8.59424e-10	-11.189632
172.65791	701.822	8.5843e-10	-11.192868
172.82175	702.481	8.57435e-10	-11.196102
172.98559	703.14	8.5644e-10	-11.199333
173.14943	703.798	8.55443e-10	-11.202563
173.31327	704.457	8.54446e-10	-11.20579
173.47711	705.115	8.53447e-10	-11.209015
173.64095	705.774	8.52448e-10	-11.212237
173.80479	706.432	8.51448e-10	-11.215457
173.96863	707.091	8.50448e-10	-11.218675
174.13247	707.75	8.49447e-10	-11.221891
174.29631	708.408	8.48444e-10	-11.225104
174.46015	709.067	8.47441e-10	-11.228315
174.62399	709.725	8.46438e-10	-11.231524
174.78783	710.384	8.45433e-10	-11.234731
174.95167	711.042	8.44428e-10	-11.237935
175.11551	711.701	8.43422e-10	-11.241137
175.27935	712.36	8.42415e-10	-11.244337
175.44319	713.018	8.41409e-10	-11.247535
175.60703	713.677	8.40401e-10	-11.25073
175.77087	714.335	8.39392e-10	-11.253923
175.93471	714.994	8.38383e-10	-11.257114
176.09855	715.652	8.37374e-10	-11.260303
176.26239	716.311	8.36363e-10	-11.263489
176.42623	716.969	8.35352e-10	-11.266673
176.59007	717.628	8.3434e-10	-11.269855
176.75391	718.286	8.33328e-10	-11.273035
176.91775	718.945	8.32316e-10	-11.276212
177.08159	719.604	8.31303e-10	-11.279388
177.24543	720.262	8.30289e-10	-11.282561
177.40927	720.921	8.29276e-10	-11.285732
177.57311	721.579	8.28261e-10	-11.288901
177.73695	722.238	8.27245e-10	-11.292067
177.90079	722.896	8.2623e-10	-11.295231
178.06463	723.555	8.25214e-10	-11.298394
178.22847	724.213	8.24197e-10	-11.301554
178.39231	724.872	8.2318e-10	-11.304711
178.55615	725.53	8.22163e-10	-11.307867
178.71999	726.189	8.21145e-10	-11.31102
178.88383	726.847	8.20127e-10	-11.314172
179.04767	727.506	8.19108e-10	-11.317321
179.21151	728.164	8.18089e-10	-11.320468
179.37535	728.823	8.17069e-10	-11.323612
179.53919	729.481	8.1605e-10	-11.326755
179.70303	730.14	8.1503e-10	-11.329896
179.86687	730.798	8.14009e-10	-11.333034
180.03071	731.457	8.12988e-10	-11.33617
180.19455	732.115	8.11967e-10	-11.339304
180.35839	732.774	8.10945e-10	-11.342436
180.52223	733.432	8.09924e-10	-11.345566
180.68607	734.091	8.08902e-10	-11.348693
180.84991	734.749	8.0788e-10	-11.351819
181.01375	735.408	8.06857e-10	-11.354942
181.17759	736.066	8.05834e-10	-11.358063
181.34143	736.725	8.04811e-10	-11.361182
181.50527	737.383	8.03788e-10	-11.364299
181.66911	738.042	8.02764e-10	-11.367414
181.83295	738.7	8.01741e-10	-11.370527
181.99679	739.359	8.00717e-10	-11.373638
182.16063	740.017	7.99692e-10	-11.376746
182.32447	740.676	7.98668e-10	-11.379853
182.48831	741.334	7.97644e-10	-11.382957
182.65215	741.992	7.96619e-10	-11.386059
182.81599	742.651	7.95594e-10	-11.38916
182.97983	743.309	7.94569e-10	-11.392258
183.14367	743.968	7.93544e-10	-11.395354
183.30751	744.626	7.92519e-10	-11.398448
183.47135	745.285	7.91494e-10	-11.401539
183.63519	745.943	7.90469e-10	-11.404629
183.79903	746.602	7.89443e-10	-11.407717
183.96287	747.26	7.88417e-10	-11.410803
184.12671	747.919	7.87392e-10	-11.413886
184.29055	748.577	7.86366e-10	-11.416968
184.45439	749.235	7.85341e-10	-11.420047
184.61823	749.894	7.84315e-10	-11.423124
184.78207	750.552	7.83289e-10	-11.4262
184.94591	751.211	7.82263e-10	-11.429273
185.10975	751.869	7.81237e-10	-11.432344
185.27359	752.528	7.80212e-10	-11.435413
185.43743	753.186	7.79186e-10	-11.438481
185.60127	753.844	7.7816e-10	-11.441546
185.76511	754.503	7.77134e-10	-11.444609
185.92895	755.161	7.76109e-10	-11.44767
186.09279	755.82	7.75083e-10	-11.450729
186.25663	756.478	7.74057e-10	-11.453786
186.42047	757.137	7.73032e-10	-11.456841
186.58431	757.795	7.72006e-10	-11.459894
186.74815	758.453	7.7098e-10	-11.462945
186.91199	759.112	7.69956e-10	-11.465993
187.07583	759.77	7.6893e-10	-11.46904
187.23967	760.429	7.67905e-10	-11.472085
187.40351	761.087	7.66881e-10	-11.475128
187.56735	761.745	7.65855e-10	-11.478169
187.73119	762.404	7.64831e-10	-11.481208
187.89503	763.062	7.63806e-10	-11.484245
188.05887	763.721	7.62781e-10	-11.48728
188.22271	764.379	7.61757e-10	-11.490313
188.38655	765.037	7.60733e-10	-11.493344
188.55039	765.696	7.59709e-10	-11.496373
188.71423	766.354	7.58685e-10	-11.4994
188.87807	767.013	7.57661e-10	-11.502425
189.04191	767.671	7.56638e-10	-11.505448
189.20575	768.329	7.55615e-10	-11.508469
189.36959	768.988	7.54592e-10	-11.511488
189.53343	769.646	7.53569e-10	-11.514505
189.69727	770.304	7.52547e-10	-11.51752
189.86111	770.963	7.51524e-10	-11.520533
190.02495	771.621	7.50502e-10	-11.523544
190.18879	772.28	7.49481e-10	-11.526554
190.35263	772.938	7.48459e-10	-11.529561
190.51647	773.596	7.47438e-10	-11.532566
190.68031	774.255	7.46417e-10	-11.53557
190.84415	774.913	7.45397e-10	-11.538571
191.00799	775.571	7.44376e-10	-11.541571
191.17183	776.23	7.43356e-10	-11.544569
191.33567	776.888	7.42336e-10	-11.547564
191.49951	777.546	7.41317e-10	-11.550558
191.66335	778.205	7.40298e-10	-11.55355
191.82719	778.863	7.39279e-10	-11.55654
191.99103	779.521	7.3826e-10	-11.559528
192.15487	780.18	7.37242e-10	-11.562514
192.31871	780.838	7.36225e-10	-11.565498
192.48255	781.496	7.35207e-10	-11.56848
192.64639	782.155	7.3419e-10	-11.571461
192.81023	782.813	7.33174e-10	-11.574439
192.97407	783.472	7.32158e-10	-11.577415
193.13791	784.13	7.31142e-10	-11.58039
193.30175	784.788	7.30127e-10	-11.583363
193.46559	785.447	7.29112e-10	-11.586334
193.62943	786.105	7.28096e-10	-11.589303
193.79327	786.763	7.27082e-10	-11.59227
193.95711	787.421	7.26069e-10	-11.595235
194.12095	788.08	7.25055e-10	-11.598198
194.28479	788.738	7.24042e-10	-11.601159
194.44863	789.396	7.2303e-10	-11.604119
194.61247	790.055	7.22018e-10	-11.607076
194.77631	790.713	7.21006e-10	-11.610032
194.94015	791.371	7.19996e-10	-11.612986
195.10399	792.03	7.18985e-10	-11.615938
195.26783	792.688	7.17975e-10	-11.618888
195.43167	793.346	7.16965e-10	-11.621836
195.59551	794.005	7.15956e-10	-11.624783
195.75935	794.663	7.14948e-10	-11.627727
195.92319	795.321	7.13939e-10	-11.63067
196.08703	795.98	7.12932e-10	-11.633611
196.25087	796.638	7.11925e-10	-11.63655
196.41471	797.296	7.10918e-10	-11.639487
196.57855	797.954	7.09912e-10	-11.642422
196.74239	798.613	7.08906e-10	-11.645356
196.90623	799.271	7.07902e-10	-11.648287
197.07007	799.929	7.06897e-10	-11.651217
197.23391	800.588	7.05893e-10	-11.654145
197.39775	801.246	7.0489e-10	-11.657071
197.56159	801.904	7.03887e-10	-11.659995
197.72543	802.562	7.02885e-10	-11.662918
197.88927	803.221	7.01884e-10	-11.665838
198.05311	803.879	7.00883e-10	-11.668757
198.21695	804.537	6.99882e-10	-11.671674
198.38079	805.196	6.98883e-10	-11.674589
198.54463	805.854	6.97883e-10	-11.677503
198.70847	806.512	6.96885e-10	-11.680414
198.87231	807.17	6.95886e-10	-11.683324
199.03615	807.829	6.94889e-10	-11.686232
199.19999	808.487	6.93892e-10	-11.689138
199.36383	809.145	6.92896e-10	-11.692042
199.52767	809.803	6.91901e-10	-11.694945
199.69151	810.462	6.90906e-10	-11.697845
199.85535	811.12	6.89912e-10	-11.700744
200.01919	811.778	6.88919e-10	-11.703642
200.18303	812.436	6.87926e-10	-11.706537
200.34687	813.095	6.86934e-10	-11.70943
200.51071	813.753	6.85942e-10	-11.712322
200.67455	814.411	6.84951e-10	-11.715212
200.83839	815.069	6.83961e-10	-11.718101
201.00223	815.728	6.82971e-10	-11.720987
201.16607	816.386	6.81983e-10	-11.723872
201.32991	817.044	6.80995e-10	-11.726755
201.49375	817.702	6.80008e-10	-11.729636
201.65759	818.361	6.79021e-10	-11.732515
201.82143	819.019	6.78035e-10	-11.735393
201.98527	819.677	6.7705e-10	-11.738268
202.14911	820.335	6.76065e-10	-11.741143
202.31295	820.994	6.75081e-10	-11.744015
202.47679	821.652	6.74098e-10	-11.746885
202.64063	822.31	6.73116e-10	-11.749754
202.80447	822.968	6.72134e-10	-11.752621
202.96831	823.627	6.71153e-10	-11.755487
203.13215	824.285	6.70174e-10	-11.75835
203.29599	824.943	6.69195e-10	-11.761212
203.45983	825.601	6.68216e-10	-11.764072
203.62367	826.259	6.67238e-10	-11.766931
203.78751	826.918	6.66261e-10	-11.769787
203.95135	827.576	6.65285e-10	-11.772642
204.11519	828.234	6.6431e-10	-11.775495
204.27903	828.892	6.63335e-10	-11.778347
204.44287	829.55	6.62361e-10	-11.781196
204.60671	830.209	6.61387e-10	-11.784044
204.77055	830.867	6.60416e-10	-11.786891
204.93439	831.525	6.59444e-10	-11.789735
205.09823	832.183	6.58473e-10	-11.792578
205.26207	832.842	6.57504e-10	-11.795419
205.42591	833.5	6.56534e-10	-11.798258
205.58975	834.158	6.55566e-10	-11.801096
205.75359	834.816	6.54599e-10	-11.803932
205.91743	835.474	6.53632e-10	-11.806767
206.08127	836.132	6.52667e-10	-11.809599
206.24511	836.791	6.51702e-10	-11.81243
206.40895	837.449	6.50737e-10	-11.815259
206.57279	838.107	6.49774e-10	-11.818087
206.73663	838.765	6.48812e-10	-11.820913
206.90047	839.423	6.4785e-10	-11.823737
207.06431	840.082	6.46889e-10	-11.826559
207.22815	840.74	6.4593e-10	-11.82938
207.39199	841.398	6.44971e-10	-11.832199
207.55583	842.056	6.44013e-10	-11.835016
207.71967	842.714	6.43056e-10	-11.837832
207.88351	843.372	6.421e-10	-11.840646
208.04735	844.031	6.41144e-10	-11.843458
208.21119	844.689	6.4019e-10	-11.846269
208.37503	845.347	6.39236e-10	-11.849078
208.53887	846.005	6.38283e-10	-11.851885
208.70271	846.663	6.37332e-10	-11.854691
208.86655	847.322	6.36381e-10	-11.857495
209.03039	847.98	6.35431e-10	-11.860297
209.19423	848.638	6.34482e-10	-11.863098
209.35807	849.296	6.33533e-10	-11.865897
209.52191	849.954	6.32586e-10	-11.868695
209.68575	850.612	6.31639e-10	-11.87149
209.84959	851.27	6.30694e-10	-11.874284
210.01343	851.929	6.29749e-10	-11.877077
210.17727	852.587	6.29005e-10	-11.879868
210.42303	853.574	6.28126e-10	-11.884051
210.66879	854.561	6.27247e-10	-11.88823
210.91455	855.548	6.26365e-10	-11.892406
211.16031	856.536	6.25484e-10	-11.896578
211.40607	857.523	6.246e-10	-11.900747
211.65183	858.51	6.23716e-10	-11.904911
211.89759	859.497	6.22832e-10	-11.909073
212.14335	860.484	6.21946e-10	-11.91323
212.38911	861.472	6.21058e-10	-11.917384
212.63487	862.459	6.20171e-10	-11.921534
212.88063	863.446	6.19282e-10	-11.925681
213.12639	864.433	6.18392e-10	-11.929824
213.37215	865.42	6.17503e-10	-11.933963
213.61791	866.408	6.16611e-10	-11.938099
213.86367	867.395	6.15719e-10	-11.942231
214.10943	868.382	6.14826e-10	-11.946359
214.35519	869.369	6.13932e-10	-11.950485
214.60095	870.356	6.13037e-10	-11.954606
214.84671	871.343	6.12142e-10	-11.958724
215.09247	872.331	6.11246e-10	-11.962838
215.33823	873.318	6.1035e-10	-11.966949
215.58399	874.305	6.09452e-10	-11.971056
215.82975	875.292	6.08554e-10	-11.97516
216.07551	876.279	6.07655e-10	-11.97926
216.32127	877.266	6.06755e-10	-11.983357
216.56703	878.253	6.05855e-10	-11.98745
216.81279	879.241	6.04954e-10	-11.991539
217.05855	880.228	6.04053e-10	-11.995625
217.30431	881.215	6.03151e-10	-11.999708
217.55007	882.202	6.02248e-10	-12.003787
217.71391	882.86	6.01646e-10	-12.006505
217.95967	883.847	6.00743e-10	-12.010578
218.12351	884.505	6.0014e-10	-12.013292
218.28735	885.163	5.99537e-10	-12.016004
218.45119	885.821	5.98934e-10	-12.018714
218.61503	886.479	5.98331e-10	-12.021423
218.77887	887.137	5.97728e-10	-12.024131
218.94271	887.795	5.97124e-10	-12.026837
219.10655	888.454	5.9652e-10	-12.029541
219.27039	889.112	5.95916e-10	-12.032244
219.43423	889.77	5.95311e-10	-12.034945
219.59807	890.428	5.94707e-10	-12.037645
219.76191	891.086	5.94102e-10	-12.040343
219.92575	891.744	5.93498e-10	-12.04304
220.08959	892.402	5.92892e-10	-12.045735
220.25343	893.06	5.92287e-10	-12.048429
220.41727	893.718	5.91682e-10	-12.051122
220.58111	894.376	5.91076e-10	-12.053812
220.74495	895.034	5.9047e-10	-12.056501
220.90879	895.692	5.89865e-10	-12.059189
221.07263	896.35	5.89258e-10	-12.061875
221.23647	897.008	5.88652e-10	-12.06456
221.40031	897.666	5.88045e-10	-12.067243
221.56415	898.324	5.87439e-10	-12.069925
221.72799	898.982	5.86833e-10	-12.072605
221.89183	899.64	5.86226e-10	-12.075284
222.05567	900.298	5.85619e-10	-12.077961
222.21951	900.956	5.85012e-10	-12.080637
222.38335	901.615	5.84404e-10	-12.083311
222.54719	902.273	5.83797e-10	-12.085983
222.71103	902.931	5.83189e-10	-12.088655
222.87487	903.589	5.82583e-10	-12.091325
223.03871	904.247	5.81975e-10	-12.093993
223.20255	904.905	5.81367e-10	-12.096659
223.36639	905.563	5.80759e-10	-12.099325
223.53023	906.221	5.80151e-10	-12.101989
223.69407	906.879	5.79543e-10	-12.104651
223.85791	907.537	5.78935e-10	-12.107312
224.02175	908.195	5.78327e-10	-12.109971
224.18559	908.853	5.77719e-10	-12.112629
224.34943	909.511	5.7711e-10	-12.115286
224.51327	910.169	5.76502e-10	-12.117941
224.67711	910.827	5.75894e-10	-12.120594
224.84095	911.485	5.75285e-10	-12.123246
225.00479	912.143	5.74677e-10	-12.125897
225.16863	912.801	5.74068e-10	-12.128546
225.33247	913.459	5.7346e-10	-12.131194
225.49631	914.117	5.72851e-10	-12.13384
225.66015	914.775	5.72243e-10	-12.136484
225.82399	915.433	5.71634e-10	-12.139128
225.98783	916.091	5.71025e-10	-12.14177
226.15167	916.749	5.70416e-10	-12.14441
226.31551	917.407	5.69807e-10	-12.147049
226.47935	918.065	5.69198e-10	-12.149687
226.64319	918.723	5.68589e-10	-12.152323
226.80703	919.381	5.67981e-10	-12.154957
226.97087	920.039	5.67372e-10	-12.15759
227.13471	920.697	5.66763e-10	-12.160222
227.29855	921.355	5.66154e-10	-12.162853
227.46239	922.013	5.65545e-10	-12.165481
227.62623	922.671	5.64936e-10	-12.168109
227.79007	923.329	5.64327e-10	-12.170735
227.95391	923.987	5.63718e-10	-12.17336
228.11775	924.645	5.6311e-10	-12.175983
228.28159	925.303	5.62501e-10	-12.178604
228.44543	925.961	5.61892e-10	-12.181225
228.60927	926.619	5.61284e-10	-12.183844
228.77311	927.277	5.60675e-10	-12.186461
228.93695	927.935	5.60066e-10	-12.189077
229.10079	928.593	5.59457e-10	-12.191692
229.26463	929.251	5.58849e-10	-12.194305
229.42847	929.909	5.5824e-10	-12.196917
229.59231	930.567	5.57632e-10	-12.199527
229.75615	931.225	5.57023e-10	-12.202136
229.91999	931.883	5.56415e-10	-12.204744
230.08383	932.54	5.55807e-10	-12.20735
230.24767	933.198	5.55198e-10	-12.209955
230.41151	933.856	5.5459e-10	-12.212558
230.57535	934.514	5.53982e-10	-12.21516
230.73919	935.172	5.53374e-10	-12.217761
230.90303	935.83	5.52766e-10	-12.22036
231.06687	936.488	5.52159e-10	-12.222957
231.23071	937.146	5.5155e-10	-12.225554
231.39455	937.804	5.50943e-10	-12.228149
231.55839	938.462	5.50335e-10	-12.230742
231.72223	939.12	5.49728e-10	-12.233335
231.88607	939.778	5.4912e-10	-12.235925
232.04991	940.436	5.48513e-10	-12.238515
232.21375	941.094	5.47906e-10	-12.241103
232.37759	941.752	5.47299e-10	-12.24369
232.54143	942.41	5.46691e-10	-12.246275
232.70527	943.068	5.46085e-10	-12.248859
232.86911	943.726	5.45478e-10	-12.251441
233.03295	944.384	5.44872e-10	-12.254022
233.19679	945.042	5.44265e-10	-12.256602
233.36063	945.7	5.43658e-10	-12.25918
233.52447	946.357	5.43052e-10	-12.261757
233.68831	947.015	5.42446e-10	-12.264333
233.85215	947.673	5.4184e-10	-12.266907
234.01599	948.331	5.41234e-10	-12.26948
234.17983	948.989	5.40628e-10	-12.272052
234.34367	949.647	5.40023e-10	-12.274622
234.50751	950.305	5.39418e-10	-12.277191
234.67135	950.963	5.38812e-10	-12.279758
234.83519	951.621	5.38207e-10	-12.282324
234.99903	952.279	5.37602e-10	-12.284889
235.16287	952.937	5.36997e-10	-12.287453
235.32671	953.595	5.36393e-10	-12.290015
235.49055	954.253	5.35788e-10	-12.292575
235.65439	954.911	5.35184e-10	-12.295135
235.81823	955.568	5.3458e-10	-12.297693
235.98207	956.226	5.33976e-10	-12.300249
236.14591	956.884	5.33372e-10	-12.302805
236.30975	957.542	5.32769e-10	-12.305359
236.47359	958.2	5.32165e-10	-12.307911
236.63743	958.858	5.31562e-10	-12.310463
236.80127	959.516	5.30959e-10	-12.313012
236.96511	960.174	5.30356e-10	-12.315561
237.12895	960.832	5.29754e-10	-12.318108
237.37471	961.819	5.2885e-10	-12.321927
237.53855	962.476	5.28248e-10	-12.324471
237.70239	963.134	5.27646e-10	-12.327013
237.94815	964.121	5.26743e-10	-12.330825
238.11199	964.779	5.26142e-10	-12.333364
238.27583	965.437	5.25541e-10	-12.335902
238.52159	966.424	5.24639e-10	-12.339707
238.68543	967.082	5.24039e-10	-12.342241
238.84927	967.74	5.23438e-10	-12.344775
239.09503	968.727	5.22538e-10	-12.348572
239.25887	969.384	5.21938e-10	-12.351102
239.42271	970.042	5.21338e-10	-12.353631
239.66847	971.029	5.20439e-10	-12.357422
239.83231	971.687	5.1984e-10	-12.359947
239.99615	972.345	5.19242e-10	-12.362471
240.24191	973.332	5.18344e-10	-12.366255
240.40575	973.99	5.17746e-10	-12.368776
240.56959	974.647	5.17148e-10	-12.371296
240.81535	975.634	5.16252e-10	-12.375072
240.97919	976.292	5.15654e-10	-12.377589
241.14303	976.95	5.15058e-10	-12.380104
241.38879	977.937	5.14162e-10	-12.383874
241.55263	978.595	5.13566e-10	-12.386386
241.71647	979.253	5.1297e-10	-12.388896
241.96223	980.239	5.12076e-10	-12.39266
242.12607	980.897	5.1148e-10	-12.395167
242.28991	981.555	5.10885e-10	-12.397673
242.53567	982.542	5.09993e-10	-12.40143
242.69951	983.2	5.09399e-10	-12.403932
242.86335	983.858	5.08805e-10	-12.406434
243.10911	984.844	5.07914e-10	-12.410184
243.27295	985.502	5.07321e-10	-12.412682
243.43679	986.16	5.06727e-10	-12.415179
243.68255	987.147	5.05838e-10	-12.418923
243.84639	987.805	5.05246e-10	-12.421416
244.01023	988.463	5.04654e-10	-12.423909
244.25599	989.449	5.03766e-10	-12.427646
244.41983	990.107	5.03174e-10	-12.430135
244.58367	990.765	5.02584e-10	-12.432623
244.82943	991.752	5.01698e-10	-12.436353
244.99327	992.41	5.01107e-10	-12.438838
245.15711	993.068	5.00518e-10	-12.441322
245.40287	994.054	4.99633e-10	-12.445045
245.56671	994.712	4.99044e-10	-12.447525
245.73055	995.37	4.98455e-10	-12.450005
245.97631	996.357	4.97573e-10	-12.453722
246.14015	997.015	4.96985e-10	-12.456198
246.30399	997.672	4.96398e-10	-12.458673
246.54975	998.659	4.95517e-10	-12.462383
246.71359	999.317	4.9493e-10	-12.464855
246.87743	999.975	4.94343e-10	-12.467325
247.12319	1000.96	4.93464e-10	-12.471029
247.28703	1001.62	4.92879e-10	-12.473496
247.45087	1002.28	4.92293e-10	-12.475963
247.69663	1003.26	4.91416e-10	-12.47966
247.86047	1003.92	4.90832e-10	-12.482123
248.02431	1004.58	4.90248e-10	-12.484585
248.27007	1005.57	4.89372e-10	-12.488275
248.43391	1006.22	4.88789e-10	-12.490734
248.59775	1006.88	4.88206e-10	-12.493192
248.84351	1007.87	4.87333e-10	-12.496876
249.00735	1008.53	4.86751e-10	-12.49933
249.17119	1009.18	4.86169e-10	-12.501784
249.41695	1010.17	4.85298e-10	-12.505461
249.58079	1010.83	4.84718e-10	-12.507912
249.74463	1011.49	4.84137e-10	-12.510361
249.99039	1012.47	4.83268e-10	-12.514032
250.15423	1013.13	4.82689e-10	-12.516478
250.31807	1013.79	4.82109e-10	-12.518923
250.56383	1014.78	4.81242e-10	-12.522588
250.72767	1015.43	4.80664e-10	-12.525029
250.89151	1016.09	4.80086e-10	-12.52747
251.13727	1017.08	4.79221e-10	-12.531128
251.30111	1017.74	4.78644e-10	-12.533566
251.46495	1018.39	4.78068e-10	-12.536002
251.71071	1019.38	4.77204e-10	-12.539654
251.87455	1020.04	4.76629e-10	-12.542087
252.029101	1020.66	4.76087e-10	-12.544382
252.28415	1021.68	4.75487e-10	-12.548165
252.52991	1022.67	4.7491e-10	-12.551809
252.85759	1023.98	4.74138e-10	-12.556662
253.10335	1024.97	4.73558e-10	-12.560299
253.43103	1026.29	4.72785e-10	-12.565144
253.67679	1027.27	4.72205e-10	-12.568775
254.00447	1028.59	4.7143e-10	-12.573611
254.25023	1029.58	4.70849e-10	-12.577236
254.57791	1030.89	4.70073e-10	-12.582064
254.82367	1031.88	4.6949e-10	-12.585683
255.15135	1033.19	4.68713e-10	-12.590503
255.39711	1034.18	4.6813e-10	-12.594115
255.72479	1035.5	4.67352e-10	-12.598927
255.97055	1036.48	4.66767e-10	-12.602533
256.29823	1037.8	4.65988e-10	-12.607336
256.54399	1038.78	4.65403e-10	-12.610936
256.87167	1040.1	4.64622e-10	-12.615732
257.11743	1041.09	4.64037e-10	-12.619326
257.44511	1042.4	4.63255e-10	-12.624113
257.69087	1043.39	4.62669e-10	-12.627701
258.01855	1044.7	4.61886e-10	-12.63248
258.26431	1045.69	4.61299e-10	-12.636062
258.59199	1047.01	4.60516e-10	-12.640833
258.83775	1047.99	4.59927e-10	-12.644408
259.16543	1049.31	4.59144e-10	-12.649172
259.41119	1050.3	4.58555e-10	-12.652741
259.73887	1051.61	4.57769e-10	-12.657497
259.98463	1052.6	4.57181e-10	-12.66106
260.31231	1053.91	4.56394e-10	-12.665807
260.55807	1054.9	4.55804e-10	-12.669365
260.88575	1056.21	4.55018e-10	-12.674104
261.13151	1057.2	4.54428e-10	-12.677656
261.45919	1058.52	4.53641e-10	-12.682388
261.70495	1059.5	4.5305e-10	-12.685933
262.03263	1060.82	4.52262e-10	-12.690657
262.27839	1061.81	4.51671e-10	-12.694197
262.60607	1063.12	4.50882e-10	-12.698912
262.85183	1064.11	4.50291e-10	-12.702446
263.17951	1065.42	4.49502e-10	-12.707154
263.42527	1066.41	4.4891e-10	-12.710682
263.75295	1067.72	4.48121e-10	-12.715382
263.99871	1068.71	4.47529e-10	-12.718905
264.32639	1070.03	4.46739e-10	-12.723597
264.57215	1071.01	4.46147e-10	-12.727113
264.89983	1072.33	4.45357e-10	-12.731798
265.14559	1073.32	4.44764e-10	-12.735309
265.47327	1074.63	4.43973e-10	-12.739986
265.71903	1075.62	4.4338e-10	-12.743491
266.04671	1076.93	4.4259e-10	-12.74816
266.29247	1077.92	4.41997e-10	-12.751659
266.62015	1079.23	4.41206e-10	-12.756321
266.86591	1080.22	4.40612e-10	-12.759814
267.19359	1081.54	4.39821e-10	-12.764468
267.43935	1082.52	4.39228e-10	-12.767956
267.76703	1083.84	4.38437e-10	-12.772602
268.01279	1084.83	4.37843e-10	-12.776084
268.34047	1086.14	4.37052e-10	-12.780723
268.58623	1087.13	4.36458e-10	-12.784199
268.91391	1088.44	4.35667e-10	-12.788831
269.15967	1089.43	4.35073e-10	-12.792301
269.48735	1090.74	4.34281e-10	-12.796925
269.73311	1091.73	4.33688e-10	-12.80039
270.06079	1093.05	4.32897e-10	-12.805007
270.30655	1094.03	4.32303e-10	-12.808466
270.63423	1095.35	4.31512e-10	-12.813075
270.87999	1096.33	4.30919e-10	-12.816529
271.20767	1097.65	4.30128e-10	-12.821131
271.45343	1098.64	4.29534e-10	-12.824579
271.78111	1099.95	4.28743e-10	-12.829173
272.02687	1100.94	4.2815e-10	-12.832616
272.35455	1102.25	4.27359e-10	-12.837203
272.60031	1103.24	4.26766e-10	-12.84064
272.92799	1104.55	4.25976e-10	-12.845219
273.17375	1105.54	4.25383e-10	-12.848651
273.50143	1106.86	4.24593e-10	-12.853223
273.74719	1107.84	4.24e-10	-12.856649
274.07487	1109.16	4.2321e-10	-12.861214
274.32063	1110.14	4.22618e-10	-12.864635
274.64831	1111.46	4.21828e-10	-12.869193
274.89407	1112.45	4.21237e-10	-12.872608
275.22175	1113.76	4.20447e-10	-12.877158
275.46751	1114.75	4.19855e-10	-12.880568
275.79519	1116.06	4.19067e-10	-12.885112
276.04095	1117.05	4.18475e-10	-12.888516
276.36863	1118.37	4.17687e-10	-12.893052
276.61439	1119.35	4.17096e-10	-12.896451
276.94207	1120.67	4.16308e-10	-12.90098
277.18783	1121.65	4.15718e-10	-12.904374
277.51551	1122.97	4.1493e-10	-12.908895
277.76127	1123.96	4.1434e-10	-12.912284
278.08895	1125.27	4.13554e-10	-12.916799
278.33471	1126.26	4.12964e-10	-12.920182
278.66239	1127.57	4.12178e-10	-12.924689
278.90815	1128.56	4.11589e-10	-12.928067
279.23583	1129.87	4.10803e-10	-12.932567
279.48159	1130.86	4.10214e-10	-12.93594
279.80927	1132.18	4.09429e-10	-12.940433
280.05503	1133.16	4.08841e-10	-12.943801
280.38271	1134.48	4.08057e-10	-12.948287
280.71039	1135.79	4.07274e-10	-12.952769
281.03807	1137.11	4.0649e-10	-12.957248
281.36575	1138.42	4.05708e-10	-12.961722
281.69343	1139.74	4.04926e-10	-12.966193
282.02111	1141.05	4.04144e-10	-12.970659
282.34879	1142.37	4.03363e-10	-12.975122
282.67647	1143.68	4.02581e-10	-12.97958
283.00415	1145.0	4.01801e-10	-12.984035
283.33183	1146.31	4.01021e-10	-12.988485
283.65951	1147.63	4.00242e-10	-12.992932
283.98719	1148.94	3.99463e-10	-12.997375
284.31487	1150.26	3.98685e-10	-13.001814
284.64255	1151.57	3.97907e-10	-13.006249
284.97023	1152.89	3.9713e-10	-13.01068
285.29791	1154.2	3.96354e-10	-13.015107
285.62559	1155.52	3.95577e-10	-13.019531
285.95327	1156.83	3.94802e-10	-13.02395
286.28095	1158.15	3.94027e-10	-13.028366
286.60863	1159.47	3.93253e-10	-13.032778
286.93631	1160.78	3.92479e-10	-13.037186
287.26399	1162.1	3.91705e-10	-13.04159
287.59167	1163.41	3.90933e-10	-13.04599
287.91935	1164.73	3.90162e-10	-13.050387
288.24703	1166.04	3.8939e-10	-13.054779
288.57471	1167.36	3.88619e-10	-13.059168
288.90239	1168.67	3.8785e-10	-13.063553
289.23007	1169.99	3.87081e-10	-13.067935
289.55775	1171.3	3.86312e-10	-13.072312
289.88543	1172.62	3.85544e-10	-13.076686
290.21311	1173.93	3.84777e-10	-13.081056
290.54079	1175.25	3.8401e-10	-13.085422
290.86847	1176.56	3.83245e-10	-13.089784
291.03231	1177.22	3.82862e-10	-13.091964
291.35999	1178.53	3.82098e-10	-13.096321
291.52383	1179.19	3.81716e-10	-13.098498
291.68767	1179.85	3.81334e-10	-13.100674
291.85151	1180.51	3.80952e-10	-13.102849
292.01535	1181.16	3.8057e-10	-13.105023
292.17919	1181.82	3.80189e-10	-13.107197
292.34303	1182.48	3.79807e-10	-13.109369
292.50687	1183.14	3.79427e-10	-13.111541
292.67071	1183.79	3.79046e-10	-13.113711
292.83455	1184.45	3.78665e-10	-13.115881
292.99839	1185.11	3.78285e-10	-13.118049
293.16223	1185.77	3.77905e-10	-13.120217
293.32607	1186.42	3.77525e-10	-13.122384
293.48991	1187.08	3.77145e-10	-13.12455
293.65375	1187.74	3.76765e-10	-13.126715
293.81759	1188.4	3.76386e-10	-13.128879
294.14527	1189.71	3.75744e-10	-13.133204
294.47295	1191.03	3.75206e-10	-13.137526
294.80063	1192.34	3.74669e-10	-13.141844
295.12831	1193.66	3.7413e-10	-13.146158
295.45599	1194.97	3.73591e-10	-13.150468
295.78367	1196.29	3.73052e-10	-13.154775
296.11135	1197.6	3.72513e-10	-13.159079
296.43903	1198.92	3.71972e-10	-13.163379
296.76671	1200.23	3.71432e-10	-13.167675
297.09439	1201.55	3.70891e-10	-13.171967
297.42207	1202.86	3.7035e-10	-13.176256
297.74975	1204.18	3.69808e-10	-13.180541
298.07743	1205.49	3.69267e-10	-13.184823
298.40511	1206.81	3.68725e-10	-13.189101
298.73279	1208.12	3.68182e-10	-13.193375
299.06047	1209.44	3.67639e-10	-13.197646
299.38815	1210.75	3.67096e-10	-13.201914
299.71583	1212.07	3.66553e-10	-13.206177
300.04351	1213.38	3.6601e-10	-13.210438
300.37119	1214.7	3.65466e-10	-13.214694
300.69887	1216.01	3.64922e-10	-13.218948
301.02655	1217.33	3.64377e-10	-13.223197
301.35423	1218.64	3.63833e-10	-13.227443
301.68191	1219.96	3.63288e-10	-13.231686
302.00959	1221.27	3.62743e-10	-13.235925
302.33727	1222.59	3.62197e-10	-13.24016
302.66495	1223.9	3.61652e-10	-13.244392
302.99263	1225.22	3.61106e-10	-13.248621
303.32031	1226.53	3.6056e-10	-13.252846
303.64799	1227.85	3.60014e-10	-13.257067
303.97567	1229.16	3.59468e-10	-13.261285
304.30335	1230.48	3.58921e-10	-13.2655
304.63103	1231.79	3.58374e-10	-13.269711
304.95871	1233.11	3.57828e-10	-13.273919
305.28639	1234.42	3.57281e-10	-13.278123
305.61407	1235.74	3.56734e-10	-13.282324
305.94175	1237.05	3.56187e-10	-13.286521
306.26943	1238.37	3.5564e-10	-13.290715
306.59711	1239.68	3.55093e-10	-13.294905
306.92479	1241.0	3.54545e-10	-13.299092
307.25247	1242.31	3.53997e-10	-13.303276
307.58015	1243.63	3.5345e-10	-13.307456
307.90783	1244.94	3.52902e-10	-13.311633
308.23551	1246.26	3.52355e-10	-13.315807
308.56319	1247.57	3.51807e-10	-13.319976
308.89087	1248.89	3.51259e-10	-13.324143
309.21855	1250.2	3.50711e-10	-13.328306
309.54623	1251.52	3.50163e-10	-13.332466
309.87391	1252.83	3.49615e-10	-13.336623
310.20159	1254.14	3.49067e-10	-13.340776
310.52927	1255.46	3.48519e-10	-13.344926
310.85695	1256.77	3.47971e-10	-13.349072
311.18463	1258.09	3.47423e-10	-13.353216
311.51231	1259.4	3.46875e-10	-13.357355
311.83999	1260.72	3.46326e-10	-13.361492
312.16767	1262.03	3.45779e-10	-13.365625
312.49535	1263.35	3.45231e-10	-13.369755
312.82303	1264.66	3.44683e-10	-13.373881
313.15071	1265.98	3.44135e-10	-13.378005
313.47839	1267.29	3.43587e-10	-13.382125
313.80607	1268.61	3.43039e-10	-13.386241
314.13375	1269.92	3.42492e-10	-13.390355
314.46143	1271.24	3.41944e-10	-13.394465
314.78911	1272.55	3.41397e-10	-13.398572
315.11679	1273.87	3.40849e-10	-13.402675
315.44447	1275.18	3.40301e-10	-13.406776
315.77215	1276.5	3.39754e-10	-13.410873
316.09983	1277.81	3.39207e-10	-13.414966
316.42751	1279.13	3.38659e-10	-13.419057
316.75519	1280.44	3.38113e-10	-13.423144
317.08287	1281.76	3.37566e-10	-13.427228
317.41055	1283.07	3.37019e-10	-13.431309
317.73823	1284.39	3.36473e-10	-13.435387
318.06591	1285.7	3.35926e-10	-13.439461
318.39359	1287.02	3.3538e-10	-13.443532
318.72127	1288.33	3.34833e-10	-13.4476
319.04895	1289.65	3.34288e-10	-13.451665
319.37663	1290.96	3.33742e-10	-13.455727
319.70431	1292.27	3.33196e-10	-13.459785
320.03199	1293.59	3.3265e-10	-13.46384
320.35967	1294.9	3.32105e-10	-13.467893
320.68735	1296.22	3.3156e-10	-13.471941
321.01503	1297.53	3.31015e-10	-13.475987
321.34271	1298.85	3.3047e-10	-13.48003
321.67039	1300.16	3.29926e-10	-13.484069
321.99807	1301.48	3.29381e-10	-13.488106
322.32575	1302.79	3.28837e-10	-13.492139
322.65343	1304.11	3.28293e-10	-13.496169
322.98111	1305.42	3.2775e-10	-13.500196
323.30879	1306.74	3.27206e-10	-13.504219
323.63647	1308.05	3.26663e-10	-13.50824
323.96415	1309.37	3.2612e-10	-13.512258
324.29183	1310.68	3.25578e-10	-13.516272
324.61951	1312.0	3.25035e-10	-13.520283
324.94719	1313.31	3.24493e-10	-13.524291
325.27487	1314.63	3.23951e-10	-13.528297
325.60255	1315.94	3.23409e-10	-13.532299
325.93023	1317.26	3.22868e-10	-13.536298
326.25791	1318.57	3.22327e-10	-13.540293
326.58559	1319.88	3.21786e-10	-13.544286
326.91327	1321.2	3.21246e-10	-13.548276
327.24095	1322.51	3.20705e-10	-13.552263
327.56863	1323.83	3.20166e-10	-13.556246
327.89631	1325.14	3.19626e-10	-13.560227
328.22399	1326.46	3.19087e-10	-13.564204
328.55167	1327.77	3.18548e-10	-13.568179
328.87935	1329.09	3.18009e-10	-13.57215
329.20703	1330.4	3.17471e-10	-13.576119
329.53471	1331.72	3.16933e-10	-13.580084
329.86239	1333.03	3.16396e-10	-13.584047
330.19007	1334.35	3.15858e-10	-13.588006
330.51775	1335.66	3.15321e-10	-13.591962
330.84543	1336.98	3.14784e-10	-13.595916
331.17311	1338.29	3.14249e-10	-13.599866
331.50079	1339.6	3.13713e-10	-13.603813
331.82847	1340.92	3.13177e-10	-13.607758
332.15615	1342.23	3.12642e-10	-13.611699
332.48383	1343.55	3.12107e-10	-13.615638
332.81151	1344.86	3.11573e-10	-13.619573
333.13919	1346.18	3.11039e-10	-13.623506
333.46687	1347.49	3.10506e-10	-13.627435
333.79455	1348.81	3.09973e-10	-13.631362
334.12223	1350.12	3.09439e-10	-13.635286
334.44991	1351.44	3.08907e-10	-13.639206
334.77759	1352.75	3.08376e-10	-13.643124
335.10527	1354.07	3.07844e-10	-13.647039
335.43295	1355.38	3.07313e-10	-13.650951
335.76063	1356.7	3.06782e-10	-13.65486
336.08831	1358.01	3.06356e-10	-13.658766
336.41599	1359.32	3.06024e-10	-13.662669
336.74367	1360.64	3.05689e-10	-13.666569
337.07135	1361.95	3.05356e-10	-13.670466
337.39903	1363.27	3.05021e-10	-13.674361
337.72671	1364.58	3.04687e-10	-13.678252
338.05439	1365.9	3.04351e-10	-13.682141
338.38207	1367.21	3.04016e-10	-13.686027
338.70975	1368.53	3.0368e-10	-13.689909
339.03743	1369.84	3.03344e-10	-13.693789
339.36511	1371.16	3.03006e-10	-13.697666
339.85663	1373.13	3.025e-10	-13.70348
340.51199	1375.76	3.01824e-10	-13.71121
341.82271	1381.02	3.00467e-10	-13.72665
343.13343	1386.27	2.99103e-10	-13.74205
344.44415	1391.53	2.97735e-10	-13.7574
345.75487	1396.79	2.96361e-10	-13.7727
347.06559	1402.05	2.94983e-10	-13.78796
348.37631	1407.31	2.936e-10	-13.80318
349.68703	1412.56	2.92211e-10	-13.81835
350.99775	1417.82	2.9082e-10	-13.83348
352.30847	1423.08	2.89425e-10	-13.84857
353.61919	1428.34	2.88026e-10	-13.86361
354.92991	1433.6	2.86624e-10	-13.87861
356.24063	1438.85	2.85219e-10	-13.89357
357.55135	1444.11	2.83812e-10	-13.90848
358.86207	1449.37	2.82402e-10	-13.92335
360.17279	1454.63	2.8099e-10	-13.93819
361.48351	1459.88	2.79576e-10	-13.95298
362.79423	1465.14	2.78161e-10	-13.96773
364.10495	1470.4	2.76744e-10	-13.98243
365.41567	1475.66	2.75326e-10	-13.9971
366.72639	1480.92	2.73908e-10	-14.01173
368.03711	1486.17	2.72488e-10	-14.02632
369.34783	1491.43	2.71068e-10	-14.04086
370.65855	1496.69	2.69648e-10	-14.05537
371.96927	1501.94	2.68228e-10	-14.06984
373.27999	1507.2	2.66808e-10	-14.08427
374.59071	1512.46	2.65389e-10	-14.09866
375.90143	1517.72	2.6397e-10	-14.11301
377.21215	1522.97	2.62552e-10	-14.12733
378.52287	1528.23	2.61135e-10	-14.1416
379.83359	1533.49	2.59719e-10	-14.15584
381.14431	1538.75	2.58305e-10	-14.17004
382.45503	1544.0	2.56891e-10	-14.1842
383.76575	1549.26	2.5548e-10	-14.19833
385.07647	1554.52	2.5407e-10	-14.21241
386.38719	1559.77	2.52663e-10	-14.22646
387.69791	1565.03	2.51257e-10	-14.24048
389.00863	1570.29	2.49855e-10	-14.25446
390.31935	1575.54	2.48454e-10	-14.2684
391.63007	1580.8	2.47056e-10	-14.2823
392.94079	1586.06	2.4566e-10	-14.29617
394.25151	1591.31	2.44268e-10	-14.31001
395.56223	1596.57	2.42879e-10	-14.32381
396.87295	1601.83	2.41493e-10	-14.33757
398.18367	1607.08	2.40111e-10	-14.3513
399.49439	1612.34	2.38731e-10	-14.365
400.80511	1617.6	2.37356e-10	-14.37866
402.11583	1622.85	2.35984e-10	-14.39228
403.42655	1628.11	2.34616e-10	-14.40587
404.73727	1633.37	2.33252e-10	-14.41943
406.04799	1638.62	2.31892e-10	-14.43295
407.35871	1643.88	2.30536e-10	-14.44644
408.66943	1649.14	2.29185e-10	-14.4599
411.29087	1659.65	2.26495e-10	-14.48671
412.60159	1664.9	2.25157e-10	-14.50007
413.91231	1670.16	2.23823e-10	-14.51339
415.22303	1675.42	2.22494e-10	-14.52669
416.53375	1680.67	2.2117e-10	-14.53995
417.84447	1685.93	2.19851e-10	-14.55317
419.801261	1693.78	2.17889e-10	-14.572847
420.46591	1696.44	2.17482e-10	-14.57953
421.77663	1701.7	2.16673e-10	-14.59267
423.08735	1706.95	2.15861e-10	-14.60577
424.39807	1712.21	2.15045e-10	-14.61884
425.70879	1717.46	2.14229e-10	-14.63188
427.01951	1722.72	2.1341e-10	-14.64488
429.64095	1733.23	2.11764e-10	-14.67081
430.95167	1738.49	2.10939e-10	-14.68372
432.26239	1743.74	2.10111e-10	-14.69661
433.57311	1749.0	2.09283e-10	-14.70946
434.88383	1754.26	2.08452e-10	-14.72229
436.19455	1759.51	2.0762e-10	-14.73509
438.81599	1770.02	2.05952e-10	-14.76059
440.12671	1775.28	2.05116e-10	-14.7733
441.43743	1780.53	2.0428e-10	-14.78597
442.74815	1785.79	2.03442e-10	-14.79862
444.05887	1791.04	2.02603e-10	-14.81124
445.36959	1796.3	2.01764e-10	-14.82383
447.99103	1806.81	2.00083e-10	-14.84893
449.30175	1812.07	1.99242e-10	-14.86144
450.61247	1817.32	1.984e-10	-14.87392
451.92319	1822.58	1.97559e-10	-14.88637
453.23391	1827.83	1.96717e-10	-14.89879
454.54463	1833.09	1.95875e-10	-14.91118
457.16607	1843.6	1.94191e-10	-14.93589
458.47679	1848.85	1.93349e-10	-14.9482
459.78751	1854.11	1.92507e-10	-14.96049
461.09823	1859.36	1.91666e-10	-14.97274
462.40895	1864.62	1.90825e-10	-14.98497
463.71967	1869.87	1.89984e-10	-14.99718
466.34111	1880.38	1.88305e-10	-15.02151
467.65183	1885.64	1.87466e-10	-15.03363
468.96255	1890.89	1.86628e-10	-15.04573
470.27327	1896.15	1.85791e-10	-15.0578
471.58399	1901.4	1.84954e-10	-15.06985
472.89471	1906.66	1.84119e-10	-15.08187
475.51615	1917.17	1.82451e-10	-15.10583
476.82687	1922.42	1.81619e-10	-15.11777
478.13759	1927.68	1.80787e-10	-15.12969
479.44831	1932.93	1.79957e-10	-15.14159
480.75903	1938.19	1.79129e-10	-15.15345
482.06975	1943.44	1.78301e-10	-15.1653
484.69119	1953.95	1.76651e-10	-15.18891
487.31263	1964.46	1.75007e-10	-15.21242
489.93407	1974.97	1.7337e-10	-15.23583
492.55551	1985.48	1.7174e-10	-15.25915
495.17695	1995.99	1.70117e-10	-15.28237
497.79839	2006.5	1.68501e-10	-15.3055
500.41983	2017.01	1.66894e-10	-15.32853
503.04127	2027.51	1.65294e-10	-15.35147
503.687341	2030.1	1.649e-10	-15.357099
505.66271	2038.02	1.641e-10	-15.37431
508.28415	2048.53	1.63033e-10	-15.39707
510.90559	2059.04	1.61961e-10	-15.41973
513.52703	2069.55	1.60885e-10	-15.44231
516.14847	2080.06	1.59806e-10	-15.46479
518.76991	2090.56	1.58724e-10	-15.48719
521.39135	2101.07	1.57639e-10	-15.5095
524.01279	2111.58	1.56551e-10	-15.53172
526.63423	2122.09	1.55462e-10	-15.55385
529.25567	2132.6	1.54371e-10	-15.5759
531.87711	2143.1	1.53279e-10	-15.59787
534.49855	2153.61	1.52186e-10	-15.61975
537.11999	2164.12	1.51092e-10	-15.64155
539.74143	2174.63	1.49999e-10	-15.66326
542.36287	2185.13	1.48905e-10	-15.6849
544.98431	2195.64	1.47811e-10	-15.70645
547.60575	2206.15	1.46718e-10	-15.72793
550.22719	2216.66	1.45626e-10	-15.74932
552.84863	2227.16	1.44536e-10	-15.77063
555.47007	2237.67	1.43446e-10	-15.79187
558.09151	2248.18	1.42359e-10	-15.81303
560.71295	2258.68	1.41274e-10	-15.83411
563.33439	2269.19	1.40191e-10	-15.85511
565.95583	2279.7	1.3911e-10	-15.87604
568.57727	2290.2	1.38032e-10	-15.89689
571.19871	2300.71	1.36957e-10	-15.91767
573.82015	2311.22	1.35884e-10	-15.93838
576.44159	2321.72	1.34815e-10	-15.95901
579.06303	2332.23	1.3375e-10	-15.97956
581.68447	2342.74	1.32688e-10	-16.00005
584.30591	2353.24	1.31631e-10	-16.02046
586.92735	2363.75	1.30578e-10	-16.04081
587.573421	2366.34	1.30318e-10	-16.045806
589.54879	2374.25	1.2976e-10	-16.06108
592.17023	2384.76	1.29017e-10	-16.08128
594.79167	2395.27	1.2827e-10	-16.10141
597.41311	2405.77	1.27523e-10	-16.12148
600.03455	2416.28	1.26773e-10	-16.14147
602.65599	2426.78	1.26022e-10	-16.1614
605.27743	2437.29	1.25269e-10	-16.18126
607.89887	2447.79	1.24516e-10	-16.20105
610.52031	2458.3	1.23761e-10	-16.22078
613.14175	2468.81	1.23005e-10	-16.24044
615.76319	2479.31	1.22249e-10	-16.26004
618.38463	2489.82	1.21492e-10	-16.27957
621.00607	2500.32	1.20734e-10	-16.29903
623.62751	2510.83	1.19977e-10	-16.31843
626.24895	2521.33	1.1922e-10	-16.33777
628.87039	2531.84	1.18463e-10	-16.35705
631.49183	2542.34	1.17706e-10	-16.37626
634.11327	2552.85	1.1695e-10	-16.39541
636.73471	2563.35	1.16194e-10	-16.4145
639.35615	2573.86	1.1544e-10	-16.43353
641.97759	2584.36	1.14685e-10	-16.45249
644.59903	2594.87	1.13932e-10	-16.4714
647.22047	2605.37	1.1318e-10	-16.49025
649.84191	2615.87	1.1243e-10	-16.50903
652.46335	2626.38	1.11681e-10	-16.52776
655.08479	2636.88	1.10933e-10	-16.54643
657.70623	2647.39	1.10188e-10	-16.56504
660.32767	2657.89	1.09443e-10	-16.5836
662.94911	2668.4	1.08701e-10	-16.60209
665.57055	2678.9	1.07961e-10	-16.62053
668.19199	2689.4	1.07223e-10	-16.63891
670.81343	2699.91	1.06487e-10	-16.65724
671.459501	2702.5	1.06305e-10	-16.661743
673.43487	2710.41	1.05961e-10	-16.67551
676.05631	2720.92	1.05501e-10	-16.69372
678.67775	2731.42	1.05038e-10	-16.71188
681.29919	2741.92	1.04572e-10	-16.72999
683.92063	2752.43	1.04105e-10	-16.74804
686.54207	2762.93	1.03635e-10	-16.76603
689.16351	2773.44	1.03164e-10	-16.78397
691.78495	2783.94	1.02691e-10	-16.80186
694.40639	2794.44	1.02215e-10	-16.8197
697.02783	2804.95	1.01738e-10	-16.83748
699.64927	2815.45	1.0126e-10	-16.85521
702.27071	2825.95	1.0078e-10	-16.87289
704.89215	2836.46	1.00299e-10	-16.89052
707.51359	2846.96	9.98164e-11	-16.9081
710.13503	2857.46	9.93326e-11	-16.92562
712.75647	2867.97	9.88479e-11	-16.9431
715.37791	2878.47	9.83626e-11	-16.96052
717.99935	2888.97	9.78758e-11	-16.9779
720.62079	2899.48	9.73884e-11	-16.99523
723.24223	2909.98	9.69004e-11	-17.0125
725.86367	2920.48	9.64119e-11	-17.02973
728.48511	2930.99	9.5923e-11	-17.04691
731.10655	2941.49	9.54329e-11	-17.06404
733.72799	2951.99	9.49432e-11	-17.08112
736.34943	2962.49	9.44532e-11	-17.09815
738.97087	2973.0	9.39623e-11	-17.11514
741.59231	2983.5	9.34718e-11	-17.13208
744.21375	2994.0	9.29812e-11	-17.14897
746.83519	3004.5	9.24911e-11	-17.16582
749.45663	3015.01	9.20003e-11	-17.18262
752.07807	3025.51	9.15101e-11	-17.19937
754.69951	3036.01	9.102e-11	-17.21608
757.32095	3046.51	9.053e-11	-17.23275
759.94239	3057.02	9.00407e-11	-17.24936
762.56383	3067.52	8.95516e-11	-17.26594
765.18527	3078.02	8.90632e-11	-17.28246
767.80671	3088.52	8.85751e-11	-17.29895
770.42815	3099.03	8.80879e-11	-17.31539
773.04959	3109.53	8.76011e-11	-17.33178
775.67103	3120.03	8.71151e-11	-17.34814
778.29247	3130.53	8.663e-11	-17.36445
780.91391	3141.03	8.61456e-11	-17.38071
783.53535	3151.54	8.56621e-11	-17.39693
786.15679	3162.04	8.51796e-11	-17.41311
788.77823	3172.54	8.46982e-11	-17.42925
791.39967	3183.04	8.42175e-11	-17.44535
794.02111	3193.54	8.37382e-11	-17.4614
796.64255	3204.05	8.32599e-11	-17.47742
799.26399	3214.55	8.27827e-11	-17.49339
801.88543	3225.05	8.23067e-11	-17.50932
804.50687	3235.55	8.18322e-11	-17.52521
807.12831	3246.05	8.13588e-11	-17.54106
809.74975	3256.55	8.08868e-11	-17.55687
812.37119	3267.06	8.0416e-11	-17.57264
814.99263	3277.56	7.99469e-11	-17.58836
817.61407	3288.06	7.94792e-11	-17.60405
820.23551	3298.56	7.90129e-11	-17.6197
822.85695	3309.06	7.85481e-11	-17.63531
825.47839	3319.56	7.80849e-11	-17.65088
828.09983	3330.06	7.76233e-11	-17.66642
830.72127	3340.56	7.71633e-11	-17.68191
833.34271	3351.07	7.67051e-11	-17.69736
835.96415	3361.57	7.62485e-11	-17.71278
838.58559	3372.07	7.57937e-11	-17.72816
839.231661	3374.66	7.56816e-11	-17.731941
841.20703	3382.57	7.54724e-11	-17.7435
843.82847	3393.07	7.51935e-11	-17.75881
846.44991	3403.57	7.49138e-11	-17.77407
849.07135	3414.07	7.46332e-11	-17.7893
851.69279	3424.57	7.43516e-11	-17.80449
854.31423	3435.07	7.40692e-11	-17.81965
856.93567	3445.58	7.37861e-11	-17.83477
859.55711	3456.08	7.35022e-11	-17.84985
862.17855	3466.58	7.32177e-11	-17.8649
864.79999	3477.08	7.29324e-11	-17.87991
867.42143	3487.58	7.26465e-11	-17.89488
870.04287	3498.08	7.23601e-11	-17.90982
872.66431	3508.58	7.20731e-11	-17.92473
875.28575	3519.08	7.17856e-11	-17.9396
877.90719	3529.58	7.14977e-11	-17.95443
880.52863	3540.08	7.12093e-11	-17.96923
883.15007	3550.58	7.09205e-11	-17.98399
885.77151	3561.08	7.06314e-11	-17.99872
888.39295	3571.58	7.03419e-11	-18.01342
891.01439	3582.08	7.00522e-11	-18.02808
893.63583	3592.58	6.97622e-11	-18.04271
896.25727	3603.08	6.9472e-11	-18.0573
898.87871	3613.58	6.91816e-11	-18.07186
901.50015	3624.08	6.8891e-11	-18.08639
906.74303	3645.09	6.83095e-11	-18.11534
909.36447	3655.59	6.80187e-11	-18.12977
911.98591	3666.09	6.77277e-11	-18.14416
914.60735	3676.59	6.74369e-11	-18.15853
917.22879	3687.09	6.71459e-11	-18.17286
919.85023	3697.59	6.68552e-11	-18.18715
925.09311	3718.59	6.62738e-11	-18.21565
927.71455	3729.09	6.59832e-11	-18.22985
930.33599	3739.59	6.56929e-11	-18.24402
932.95743	3750.09	6.54027e-11	-18.25816
935.57887	3760.59	6.51127e-11	-18.27227
938.20031	3771.09	6.4823e-11	-18.28635
943.44319	3792.08	6.42443e-11	-18.31441
946.06463	3802.58	6.39554e-11	-18.32839
948.68607	3813.08	6.36668e-11	-18.34234
951.30751	3823.58	6.33786e-11	-18.35627
953.92895	3834.08	6.30907e-11	-18.37016
956.55039	3844.58	6.28033e-11	-18.38402
961.79327	3865.58	6.22296e-11	-18.41166
964.41471	3876.08	6.19434e-11	-18.42543
967.03615	3886.58	6.16578e-11	-18.43917
969.65759	3897.08	6.13726e-11	-18.45289
972.27903	3907.58	6.10879e-11	-18.46657
974.90047	3918.08	6.08037e-11	-18.48023
980.14335	3939.08	6.02371e-11	-18.50745
982.76479	3949.58	5.99547e-11	-18.52102
985.38623	3960.08	5.96729e-11	-18.53456
988.00767	3970.58	5.93916e-11	-18.54807
990.62911	3981.08	5.9111e-11	-18.56156
993.25055	3991.58	5.88311e-11	-18.57501
998.49343	4012.57	5.82732e-11	-18.60184
1001.11487	4023.07	5.79953e-11	-18.61521
1003.73631	4033.57	5.77182e-11	-18.62856
1007.00382	4046.66	5.73732e-11	-18.645138
1008.9792	4054.57	5.74425e-11	-18.65516
