#beta	transition energy [Ry]	dipole strength	initial state energy [Ry]
5e-06	0.102867	0.081583	-0.111171
0.0001	0.102958	0.081583	-0.11171
0.0001025	0.102968	0.0817661	-0.111725
0.000105	0.102979	0.0819516	-0.11174
0.0001075	0.10299	0.0821394	-0.111755
0.00011	0.103002	0.0823293	-0.11177
0.000115	0.103025	0.0827156	-0.1118
0.0001175	0.103038	0.0829114	-0.111815
0.00012	0.10305	0.0831091	-0.11183
0.0001225	0.103063	0.0833083	-0.111845
0.000125	0.103077	0.0835089	-0.11186
0.0001275	0.10309	0.0837109	-0.111875
0.0001325	0.103117	0.0841186	-0.111904
0.000135	0.103132	0.084324	-0.111919
0.0001375	0.103147	0.0845303	-0.111934
0.00014	0.103162	0.0847374	-0.111949
0.0001425	0.103177	0.0849452	-0.111964
0.000145	0.103193	0.0851536	-0.111979
0.00015	0.103225	0.0855716	-0.112009
0.0001525	0.103242	0.0857812	-0.112024
0.000155	0.103259	0.0859909	-0.112039
0.0001575	0.103276	0.0862007	-0.112054
0.00016	0.103293	0.0864105	-0.112069
0.0001625	0.10331	0.0866201	-0.112083
0.0001675	0.103346	0.0870385	-0.112113
0.00017	0.103365	0.0872471	-0.112128
0.0001725	0.103384	0.0874551	-0.112143
0.000175	0.103403	0.0876625	-0.112158
0.0001775	0.103422	0.0878691	-0.112173
0.00018	0.10344	0.0880749	-0.112187
0.000185	0.10348	0.0884837	-0.112217
0.00019	0.103521	0.088888	-0.112247
0.000195	0.103563	0.0892874	-0.112277
0.0002	0.103606	0.089681	-0.112307
0.000205	0.103648	0.0900679	-0.112336
0.00021	0.103693	0.0904474	-0.112366
0.000215	0.103739	0.0908189	-0.112396
0.00022	0.103784	0.0911817	-0.112425
0.000225	0.103832	0.091535	-0.112455
0.00023	0.10388	0.0918781	-0.112485
0.000235	0.103929	0.0922106	-0.112515
0.00024	0.103979	0.0925313	-0.112545
0.000245	0.104028	0.0928395	-0.112574
0.00025	0.10408	0.0931344	-0.112604
0.000255	0.104132	0.0934147	-0.112634
0.00026	0.104184	0.0936795	-0.112663
0.000265	0.104237	0.0939268	-0.112693
0.00027	0.104292	0.0941502	-0.112723
0.00027375	0.104333	0.0940424	-0.112745
0.000274140625	0.104337	1.3829e-05	-0.112748
0.00027421875	0.104336	1.60223e-05	-0.112748
0.000274296875	0.104337	5.25213e-05	-0.112749
0.000274375	0.104337	8.16013e-05	-0.112749
0.000274453125	0.104337	0.000103328	-0.112749
0.000274609375	0.104337	0.000132726	-0.11275
0.000274921875	0.104338	0.000164433	-0.112752
0.000275	0.104339	0.000169533	-0.112753
0.0002753125	0.10434	0.000184355	-0.112755
0.0002759375	0.104341	0.000200818	-0.112758
0.0002771875	0.104345	0.000216592	-0.112766
0.0002796875	0.104352	0.000231959	-0.112781
0.0002846875	0.104366	0.000251289	-0.11281
0.0002946875	0.104397	0.000285416	-0.11287
0.0002996875	0.104412	0.000303322	-0.1129
0.0003046875	0.104427	0.000322294	-0.112929
0.0003096875	0.104444	0.000342538	-0.112959
0.00031	0.104445	0.000343895	-0.112961
0.0003146875	0.10446	0.000364243	-0.112989
0.0003196875	0.104476	0.000387595	-0.113018
0.0003296875	0.10451	0.000440102	-0.113078
0.0003346875	0.104527	0.000469779	-0.113107
0.0003396875	0.104545	0.000502168	-0.113137
0.0003446875	0.104563	0.000537674	-0.113167
0.0003496875	0.104581	0.000576804	-0.113196
0.00035	0.104582	0.000579515	-0.113198
0.0003546875	0.104599	0.000620192	-0.113226
0.0003646875	0.104636	0.00072318	-0.113285
0.0003746875	0.104674	0.00085654	-0.113344
0.0003846875	0.104714	0.0010386	-0.113404
0.0003896875	0.104734	0.00115836	-0.113433
0.00039	0.104735	0.00116767	-0.113435
0.0003946875	0.104754	0.00130736	-0.113463
0.0003996875	0.104774	0.00149875	-0.113492
0.0004096875	0.104816	0.00211624	-0.113551
0.0004146875	0.104838	0.00266205	-0.113581
0.0004196875	0.10486	0.00356312	-0.11361
0.0004246875	0.104883	0.00521968	-0.11364
0.0004271875	0.104894	0.00658731	-0.113654
0.0004296875	0.104907	0.00852286	-0.113669
0.00043	0.104909	0.00884726	-0.113671
0.0004321875	0.104921	0.0111181	-0.113684
0.0004334375	0.104928	0.0126061	-0.113691
0.0004346875	0.104936	0.0141421	-0.113699
0.0004359375	0.104944	0.0156282	-0.113706
0.0004371875	0.104951	0.0169763	-0.113713
0.0004384375	0.104961	0.0181335	-0.113721
0.0004409375	0.104979	0.0198204	-0.113736
0.0004434375	0.104997	0.0208277	-0.11375
0.0004459375	0.105017	0.0214039	-0.113765
0.0004484375	0.105037	0.0217335	-0.11378
0.0004534375	0.105076	0.022038	-0.113809
0.0004584375	0.105117	0.0221433	-0.113839
0.0004634375	0.105157	0.0221709	-0.113868
0.00047	0.105211	0.0221422	-0.113907
0.0004784375	0.10528	0.0220528	-0.113957
0.0004984375	0.105443	0.0214741	-0.114075
0.0005084375	0.105524	0.0209384	-0.114134
0.00051	0.105536	0.0208228	-0.114143
0.0005184375	0.105604	0.0201983	-0.114193
0.0005234375	0.105642	0.0197467	-0.114222
0.0005284375	0.105681	0.0192416	-0.114251
0.0005334375	0.105721	0.0186863	-0.114281
0.0005384375	0.105759	0.0180863	-0.11431
0.0005434375	0.105796	0.0174499	-0.114339
0.0005484375	0.105835	0.0167871	-0.114369
0.00055	0.105846	0.0165754	-0.114378
0.0005534375	0.105872	0.0161097	-0.114398
0.0005584375	0.10591	0.0154301	-0.114428
0.0005684375	0.105982	0.0141138	-0.114486
0.0005734375	0.106019	0.0134992	-0.114516
0.0005784375	0.106055	0.0129257	-0.114545
0.0005834375	0.10609	0.0123999	-0.114574
0.0005884375	0.106126	0.0119269	-0.114604
0.00059	0.106137	0.0117966	-0.114613
0.0005934375	0.106161	0.0115099	-0.114633
0.0006034375	0.106232	0.0108509	-0.114692
0.0006234375	0.106371	0.0102471	-0.114809
0.00063	0.106417	0.0103727	-0.114848
0.0006434375	0.106511	0.0106299	-0.114927
0.0006534375	0.106582	0.0112382	-0.114986
0.0006634375	0.106652	0.0121796	-0.115044
0.00067	0.1067	0.01306	-0.115083
0.0006734375	0.106724	0.0135212	-0.115103
0.0006784375	0.10676	0.0143678	-0.115132
0.0006834375	0.106797	0.015347	-0.115162
0.0006884375	0.106833	0.0164701	-0.115191
0.0006934375	0.10687	0.0177464	-0.11522
0.0006984375	0.106908	0.0191808	-0.115249
0.0007034375	0.106947	0.0207708	-0.115279
0.0007084375	0.106985	0.022502	-0.115308
0.00071	0.106997	0.0230777	-0.115317
0.0007134375	0.107024	0.0243443	-0.115337
0.0007184375	0.107065	0.0262471	-0.115366
0.0007234375	0.107105	0.0281391	-0.115395
0.0007284375	0.107147	0.0299307	-0.115424
0.0007334375	0.10719	0.0315232	-0.115454
0.0007384375	0.107234	0.0328223	-0.115483
0.0007434375	0.107277	0.0337524	-0.115512
0.0007484375	0.107322	0.0342685	-0.115541
0.0007534375	0.107367	0.0343605	-0.11557
0.0007584375	0.107413	0.0340506	-0.115599
0.0007684375	0.107505	0.0324265	-0.115658
0.0007884375	0.107689	0.0269368	-0.115775
0.00079	0.107703	0.0264632	-0.115784
0.0007934375	0.107734	0.0254213	-0.115804
0.0007984375	0.107778	0.0239266	-0.115833
0.0008034375	0.107823	0.0224772	-0.115862
0.0008084375	0.107867	0.0210903	-0.115891
0.0008134375	0.107912	0.0197774	-0.115921
0.0008184375	0.107955	0.0185456	-0.11595
0.0008234375	0.107997	0.0173983	-0.115979
0.0008284375	0.10804	0.016336	-0.116008
0.00083	0.108053	0.0160302	-0.116017
0.0008334375	0.108082	0.0153574	-0.116037
0.0008384375	0.108123	0.0144598	-0.116066
0.0008434375	0.108165	0.0136391	-0.116095
0.0008484375	0.108205	0.0128911	-0.116124
0.0008534375	0.108247	0.0122111	-0.116154
0.0008584375	0.108287	0.0115945	-0.116183
0.0008634375	0.108326	0.0110361	-0.116212
0.0008684375	0.108365	0.0105318	-0.116241
0.00087	0.108377	0.0103896	-0.11625
0.0008734375	0.108404	0.0100768	-0.11627
0.0008784375	0.108443	0.00966717	-0.116299
0.0008834375	0.108481	0.009299	-0.116328
0.0008884375	0.108519	0.00896868	-0.116357
0.0008934375	0.108556	0.00867295	-0.116386
0.0009034375	0.10863	0.00817348	-0.116444
0.0009084375	0.108667	0.00796452	-0.116473
0.00091	0.108678	0.00790675	-0.116482
0.0009134375	0.108703	0.00777968	-0.116502
0.0009184375	0.108739	0.00761693	-0.116531
0.0009234375	0.108775	0.00747442	-0.11656
0.0009284375	0.108811	0.00735052	-0.116589
0.0009384375	0.108881	0.00715278	-0.116647
0.0009484375	0.108951	0.00701362	-0.116705
0.00095	0.108962	0.00699977	-0.116714
0.0009584375	0.109021	0.00692505	-0.116763
0.0009684375	0.109088	0.00688061	-0.11682
0.0009884375	0.109225	0.00690491	-0.116936
0.00099	0.109235	0.00691455	-0.116945
0.0009984375	0.109292	0.00696667	-0.116994
0.0010184375	0.109426	0.00717773	-0.11711
0.00103	0.109504	0.00736252	-0.117177
0.0010384375	0.109561	0.0074975	-0.117226
0.0010584375	0.109693	0.00792371	-0.117341
0.00107	0.10977	0.008235	-0.117408
0.0010784375	0.109827	0.00846233	-0.117457
0.0010984375	0.10996	0.00912918	-0.117572
0.00111	0.110037	0.00960599	-0.117638
0.0011184375	0.110094	0.00995417	-0.117687
0.0011384375	0.110229	0.0109878	-0.117802
0.00115	0.110308	0.0117664	-0.117869
0.0011584375	0.110365	0.012335	-0.117917
0.0011684375	0.110434	0.0131802	-0.117975
0.0011784375	0.110502	0.0141904	-0.118032
0.0011884375	0.11057	0.0154285	-0.118089
0.00119	0.110581	0.015673	-0.118098
0.0011984375	0.11064	0.0169941	-0.118147
0.0012084375	0.110709	0.0190514	-0.118204
0.0012184375	0.11078	0.0218808	-0.118262
0.0012284375	0.11085	0.0259622	-0.118319
0.00123	0.110861	0.0268161	-0.118328
0.0012334375	0.110887	0.028695	-0.118348
0.0012384375	0.110922	0.0320231	-0.118376
0.0012434375	0.110959	0.0359957	-0.118405
0.0012484375	0.110997	0.0405102	-0.118434
0.0012534375	0.111034	0.0451951	-0.118462
0.0012584375	0.111073	0.0494317	-0.118491
0.0012634375	0.111113	0.0526556	-0.118519
0.0012684375	0.111153	0.0546937	-0.118548
0.00127	0.111166	0.0550254	-0.118557
0.0012734375	0.111195	0.0557552	-0.118577
0.0012784375	0.111236	0.0561753	-0.118605
0.0012884375	0.11132	0.0560984	-0.118663
0.0012984375	0.111405	0.0556024	-0.11872
0.00131	0.111503	0.054848	-0.118786
0.0013184375	0.111574	0.0542973	-0.118834
0.0013384375	0.111742	0.0525244	-0.118949
0.0013484375	0.111826	0.0513787	-0.119006
0.00135	0.111839	0.0511688	-0.119015
0.0013584375	0.111909	0.0500351	-0.119063
0.0013684375	0.111991	0.0484899	-0.11912
0.0013784375	0.112073	0.0467511	-0.119177
0.0013884375	0.112154	0.0448363	-0.119234
0.00139	0.112167	0.0445136	-0.119243
0.0013984375	0.112234	0.0427707	-0.119291
0.0014084375	0.112314	0.040584	-0.119348
0.0014184375	0.112393	0.0383091	-0.119405
0.0014284375	0.112472	0.0359792	-0.119462
0.00143	0.112484	0.0356116	-0.119471
0.0014384375	0.11255	0.0336264	-0.119519
0.0014484375	0.112628	0.0312798	-0.119576
0.0014584375	0.112704	0.0289651	-0.119632
0.00147	0.112793	0.0263936	-0.119698
0.0014784375	0.112858	0.0245161	-0.119746
0.00151	0.1131	0.0183773	-0.119926
0.0015184375	0.113165	0.0167345	-0.119974
0.0015384375	0.113319	0.0135298	-0.120087
0.0015484375	0.113395	0.0121109	-0.120143
0.00155	0.113407	0.0119083	-0.120152
0.0015584375	0.113473	0.0108143	-0.1202
0.0015684375	0.113552	0.00963805	-0.120257
0.0015784375	0.113629	0.00857892	-0.120313
0.0015884375	0.113708	0.00763234	-0.12037
0.00159	0.11372	0.00750116	-0.120379
0.0015984375	0.113787	0.00679267	-0.120427
0.0016084375	0.113866	0.00605323	-0.120483
0.0016184375	0.113946	0.00540713	-0.12054
0.0016284375	0.114025	0.00484592	-0.120596
0.00163	0.114038	0.00477035	-0.120605
0.0016384375	0.114106	0.00436218	-0.120653
0.0016484375	0.114186	0.00394809	-0.120709
0.0016584375	0.114268	0.00359611	-0.120766
0.0016684375	0.114348	0.00329912	-0.120822
0.00167	0.114361	0.0032636	-0.120831
0.0016884375	0.114512	0.00284423	-0.120935
0.0016984375	0.114595	0.00267471	-0.120992
0.0017084375	0.114677	0.00253704	-0.121048
0.00171	0.11469	0.00251982	-0.121057
0.0017184375	0.114759	0.0024268	-0.121104
0.0017284375	0.114842	0.00234002	-0.121161
0.0017384375	0.114925	0.00227309	-0.121217
0.00175	0.115021	0.00222277	-0.121282
0.0017584375	0.115091	0.00218607	-0.121329
0.0017784375	0.115259	0.00214231	-0.121442
0.00179	0.115356	0.00212944	-0.121507
0.0017984375	0.115426	0.0021201	-0.121554
0.0018184375	0.115594	0.00209726	-0.121666
0.00183	0.115691	0.00205295	-0.121731
0.0018584375	0.11593	0.00194403	-0.12189
0.00187	0.116027	0.00182862	-0.121955
0.0018784375	0.116098	0.00174437	-0.122002
0.0018984375	0.116265	0.00140584	-0.122114
0.0019084375	0.116347	0.00117478	-0.12217
0.00191	0.11636	0.00113287	-0.122179
0.0019184375	0.116429	0.000906416	-0.122226
0.0019234375	0.11647	0.000762782	-0.122254
0.0019284375	0.11651	0.000617277	-0.122282
0.0019334375	0.11655	0.000474652	-0.12231
0.0019384375	0.11659	0.000340665	-0.122338
0.0019434375	0.116628	0.000221663	-0.122365
0.0019484375	0.116667	0.000123598	-0.122393
0.00195	0.116679	0.000101361	-0.122402
0.0019534375	0.116705	5.2394e-05	-0.122421
0.0019584375	0.116743	1.10142e-05	-0.122449
0.0019634375	0.11678	3.12172e-07	-0.122477
0.0019684375	0.116817	1.85985e-05	-0.122505
0.0019734375	0.116853	6.20487e-05	-0.122533
0.0019784375	0.116889	0.000125483	-0.122561
0.0019834375	0.116924	0.000203242	-0.122589
0.0019884375	0.116959	0.000289917	-0.122617
0.00199	0.11697	0.000318334	-0.122626
0.0019934375	0.116994	0.000380844	-0.122645
0.0019984375	0.117028	0.000472306	-0.122673
0.0020034375	0.117062	0.000561562	-0.122701
0.0020134375	0.117128	0.000726704	-0.122756
0.0020234375	0.117194	0.000868975	-0.122812
0.00203	0.117237	0.000946891	-0.122848
0.0020334375	0.117259	0.000987706	-0.122867
0.0020434375	0.117324	0.00108537	-0.122923
0.0020534375	0.117388	0.00116558	-0.122979
0.0020634375	0.117451	0.00123198	-0.123034
0.00207	0.117493	0.0012687	-0.123071
0.0020734375	0.117515	0.00128794	-0.12309
0.0020834375	0.117578	0.00133638	-0.123146
0.0020934375	0.11764	0.00137971	-0.123201
0.0021034375	0.117703	0.00141998	-0.123257
0.00211	0.117743	0.00144548	-0.123293
0.0021234375	0.117826	0.00149779	-0.123368
0.0021434375	0.117949	0.00158038	-0.123479
0.00215	0.117989	0.00161162	-0.123515
0.0021634375	0.11807	0.00167569	-0.123589
0.0021834375	0.118191	0.00179025	-0.1237
0.00219	0.11823	0.0018361	-0.123736
0.0022034375	0.118312	0.00193014	-0.123811
0.0022234375	0.118433	0.00210162	-0.123922
0.00223	0.118472	0.00217048	-0.123958
0.0022434375	0.118553	0.00231165	-0.124032
0.0022834375	0.118792	0.00288134	-0.124253
0.00231	0.118951	0.00344177	-0.124399
0.0023234375	0.119031	0.00372595	-0.124473
0.0023434375	0.119151	0.00428913	-0.124583
0.00235	0.119191	0.00451328	-0.124619
0.0023634375	0.119272	0.0049728	-0.124693
0.0023834375	0.119393	0.0058015	-0.124803
0.00239	0.119433	0.00613009	-0.124839
0.0024034375	0.119515	0.00680372	-0.124913
0.0024234375	0.119637	0.00801131	-0.125022
0.00243	0.119678	0.00846495	-0.125058
0.0024334375	0.119699	0.00870272	-0.125077
0.0024434375	0.119761	0.00945829	-0.125132
0.0024534375	0.119824	0.0102821	-0.125187
0.0024634375	0.119887	0.011178	-0.125242
0.00247	0.119928	0.0118153	-0.125278
0.0024734375	0.11995	0.0121493	-0.125297
0.0024834375	0.120013	0.0131988	-0.125351
0.0024934375	0.120077	0.0143281	-0.125406
0.0025034375	0.120141	0.0155375	-0.12546
0.00251	0.120184	0.0163829	-0.125496
0.0025134375	0.120206	0.0168261	-0.125515
0.0025234375	0.120271	0.018191	-0.125569
0.0025334375	0.120337	0.019627	-0.125624
0.0025434375	0.120403	0.0211264	-0.125679
0.0025534375	0.120469	0.0226794	-0.125733
0.0025634375	0.120537	0.0242728	-0.125788
0.0025734375	0.120605	0.0258912	-0.125843
0.0025834375	0.120673	0.0275157	-0.125897
0.00259	0.120718	0.028572	-0.125933
0.0025934375	0.120742	0.0291256	-0.125952
0.0026034375	0.12081	0.0306975	-0.126006
0.0026234375	0.120948	0.0336236	-0.126115
0.00263	0.120994	0.0344285	-0.126151
0.0026434375	0.121088	0.0360788	-0.126224
0.0026634375	0.121227	0.037853	-0.126332
0.00267	0.121273	0.0381561	-0.126368
0.0026834375	0.121366	0.0387778	-0.126441
0.0026934375	0.121435	0.0388909	-0.126496
0.0027034375	0.121504	0.0387685	-0.12655
0.00271	0.121549	0.0385389	-0.126586
0.0027134375	0.121572	0.0384186	-0.126605
0.0027234375	0.12164	0.0378574	-0.126659
0.0027334375	0.121706	0.0371077	-0.126713
0.0027434375	0.121773	0.0361977	-0.126767
0.00275	0.121816	0.0355166	-0.126803
0.0027534375	0.121839	0.0351597	-0.126822
0.0027634375	0.121904	0.0340268	-0.126876
0.0027734375	0.121968	0.0328311	-0.12693
0.0027834375	0.122032	0.0316027	-0.126984
0.00279	0.122073	0.0307923	-0.127019
0.0027934375	0.122095	0.0303677	-0.127038
0.0028034375	0.122157	0.0291479	-0.127092
0.0028134375	0.122219	0.0279603	-0.127146
0.0028234375	0.12228	0.0268177	-0.1272
0.0028334375	0.122341	0.0257291	-0.127254
0.0028434375	0.122402	0.0247003	-0.127308
0.0028534375	0.122462	0.0237341	-0.127362
0.00287	0.122561	0.0222917	-0.127451
0.0028734375	0.122582	0.021992	-0.12747
0.0028834375	0.122641	0.0212139	-0.127524
0.0028934375	0.1227	0.0204945	-0.127578
0.0029034375	0.122759	0.0198308	-0.127632
0.00291	0.122797	0.0194299	-0.127667
0.0029134375	0.122816	0.0192198	-0.127685
0.0029234375	0.122875	0.018658	-0.127739
0.0029434375	0.122991	0.0176686	-0.127847
0.00295	0.123029	0.017396	-0.127882
0.0029634375	0.123106	0.0168373	-0.127954
0.0029834375	0.123222	0.0161408	-0.128062
0.00299	0.12326	0.0159501	-0.128097
0.0030034375	0.123337	0.015559	-0.128169
0.00303	0.123489	0.0149696	-0.128311
0.0030434375	0.123566	0.0146706	-0.128383
0.00307	0.123719	0.0142622	-0.128526
0.0030834375	0.123796	0.0140549	-0.128598
0.0031234375	0.124025	0.0136177	-0.128811
0.0031434375	0.124141	0.0134398	-0.128918
0.00315	0.124179	0.013386	-0.128953
0.0031634375	0.124256	0.0132759	-0.129025
0.0031834375	0.124373	0.0131163	-0.129132
0.00319	0.124411	0.0130623	-0.129167
0.0032034375	0.124489	0.0129514	-0.129239
0.0032234375	0.124605	0.0127717	-0.129345
0.00323	0.124643	0.012705	-0.12938
0.0032434375	0.124721	0.0125682	-0.129451
0.0032634375	0.124838	0.0123326	-0.129557
0.00327	0.124877	0.0122424	-0.129592
0.0032834375	0.124956	0.0120577	-0.129664
0.0033034375	0.125073	0.0117378	-0.12977
0.00331	0.125112	0.0116088	-0.129805
0.0033434375	0.125309	0.0109502	-0.129982
0.00335	0.125348	0.0107893	-0.130017
0.0033834375	0.125546	0.00996749	-0.130194
0.0034234375	0.125781	0.00882404	-0.130405
0.00343	0.12582	0.00862063	-0.13044
0.0034634375	0.126016	0.00758252	-0.130616
0.00347	0.126055	0.00737429	-0.130651
0.0034834375	0.126134	0.00694758	-0.130722
0.0035034375	0.12625	0.00631454	-0.130827
0.00351	0.126289	0.00610985	-0.130862
0.0035234375	0.126367	0.00569043	-0.130933
0.0035434375	0.126482	0.00508051	-0.131038
0.00355	0.126519	0.00488616	-0.131072
0.0035634375	0.126597	0.00448796	-0.131143
0.0035834375	0.126712	0.00391351	-0.131248
0.00359	0.126749	0.00373038	-0.131282
0.0036034375	0.126826	0.00335519	-0.131353
0.0036234375	0.12694	0.00280774	-0.131458
0.00363	0.126977	0.0026268	-0.131492
0.0036634375	0.127165	0.00170403	-0.131667
0.0037034375	0.127393	0.00049893	-0.131877
0.00371	0.12743	0.000308857	-0.131911
0.0037134375	0.12745	0.000209316	-0.131929
0.0037234375	0.127508	1.46039e-05	-0.131981
0.0037284375	0.127538	9.18966e-06	-0.132007
0.0037334375	0.127568	0.000126563	-0.132033
0.0037384375	0.1276	0.000445649	-0.13206
0.0037409375	0.127616	0.00071405	-0.132073
0.0037434375	0.127632	0.00107634	-0.132086
0.0037459375	0.127649	0.00154539	-0.132099
0.0037484375	0.127666	0.00213566	-0.132112
0.00375	0.127676	0.00258375	-0.13212
0.0037509375	0.127683	0.00285267	-0.132125
0.0037534375	0.127701	0.00369372	-0.132138
0.0037559375	0.127719	0.0046453	-0.132151
0.0037584375	0.127738	0.00568344	-0.132164
0.0037609375	0.127757	0.00677657	-0.132177
0.0037634375	0.127777	0.00789026	-0.13219
0.0037659375	0.127797	0.00899223	-0.132203
0.0037684375	0.127817	0.010056	-0.132216
0.0037709375	0.127838	0.0110629	-0.132229
0.0037734375	0.127859	0.0120017	-0.132242
0.0037759375	0.127881	0.0128674	-0.132255
0.0037809375	0.127925	0.0143832	-0.132281
0.0037859375	0.127969	0.0156396	-0.132307
0.00379	0.128005	0.0164872	-0.132328
0.0037909375	0.128014	0.0166828	-0.132333
0.0037959375	0.12806	0.017557	-0.132359
0.0038059375	0.128152	0.0189397	-0.132411
0.0038159375	0.128246	0.02	-0.132464
0.0038259375	0.128339	0.0208668	-0.132516
0.00383	0.128377	0.0211742	-0.132537
0.0038359375	0.128433	0.0216238	-0.132568
0.0038559375	0.12862	0.0229938	-0.132672
0.0038609375	0.128667	0.0232535	-0.132698
0.0038659375	0.128713	0.0232784	-0.132724
0.0038684375	0.128735	0.0230538	-0.132737
0.00387	0.128749	0.0227044	-0.132745
0.0038709375	0.128757	0.0224947	-0.13275
0.0038734375	0.128778	0.0213874	-0.132763
0.0038746875	0.128788	0.0205618	-0.132769
0.0038759375	0.128799	0.0195409	-0.132776
0.0038771875	0.128808	0.0183433	-0.132782
0.0038796875	0.128826	0.0156238	-0.132795
0.0038809375	0.128835	0.0142406	-0.132802
0.0038821875	0.128843	0.0129257	-0.132808
0.0038834375	0.128852	0.0117194	-0.132815
0.0038846875	0.128859	0.0106407	-0.132821
0.0038859375	0.128866	0.00969242	-0.132827
0.0038884375	0.128881	0.00815248	-0.13284
0.0038909375	0.128896	0.00699852	-0.132853
0.0038934375	0.128911	0.00612673	-0.132866
0.0038959375	0.128925	0.0054566	-0.132879
0.0038984375	0.128939	0.00493106	-0.132892
0.0039034375	0.128966	0.00416793	-0.132918
0.00391	0.129002	0.00357551	-0.132952
0.0039134375	0.129021	0.00326503	-0.13297
0.0039234375	0.129076	0.00274854	-0.133022
0.0039334375	0.12913	0.00240965	-0.133074
0.0039434375	0.129183	0.00216624	-0.133125
0.0039634375	0.12929	0.00183136	-0.133229
0.00399	0.129433	0.00156896	-0.133367
0.0040034375	0.129505	0.00143606	-0.133437
0.00403	0.129645	0.00127802	-0.133574
0.0040434375	0.129716	0.001198	-0.133643
0.00407	0.129856	0.00109122	-0.13378
0.0040834375	0.129927	0.00103716	-0.133849
0.00411	0.130067	0.000962209	-0.133986
0.0041234375	0.130138	0.000924282	-0.134055
0.00415	0.130278	0.00088089	-0.134192
0.00419	0.130487	0.000815604	-0.134397
0.0042034375	0.130558	0.000793689	-0.134466
0.00427	0.130906	0.000799253	-0.134807
0.00431	0.131115	0.00080302	-0.135012
0.00435	0.131324	0.00080711	-0.135216
0.0043634375	0.131394	0.00080856	-0.135285
0.00439	0.131532	0.000851821	-0.13542
0.0044034375	0.131603	0.000873819	-0.135489
0.00443	0.131742	0.00094003	-0.135624
0.0044434375	0.131812	0.000973681	-0.135692
0.00447	0.131952	0.00106975	-0.135827
0.0044834375	0.132022	0.00111856	-0.135895
0.0045034375	0.132127	0.00121242	-0.135997
0.0045234375	0.132233	0.00132366	-0.136098
0.0045434375	0.132339	0.00145512	-0.1362
0.00455	0.132374	0.0015059	-0.136233
0.0045634375	0.132445	0.00161012	-0.136301
0.0045834375	0.132552	0.00179232	-0.136403
0.00459	0.132587	0.00186225	-0.136436
0.0046034375	0.132659	0.00200575	-0.136504
0.0046234375	0.132767	0.00225452	-0.136605
0.00463	0.132802	0.00234889	-0.136638
0.0046434375	0.132875	0.00254258	-0.136706
0.0046634375	0.132984	0.00287309	-0.136807
0.00467	0.13302	0.00299583	-0.13684
0.0046834375	0.133094	0.00324774	-0.136908
0.0047034375	0.133205	0.00366566	-0.137009
0.00471	0.133242	0.00381528	-0.137042
0.0047234375	0.133317	0.0041224	-0.13711
0.0047434375	0.133429	0.00460872	-0.13721
0.00475	0.133466	0.00477292	-0.137243
0.0047634375	0.133543	0.00511003	-0.137311
0.0047834375	0.133656	0.00560624	-0.137411
0.0048034375	0.133772	0.00607283	-0.137512
0.0048234375	0.133887	0.00648319	-0.137612
0.00483	0.133925	0.00657375	-0.137645
0.0048634375	0.134118	0.00703795	-0.137812
0.00487	0.134156	0.00705484	-0.137845
0.0049034375	0.134348	0.00714184	-0.138012
0.00491	0.134386	0.0071118	-0.138045
0.0049134375	0.134405	0.00709608	-0.138062
0.0049234375	0.134461	0.00702472	-0.138112
0.0049334375	0.134518	0.00693018	-0.138162
0.0049434375	0.134574	0.00681525	-0.138212
0.00495	0.134612	0.00672851	-0.138245
0.0049534375	0.134631	0.00668306	-0.138262
0.0049734375	0.134742	0.00637952	-0.138362
0.0049834375	0.134796	0.00621429	-0.138411
0.00499	0.134832	0.00610252	-0.138444
0.0049934375	0.134851	0.00604394	-0.138461
0.0050034375	0.134906	0.00587102	-0.138511
0.0050134375	0.134961	0.00569773	-0.138561
0.0050234375	0.135015	0.00552595	-0.138611
0.00503	0.135051	0.00541686	-0.138644
0.0050434375	0.135123	0.0051931	-0.138711
0.0050634375	0.135229	0.00488146	-0.13881
0.0050834375	0.135335	0.00459602	-0.13891
0.0051034375	0.135439	0.00433887	-0.139009
0.00511	0.135474	0.00426393	-0.139042
0.0051234375	0.135544	0.00411019	-0.139109
0.0051434375	0.135647	0.0039088	-0.139208
0.00515	0.13568	0.00385115	-0.13924
0.0051634375	0.13575	0.00373288	-0.139307
0.0051834375	0.135853	0.00358033	-0.139406
0.00519	0.135886	0.00353731	-0.139438
0.0052034375	0.135955	0.00344905	-0.139505
0.0052234375	0.136057	0.00333696	-0.139604
0.00523	0.13609	0.00330857	-0.139636
0.0052634375	0.136258	0.00316319	-0.139801
0.00527	0.136291	0.00314415	-0.139833
0.0053034375	0.136461	0.0030466	-0.139999
0.00531	0.136493	0.00303539	-0.140031
0.0053434375	0.13666	0.00297802	-0.140195
0.0053834375	0.13686	0.00295089	-0.140392
0.00539	0.136892	0.0029555	-0.140424
0.00543	0.137092	0.00298362	-0.140621
0.0054634375	0.137259	0.00300705	-0.140785
0.00547	0.137291	0.00302321	-0.140817
0.00551	0.137489	0.00312196	-0.141013
0.0055434375	0.137654	0.00320483	-0.141176
0.00555	0.137686	0.00323384	-0.141208
0.00559	0.137884	0.00341129	-0.141403
0.0056234375	0.138049	0.00356046	-0.141566
0.00567	0.138279	0.00388504	-0.141793
0.0057034375	0.138444	0.00411961	-0.141956
0.00571	0.138476	0.00418905	-0.141988
0.00575	0.138673	0.00461396	-0.142182
0.0057834375	0.138838	0.00497122	-0.142344
0.00579	0.13887	0.00506637	-0.142376
0.0058234375	0.139034	0.00555278	-0.142537
0.00583	0.139067	0.00567105	-0.142569
0.0058634375	0.139231	0.0062757	-0.14273
0.00587	0.139264	0.00642359	-0.142762
0.0059034375	0.139429	0.00717971	-0.142923
0.0059434375	0.139628	0.00831651	-0.143116
0.00595	0.139661	0.0085379	-0.143148
0.0059634375	0.139728	0.00899208	-0.143213
0.0059834375	0.139828	0.00975116	-0.143309
0.00599	0.139861	0.0100305	-0.143341
0.0060034375	0.139928	0.0106034	-0.143405
0.0060234375	0.140029	0.0115583	-0.143502
0.00603	0.140062	0.0119076	-0.143533
0.0060434375	0.140129	0.0126241	-0.143597
0.0060634375	0.140232	0.0138065	-0.143694
0.00607	0.140265	0.0142326	-0.143725
0.0060834375	0.140333	0.0151063	-0.143789
0.0061034375	0.140436	0.0165163	-0.143885
0.00611	0.14047	0.0170083	-0.143917
0.0061234375	0.140539	0.0180174	-0.143981
0.0061434375	0.140644	0.019574	-0.144077
0.00615	0.140678	0.0200843	-0.144108
0.0061634375	0.140748	0.0211309	-0.144172
0.0061834375	0.140854	0.0226108	-0.144268
0.0062034375	0.14096	0.0239175	-0.144363
0.0062234375	0.141068	0.0249446	-0.144459
0.00623	0.141103	0.0251564	-0.14449
0.0062434375	0.141175	0.0255909	-0.144554
0.00627	0.141319	0.0255091	-0.144681
0.0062834375	0.141392	0.025467	-0.144745
0.00631	0.141535	0.0241294	-0.144871
0.0063234375	0.141607	0.02345	-0.144935
0.0063434375	0.141715	0.0219022	-0.14503
0.00635	0.14175	0.0213256	-0.145061
0.0063634375	0.141821	0.0201431	-0.145125
0.0063834375	0.141926	0.0182864	-0.14522
0.00639	0.14196	0.0176781	-0.145251
0.0064034375	0.142031	0.0164304	-0.145315
0.0064234375	0.142134	0.0146488	-0.14541
0.00643	0.142168	0.0141051	-0.145441
0.0064434375	0.142236	0.0129902	-0.145504
0.0064634375	0.142338	0.0114807	-0.145599
0.0064834375	0.142438	0.0101296	-0.145693
0.0065034375	0.142539	0.00893432	-0.145788
0.00651	0.142572	0.00859049	-0.145819
0.0065234375	0.142638	0.00788545	-0.145882
0.0065434375	0.142737	0.00696958	-0.145977
0.00655	0.142769	0.00670815	-0.146008
0.0065634375	0.142835	0.00617208	-0.146071
0.0065834375	0.142933	0.00547838	-0.146165
0.00659	0.142965	0.00528054	-0.146196
0.0066034375	0.14303	0.00487488	-0.146259
0.0066234375	0.143127	0.00434925	-0.146353
0.00663	0.143159	0.00420856	-0.146384
0.0066634375	0.14332	0.00348967	-0.146541
0.00667	0.143352	0.00338155	-0.146572
0.0067034375	0.143512	0.00282912	-0.146729
0.00671	0.143544	0.00274511	-0.14676
0.0067434375	0.143704	0.00231586	-0.146917
0.0067834375	0.143894	0.00191232	-0.147104
0.00679	0.143925	0.00185978	-0.147135
0.0068234375	0.144083	0.00159141	-0.147291
0.00683	0.144114	0.00154916	-0.147322
0.0068634375	0.144271	0.00133337	-0.147477
0.00687	0.144302	0.00129904	-0.147508
0.0069034375	0.14446	0.00112372	-0.147664
0.00691	0.144491	0.00109805	-0.147695
0.00695	0.144679	0.000941131	-0.147881
0.0069834375	0.144835	0.000809374	-0.148036
0.00699	0.144866	0.000791504	-0.148067
0.0070634375	0.14521	0.000590622	-0.148408
0.00707	0.14524	0.000577822	-0.148438
0.00711	0.145426	0.00049962	-0.148623
0.0071434375	0.145582	0.00043399	-0.148778
0.00715	0.145612	0.000424593	-0.148808
0.00719	0.145797	0.000367191	-0.148992
0.0072234375	0.145953	0.000319032	-0.149147
0.00723	0.145983	0.000312857	-0.149177
0.00727	0.146168	0.000275152	-0.149361
0.00735	0.146537	0.000199359	-0.149729
0.0073834375	0.146691	0.000167527	-0.149882
0.00743	0.146905	0.000141704	-0.150095
0.00751	0.147273	9.71676e-05	-0.150461
0.0075434375	0.147426	7.84891e-05	-0.150613
0.00759	0.147639	6.12212e-05	-0.150825
0.0076234375	0.147792	4.88039e-05	-0.150977
0.00767	0.148006	3.59138e-05	-0.151189
0.0077034375	0.148158	2.66521e-05	-0.15134
0.00775	0.148371	1.76519e-05	-0.151551
0.0077834375	0.148523	1.11925e-05	-0.151702
0.00783	0.148736	5.96542e-06	-0.151913
0.0078634375	0.148889	2.22162e-06	-0.152064
0.00791	0.149101	1.03837e-06	-0.152274
0.0079434375	0.149253	2.01874e-07	-0.152424
0.0079834375	0.149436	2.15051e-06	-0.152604
0.00799	0.149466	2.84148e-06	-0.152633
0.0080234375	0.149619	6.36805e-06	-0.152783
0.0080634375	0.149802	1.31529e-05	-0.152963
0.00807	0.149832	1.47454e-05	-0.152992
0.0081034375	0.149985	2.28615e-05	-0.153142
0.0081434375	0.150169	3.59038e-05	-0.153321
0.00815	0.150199	3.86625e-05	-0.15335
0.0081834375	0.150352	5.2711e-05	-0.153499
0.0082234375	0.150537	7.36958e-05	-0.153678
0.00823	0.150567	7.78765e-05	-0.153707
0.0082634375	0.150722	9.91535e-05	-0.153856
0.0083034375	0.150908	0.000129146	-0.154034
0.00831	0.150938	0.000134759	-0.154063
0.0083434375	0.151093	0.000163308	-0.154211
0.0083834375	0.151281	0.000200675	-0.154389
0.00839	0.151312	0.000207059	-0.154418
0.0084234375	0.151468	0.00023951	-0.154566
0.0084634375	0.151656	0.000277341	-0.154743
0.00847	0.151687	0.000282905	-0.154772
0.0085034375	0.151845	0.000311154	-0.15492
0.0085434375	0.152033	0.000337961	-0.155096
0.00855	0.152064	0.000339987	-0.155125
0.0086234375	0.152409	0.000362307	-0.155448
0.00863	0.15244	0.000361777	-0.155477
0.0086634375	0.152596	0.000359007	-0.155624
0.0087034375	0.152781	0.000346941	-0.155799
0.00871	0.152812	0.000343894	-0.155828
0.0087434375	0.152967	0.000328335	-0.155975
0.0087834375	0.153151	0.000305577	-0.15615
0.00879	0.153181	0.000301507	-0.156179
0.0088234375	0.153333	0.000280762	-0.156325
0.0088634375	0.153514	0.000255539	-0.156499
0.00887	0.153544	0.000251515	-0.156528
0.0089034375	0.153695	0.000231021	-0.156674
0.0089434375	0.153874	0.000207903	-0.156848
0.00895	0.153904	0.000204393	-0.156877
0.0089834375	0.154053	0.000186531	-0.157022
0.0090234375	0.154231	0.000167037	-0.157196
0.00903	0.15426	0.00016414	-0.157225
0.0090634375	0.154408	0.0001494	-0.15737
0.0091034375	0.154585	0.000133529	-0.157544
0.00911	0.154613	0.000131188	-0.157572
0.0091434375	0.15476	0.000119283	-0.157716
0.0091834375	0.154936	0.000106514	-0.157889
0.00919	0.154964	0.000104723	-0.157917
0.0092634375	0.155285	8.47929e-05	-0.158235
0.00927	0.155313	8.33469e-05	-0.158263
0.0093434375	0.155632	6.7268e-05	-0.158579
0.00935	0.15566	6.60937e-05	-0.158607
0.0094234375	0.155978	5.30484e-05	-0.158922
0.00943	0.156006	5.20892e-05	-0.15895
0.0095034375	0.156323	4.14454e-05	-0.159265
0.00951	0.156351	4.06585e-05	-0.159293
0.0095834375	0.156665	3.19375e-05	-0.159606
0.00959	0.156693	3.12906e-05	-0.159634
0.0096634375	0.157007	2.41325e-05	-0.159947
0.00967	0.157035	2.36014e-05	-0.159975
0.0097434375	0.157348	1.77372e-05	-0.160287
0.00975	0.157376	1.73392e-05	-0.160315
0.00983	0.157716	1.25785e-05	-0.160654
0.0099034375	0.158026	8.35792e-06	-0.160964
0.00991	0.158054	8.11114e-06	-0.160992
0.00999	0.158393	5.19568e-06	-0.16133
0.0100634375	0.158701	2.67002e-06	-0.161638
0.01007	0.158729	2.55245e-06	-0.161666
0.01015	0.159065	1.21934e-06	-0.162002
0.0102234375	0.159373	1.55472e-07	-0.16231
0.01023	0.1594	1.64212e-07	-0.162337
0.01031	0.159734	3.84003e-07	-0.162671
0.0103834375	0.16004	7.64575e-07	-0.162977
0.01039	0.160067	9.86525e-07	-0.163004
0.01047	0.1604	3.83742e-06	-0.163337
0.01055	0.160731	6.94774e-06	-0.163669
0.01063	0.161061	1.03254e-05	-0.163999
0.0107034375	0.161365	1.36691e-05	-0.164303
0.01071	0.161392	1.51879e-05	-0.16433
0.01079	0.161721	3.409e-05	-0.164659
0.01087	0.162049	5.36995e-05	-0.164988
0.01095	0.162376	7.4041e-05	-0.165315
0.01103	0.162703	9.51392e-05	-0.165642
0.01111	0.163029	0.000117019	-0.165968
0.01119	0.163354	0.000139707	-0.166294
0.01127	0.163679	0.000163227	-0.166619
0.0113434375	0.163976	0.000185577	-0.166916
0.01135	0.164003	0.00019266	-0.166943
0.01143	0.164327	0.000280472	-0.167266
0.0115034375	0.164623	0.000363456	-0.167562
0.01151	0.164649	0.000377187	-0.167588
0.0115834375	0.164945	0.000533138	-0.167884
0.01159	0.164971	0.000556696	-0.16791
0.0116634375	0.165268	0.00082411	-0.168205
0.01167	0.165294	0.000869122	-0.168231
0.0117434375	0.16559	0.00137979	-0.168525
0.01175	0.165616	0.00145896	-0.168551
0.0117834375	0.165752	0.00186517	-0.168685
0.0118234375	0.165914	0.00262576	-0.168845
0.01183	0.165941	0.00280576	-0.168871
0.0118434375	0.165995	0.00317564	-0.168924
0.0118634375	0.166077	0.0039001	-0.169004
0.0118834375	0.166158	0.00487522	-0.169083
0.0119034375	0.166241	0.00621861	-0.169163
0.01191	0.166269	0.00683933	-0.169189
0.0119234375	0.166325	0.00811456	-0.169242
0.0119334375	0.166367	0.00935396	-0.169282
0.0119434375	0.16641	0.0108488	-0.169322
0.0119534375	0.166453	0.0126563	-0.169362
0.0119634375	0.166496	0.0148369	-0.169401
0.0119734375	0.166541	0.0174698	-0.169441
0.0119834375	0.166586	0.0206121	-0.169481
0.01199	0.166617	0.0230302	-0.169507
0.0119934375	0.166633	0.0242989	-0.169521
0.0119984375	0.166657	0.0263425	-0.169541
0.0120034375	0.16668	0.0285069	-0.16956
0.0120084375	0.166704	0.0307741	-0.16958
0.0120134375	0.166728	0.0331183	-0.1696
0.0120184375	0.166753	0.0355057	-0.16962
0.0120234375	0.166779	0.0378949	-0.16964
0.0120284375	0.166804	0.040238	-0.16966
0.0120334375	0.16683	0.0424827	-0.16968
0.0120434375	0.166882	0.0464614	-0.169719
0.0120534375	0.166936	0.0494229	-0.169759
0.0120634375	0.16699	0.0510491	-0.169799
0.01207	0.167026	0.0511218	-0.169825
0.0120834375	0.167099	0.0497356	-0.169878
0.0120934375	0.167152	0.0469165	-0.169918
0.0121034375	0.167204	0.0429988	-0.169957
0.0121084375	0.16723	0.040753	-0.169977
0.0121134375	0.167256	0.0383902	-0.169997
0.0121184375	0.16728	0.0359662	-0.170016
0.0121234375	0.167305	0.0335328	-0.170036
0.0121284375	0.16733	0.0311357	-0.170056
0.0121334375	0.167354	0.0288126	-0.170076
0.0121384375	0.167377	0.0265926	-0.170095
0.0121434375	0.167401	0.0244963	-0.170115
0.01215	0.167431	0.0220188	-0.170141
0.0121534375	0.167447	0.0207194	-0.170155
0.0121584375	0.167469	0.0190456	-0.170174
0.0121634375	0.167491	0.0175116	-0.170194
0.0121684375	0.167514	0.0161057	-0.170214
0.0121734375	0.167536	0.0148316	-0.170234
0.0121784375	0.167557	0.0136741	-0.170253
0.0121884375	0.1676	0.0116713	-0.170293
0.0121984375	0.167642	0.0100242	-0.170332
0.0122084375	0.167685	0.00866682	-0.170372
0.0122184375	0.167726	0.00754373	-0.170411
0.01223	0.167774	0.00655263	-0.170457
0.0122384375	0.167809	0.00582746	-0.17049
0.0122584375	0.167891	0.00461014	-0.170569
0.0122784375	0.167972	0.00372408	-0.170648
0.0122984375	0.168052	0.00306322	-0.170726
0.01231	0.168099	0.00280525	-0.170772
0.0123384375	0.168212	0.00216745	-0.170884
0.0123784375	0.168371	0.00160772	-0.171041
0.01239	0.168417	0.00150077	-0.171087
0.0124184375	0.16853	0.0012364	-0.171199
0.0124584375	0.168688	0.000978004	-0.171356
0.01247	0.168733	0.000931249	-0.171401
0.0125384375	0.169001	0.000651798	-0.171668
0.01255	0.169046	0.000624893	-0.171713
0.0126234375	0.169334	0.000452311	-0.172
0.01263	0.16936	0.000442742	-0.172026
0.0127034375	0.169647	0.00033471	-0.172312
0.01271	0.169673	0.000329219	-0.172338
0.01279	0.169984	0.000261692	-0.172649
0.0128634375	0.170269	0.000198688	-0.172934
0.01287	0.170294	0.00019574	-0.172959
0.01295	0.170603	0.00015952	-0.173268
0.0130234375	0.170887	0.000125792	-0.173552
0.01303	0.170912	0.000124025	-0.173577
0.01311	0.17122	0.000102339	-0.173886
0.0131834375	0.171502	8.21879e-05	-0.174168
0.01319	0.171527	8.1048e-05	-0.174193
0.01327	0.171834	6.70796e-05	-0.1745
0.0133434375	0.172115	5.41319e-05	-0.174781
0.01335	0.17214	5.34806e-05	-0.174806
0.01343	0.172445	4.55208e-05	-0.175112
0.01351	0.17275	3.75188e-05	-0.175417
0.01359	0.173053	2.94732e-05	-0.175721
0.0136634375	0.173332	2.20479e-05	-0.176
0.01367	0.173357	2.18132e-05	-0.176025
0.01375	0.17366	1.89744e-05	-0.176328
0.01383	0.173961	1.61741e-05	-0.17663
0.01391	0.174263	1.34127e-05	-0.176932
0.01399	0.174564	1.06911e-05	-0.177233
0.01407	0.174865	8.00996e-06	-0.177534
0.01415	0.175163	5.36994e-06	-0.177833
0.01423	0.175463	2.77186e-06	-0.178133
0.0143034375	0.175737	4.24608e-07	-0.178407
0.01431	0.175761	4.87247e-07	-0.178431
0.01439	0.176059	1.30847e-06	-0.178729
0.01447	0.176357	2.23446e-06	-0.179027
0.01455	0.176653	3.2677e-06	-0.179323
0.01463	0.176948	4.41068e-06	-0.179619
0.01471	0.177244	5.66594e-06	-0.179915
0.01479	0.177539	7.03602e-06	-0.18021
0.01487	0.177833	8.52352e-06	-0.180504
0.0149434375	0.178103	9.99505e-06	-0.180774
0.01495	0.178127	1.0344e-05	-0.180798
0.01503	0.17842	1.47011e-05	-0.181091
0.01511	0.178713	1.92438e-05	-0.181384
0.01519	0.179004	2.39765e-05	-0.181675
0.0152634375	0.179272	2.84926e-05	-0.181943
0.01527	0.179296	2.91465e-05	-0.181967
0.01535	0.179587	3.72727e-05	-0.182258
0.01543	0.179877	4.56746e-05	-0.182548
0.01551	0.180166	5.43587e-05	-0.182837
0.0155834375	0.180431	6.25857e-05	-0.183102
0.01559	0.180455	6.36269e-05	-0.183126
0.01567	0.180745	7.65401e-05	-0.183415
0.0157434375	0.181009	8.87384e-05	-0.183679
0.01575	0.181033	9.01417e-05	-0.183703
0.01583	0.181321	0.000107528	-0.18399
0.0159034375	0.181584	0.000123925	-0.184253
0.01591	0.181608	0.000125833	-0.184277
0.01599	0.181895	0.000149456	-0.184563
0.0160634375	0.182158	0.000171706	-0.184826
0.01607	0.182181	0.000174334	-0.184849
0.01615	0.182467	0.000206846	-0.185134
0.0162234375	0.18273	0.000237435	-0.185396
0.01623	0.182753	0.000241112	-0.185419
0.01631	0.183037	0.000286578	-0.185702
0.0163834375	0.183299	0.000329315	-0.185963
0.01639	0.183322	0.000334555	-0.185986
0.01647	0.183607	0.000399302	-0.186269
0.0165434375	0.183868	0.000460113	-0.186528
0.01655	0.183891	0.000467077	-0.186551
0.0166234375	0.184152	0.000545973	-0.18681
0.01663	0.184175	0.000554397	-0.186833
0.0167034375	0.184435	0.000649809	-0.187091
0.01671	0.184458	0.000660035	-0.187114
0.0167834375	0.184719	0.000775836	-0.187372
0.01679	0.184742	0.000788278	-0.187395
0.0168634375	0.185003	0.000929139	-0.187652
0.01687	0.185026	0.000944247	-0.187675
0.0169434375	0.185287	0.00111525	-0.187932
0.01695	0.18531	0.0011336	-0.187955
0.0170234375	0.18557	0.00134125	-0.188211
0.01703	0.185593	0.00136329	-0.188234
0.0171034375	0.185855	0.0016127	-0.18849
0.01711	0.185878	0.00163873	-0.188513
0.0171834375	0.186139	0.00193315	-0.188768
0.01719	0.186163	0.00196225	-0.188791
0.0172234375	0.186282	0.00211141	-0.188907
0.0172634375	0.186425	0.00230027	-0.189046
0.01727	0.186449	0.00233252	-0.189069
0.0173034375	0.186568	0.00249782	-0.189185
0.0173434375	0.186711	0.0027009	-0.189323
0.01735	0.186735	0.0027343	-0.189346
0.0173834375	0.186853	0.00290545	-0.189461
0.01743	0.18702	0.00313203	-0.189622
0.0174634375	0.18714	0.00329628	-0.189737
0.01751	0.187307	0.00348259	-0.189898
0.0175434375	0.187427	0.00361753	-0.190013
0.01759	0.187595	0.00373216	-0.190174
0.0176234375	0.187715	0.00381502	-0.190289
0.01767	0.187882	0.00383799	-0.190449
0.0177034375	0.188002	0.00385431	-0.190564
0.01775	0.188168	0.00378616	-0.190724
0.0177834375	0.188288	0.00373636	-0.190839
0.01783	0.188453	0.00359699	-0.190998
0.0178634375	0.188572	0.00349555	-0.191112
0.0179034375	0.188714	0.00334472	-0.191249
0.01791	0.188737	0.00331818	-0.191271
0.0179434375	0.188855	0.00318225	-0.191386
0.0179834375	0.188996	0.00301361	-0.191523
0.01799	0.189019	0.0029862	-0.191545
0.0180634375	0.189276	0.00267601	-0.191795
0.01807	0.189299	0.00264947	-0.191817
0.0181034375	0.189416	0.00251353	-0.191931
0.0181434375	0.189555	0.00235798	-0.192067
0.01815	0.189577	0.00233392	-0.192089
0.0181834375	0.189693	0.00221071	-0.192203
0.0182234375	0.189832	0.00207226	-0.192339
0.01823	0.189854	0.00205114	-0.192361
0.0182634375	0.18997	0.00194297	-0.192474
0.01831	0.19013	0.00180866	-0.192632
0.0183434375	0.190245	0.00171119	-0.192745
0.01839	0.190405	0.00159621	-0.192903
0.0184234375	0.190519	0.00151277	-0.193016
0.01847	0.190678	0.00141479	-0.193173
0.0185034375	0.190792	0.0013437	-0.193285
0.01855	0.19095	0.00126026	-0.193442
0.0185834375	0.191063	0.00119973	-0.193554
0.01863	0.191222	0.00112853	-0.193711
0.0186634375	0.191335	0.00107689	-0.193823
0.01871	0.191493	0.00101593	-0.19398
0.0187434375	0.191606	0.000971713	-0.194092
0.01879	0.191763	0.000919275	-0.194248
0.0188234375	0.191875	0.000881251	-0.19436
0.01887	0.192032	0.00083933	-0.194516
0.01895	0.1923	0.000766154	-0.194783
0.0189834375	0.192413	0.000735135	-0.194895
0.01903	0.192569	0.000703169	-0.19505
0.01911	0.192837	0.000647385	-0.195317
0.0191434375	0.192948	0.000623743	-0.195428
0.01919	0.193103	0.000598875	-0.195582
0.01927	0.19337	0.000555487	-0.195848
0.0193034375	0.193481	0.000537102	-0.195959
0.01935	0.193635	0.000517391	-0.196113
0.01943	0.1939	0.000483008	-0.196377
0.0194634375	0.19401	0.000468442	-0.196487
0.01951	0.194164	0.000454274	-0.196641
0.01959	0.194428	0.000429568	-0.196905
0.01967	0.194692	0.000404391	-0.197168
0.01975	0.194955	0.000378707	-0.197431
0.0197834375	0.195065	0.000367832	-0.197541
0.01983	0.195217	0.000358095	-0.197693
0.01991	0.195479	0.000341121	-0.197955
0.01999	0.195741	0.000323823	-0.198216
0.02007	0.196002	0.000306194	-0.198477
0.0201034375	0.196111	0.000298731	-0.198586
0.02015	0.196263	0.000291719	-0.198738
0.02023	0.196523	0.000279502	-0.198998
0.02031	0.196783	0.000267056	-0.199258
0.02039	0.197042	0.000254378	-0.199517
0.0204234375	0.19715	0.000249011	-0.199625
0.02047	0.1973	0.000243771	-0.199775
0.02055	0.197559	0.00023464	-0.200034
0.02063	0.197817	0.000225343	-0.200292
0.02071	0.198074	0.000215874	-0.200549
0.0207434375	0.198181	0.000211867	-0.200656
0.02079	0.198331	0.000208379	-0.200806
0.02087	0.198588	0.000202306	-0.201063
0.02095	0.198844	0.000196122	-0.201319
0.02103	0.1991	0.000189829	-0.201575
0.02111	0.199354	0.000183422	-0.20183
0.02119	0.199609	0.000176899	-0.202085
0.02127	0.199864	0.00017026	-0.20234
0.02135	0.200118	0.000163501	-0.202594
0.0213834375	0.200224	0.000160642	-0.2027
0.02143	0.200371	0.000158372	-0.202847
0.02151	0.200625	0.000154422	-0.203101
0.02159	0.200877	0.000150404	-0.203354
0.02167	0.201129	0.000146315	-0.203606
0.02175	0.201381	0.000142155	-0.203858
0.02183	0.201633	0.000137922	-0.20411
0.02191	0.201883	0.000133616	-0.204361
0.02199	0.202134	0.000129235	-0.204612
0.0220234375	0.202239	0.000127383	-0.204717
0.02207	0.202385	0.000125801	-0.204863
0.02215	0.202635	0.000123051	-0.205113
0.02223	0.202884	0.000120253	-0.205362
0.02231	0.203134	0.000117408	-0.205612
0.02239	0.203382	0.000114514	-0.205861
0.02247	0.20363	0.000111572	-0.206109
0.02255	0.203878	0.00010858	-0.206357
0.02263	0.204126	0.000105537	-0.206605
0.0226634375	0.204229	0.000104252	-0.206708
0.02271	0.204373	0.000103092	-0.206852
0.02279	0.20462	0.000101075	-0.207099
0.02287	0.204866	9.90247e-05	-0.207346
0.02295	0.205112	9.69397e-05	-0.207592
0.02303	0.205358	9.48211e-05	-0.207838
0.02311	0.205604	9.26672e-05	-0.208084
0.02319	0.205848	9.04777e-05	-0.208329
0.02327	0.206092	8.82526e-05	-0.208573
0.0233034375	0.206194	8.73127e-05	-0.208675
0.02335	0.206337	8.65732e-05	-0.208818
0.02343	0.206581	8.52874e-05	-0.209062
0.02351	0.206824	8.39801e-05	-0.209306
0.02359	0.207067	8.2651e-05	-0.209549
0.02367	0.20731	8.13001e-05	-0.209792
0.02375	0.207552	7.9927e-05	-0.210034
0.02383	0.207793	7.85314e-05	-0.210276
0.02391	0.208035	7.71131e-05	-0.210518
0.02399	0.208277	7.56721e-05	-0.21076
0.02407	0.208518	7.42078e-05	-0.211001
0.02415	0.208757	7.27202e-05	-0.211241
0.02423	0.208998	7.12089e-05	-0.211482
0.02431	0.209238	6.96737e-05	-0.211722
0.02439	0.209477	6.81144e-05	-0.211961
0.02447	0.209716	6.65309e-05	-0.212201
0.02455	0.209955	6.49226e-05	-0.21244
0.0245834375	0.210054	6.42437e-05	-0.212539
0.02463	0.210193	6.38902e-05	-0.212678
0.02471	0.210432	6.32745e-05	-0.212917
0.02479	0.210669	6.26468e-05	-0.213155
0.02487	0.210906	6.2007e-05	-0.213392
0.02495	0.211143	6.13552e-05	-0.213629
0.02503	0.211379	6.06914e-05	-0.213866
0.02511	0.211616	6.00156e-05	-0.214103
0.02519	0.211852	5.93276e-05	-0.214339
0.02527	0.212088	5.86275e-05	-0.214575
0.02535	0.212322	5.79153e-05	-0.21481
0.02543	0.212558	5.7191e-05	-0.215046
0.02551	0.212793	5.64544e-05	-0.215281
0.02559	0.213026	5.57056e-05	-0.215515
0.02575	0.213494	5.41737e-05	-0.215983
0.02583	0.213728	5.33882e-05	-0.216217
0.02591	0.21396	5.25901e-05	-0.21645
0.02599	0.214193	5.17797e-05	-0.216683
0.02607	0.214425	5.09568e-05	-0.216915
0.02615	0.214657	5.01215e-05	-0.217148
0.02631	0.21512	4.8413e-05	-0.217611
0.02639	0.215351	4.75399e-05	-0.217842
0.02647	0.215581	4.6654e-05	-0.218073
0.02655	0.215812	4.57554e-05	-0.218304
0.02663	0.216042	4.4844e-05	-0.218534
0.02671	0.216272	4.39197e-05	-0.218764
0.02687	0.21673	4.20322e-05	-0.219223
0.02695	0.216959	4.1069e-05	-0.219452
0.02703	0.217187	4.00927e-05	-0.219681
0.02711	0.217416	3.91032e-05	-0.21991
0.0271434375	0.217511	3.86861e-05	-0.220005
0.02719	0.217644	3.84945e-05	-0.220138
0.02727	0.217871	3.81597e-05	-0.220365
0.02743	0.218325	3.74654e-05	-0.22082
0.02751	0.218552	3.71063e-05	-0.221047
0.02759	0.218779	3.67394e-05	-0.221274
0.02767	0.219005	3.63647e-05	-0.2215
0.02775	0.21923	3.59823e-05	-0.221726
0.02783	0.219456	3.55923e-05	-0.221952
0.02799	0.219906	3.47901e-05	-0.222402
0.02807	0.22013	3.43779e-05	-0.222627
0.02815	0.220354	3.39585e-05	-0.222851
0.02823	0.220579	3.3532e-05	-0.223076
0.02831	0.220803	3.30984e-05	-0.2233
0.02839	0.221026	3.26578e-05	-0.223523
0.02855	0.221471	3.1756e-05	-0.223969
0.02863	0.221694	3.12949e-05	-0.224192
0.02871	0.221917	3.08271e-05	-0.224415
0.02879	0.222138	3.03526e-05	-0.224637
0.02887	0.22236	2.98715e-05	-0.224859
0.02895	0.222581	2.9384e-05	-0.22508
0.02911	0.223024	2.83896e-05	-0.225523
0.02919	0.223243	2.78828e-05	-0.225743
0.02927	0.223464	2.73697e-05	-0.225964
0.02935	0.223684	2.68505e-05	-0.226184
0.02943	0.223904	2.6325e-05	-0.226404
0.02951	0.224123	2.57933e-05	-0.226623
0.02967	0.224561	2.47118e-05	-0.227062
0.0297034375	0.224653	2.44832e-05	-0.227154
0.02975	0.22478	2.43626e-05	-0.227281
0.02983	0.224998	2.41505e-05	-0.227499
0.02991	0.225215	2.39313e-05	-0.227717
0.02999	0.225433	2.37049e-05	-0.227935
0.03007	0.225651	2.34718e-05	-0.228153
0.03023	0.226084	2.29859e-05	-0.228587
0.03031	0.226301	2.27333e-05	-0.228804
0.03039	0.226518	2.24746e-05	-0.229021
0.03047	0.226734	2.22099e-05	-0.229237
0.03055	0.226949	2.19395e-05	-0.229453
0.03063	0.227165	2.16634e-05	-0.229669
0.03079	0.227596	2.10948e-05	-0.2301
0.03087	0.22781	2.08027e-05	-0.230315
0.03095	0.228025	2.05054e-05	-0.23053
0.03103	0.228239	2.02034e-05	-0.230744
0.03111	0.228453	1.98965e-05	-0.230958
0.03119	0.228666	1.9585e-05	-0.231172
0.03135	0.229093	1.89487e-05	-0.231599
0.03143	0.229307	1.86242e-05	-0.231813
0.03151	0.229518	1.82956e-05	-0.232025
0.03159	0.229731	1.79629e-05	-0.232238
0.03167	0.229944	1.76266e-05	-0.232451
0.03175	0.230156	1.72864e-05	-0.232663
0.03191	0.230578	1.65955e-05	-0.233086
0.03199	0.23079	1.62448e-05	-0.233298
0.03207	0.231001	1.5891e-05	-0.233509
0.03215	0.231211	1.5534e-05	-0.23372
0.03223	0.231421	1.51739e-05	-0.23393
0.0322634375	0.231509	1.50231e-05	-0.234018
0.03231	0.231632	1.4941e-05	-0.234141
0.03247	0.232052	1.4641e-05	-0.234561
0.03263	0.23247	1.43129e-05	-0.23498
0.03279	0.232888	1.39586e-05	-0.235398
0.03295	0.233304	1.35804e-05	-0.235815
0.03311	0.23372	1.31801e-05	-0.236231
0.03327	0.234135	1.27599e-05	-0.236646
0.03343	0.234548	1.23214e-05	-0.23706
0.03359	0.234962	1.18673e-05	-0.237474
0.03375	0.235374	1.1398e-05	-0.237886
0.03391	0.235784	1.0916e-05	-0.238297
0.03407	0.236195	1.04228e-05	-0.238708
0.03423	0.236603	9.92014e-06	-0.239117
0.03439	0.237012	9.40954e-06	-0.239526
0.03455	0.237419	8.89251e-06	-0.239933
0.03471	0.237825	8.37053e-06	-0.24034
0.0348234375	0.238113	8.00033e-06	-0.240628
0.03487	0.238231	7.94222e-06	-0.240746
0.03503	0.238636	7.72853e-06	-0.241151
0.03519	0.239039	7.48462e-06	-0.241555
0.03535	0.239442	7.21378e-06	-0.241958
0.03551	0.239844	6.91928e-06	-0.242361
0.03567	0.240245	6.60427e-06	-0.242762
0.03583	0.240646	6.27181e-06	-0.243163
0.03599	0.241044	5.9249e-06	-0.243562
0.03615	0.241443	5.56644e-06	-0.243961
0.03631	0.241841	5.19925e-06	-0.244359
0.03647	0.242237	4.82609e-06	-0.244756
0.03663	0.242633	4.44962e-06	-0.245152
0.03679	0.243028	4.07243e-06	-0.245548
0.03695	0.243422	3.69703e-06	-0.245942
0.03711	0.243816	3.32586e-06	-0.246336
0.03727	0.244208	2.96129e-06	-0.246729
0.0373834375	0.244486	2.71102e-06	-0.247007
0.03743	0.2446	2.67735e-06	-0.247121
0.03759	0.244991	2.54933e-06	-0.247512
0.03775	0.245381	2.39113e-06	-0.247903
0.03791	0.24577	2.20853e-06	-0.248292
0.03807	0.246159	2.00719e-06	-0.248681
0.03823	0.246546	1.79263e-06	-0.249069
0.03839	0.246933	1.57023e-06	-0.249456
0.03855	0.24732	1.34522e-06	-0.249843
0.03871	0.247704	1.12271e-06	-0.250228
0.03887	0.248089	9.07686e-07	-0.250613
0.03903	0.248473	7.04963e-07	-0.250997
0.03919	0.248856	5.19261e-07	-0.251381
0.03935	0.249238	3.55161e-07	-0.251763
0.03951	0.24962	2.17114e-07	-0.252145
0.03967	0.250001	1.09452e-07	-0.252526
0.03983	0.25038	3.63808e-08	-0.252906
0.0399434375	0.250649	1.24483e-08	-0.253175
0.03999	0.25076	8.72965e-09	-0.253286
0.04015	0.251138	1.88945e-08	-0.253664
0.04031	0.251515	4.64666e-08	-0.254042
0.04047	0.251893	1.00126e-07	-0.25442
0.04063	0.252269	1.88336e-07	-0.254796
0.04079	0.252645	3.19339e-07	-0.255172
0.04095	0.253019	5.01165e-07	-0.255547
0.04111	0.253393	7.41635e-07	-0.255921
0.0412234375	0.253658	9.58081e-07	-0.256186
0.04127	0.253767	1.0339e-06	-0.256295
0.04143	0.25414	1.34929e-06	-0.256668
0.04159	0.254512	1.72683e-06	-0.25704
0.04175	0.254883	2.17996e-06	-0.257411
0.04191	0.255253	2.72179e-06	-0.257782
0.04207	0.255623	3.3651e-06	-0.258152
0.04223	0.255992	4.12232e-06	-0.258521
0.04239	0.256361	5.0056e-06	-0.25889
0.0425034375	0.256622	5.7235e-06	-0.259151
0.04255	0.256729	5.98777e-06	-0.259258
0.04271	0.257096	7.02557e-06	-0.259625
0.04287	0.257463	8.23509e-06	-0.259992
0.04303	0.257829	9.63839e-06	-0.260358
0.04319	0.258193	1.12594e-05	-0.260723
0.04335	0.258557	1.31193e-05	-0.261087
0.04351	0.258921	1.52394e-05	-0.261451
0.04367	0.259284	1.76403e-05	-0.261814
0.0437834375	0.259541	1.95373e-05	-0.262071
0.04383	0.259647	2.03333e-05	-0.262177
0.04399	0.260009	2.33757e-05	-0.262539
0.04415	0.26037	2.68487e-05	-0.2629
0.04431	0.26073	3.07871e-05	-0.26326
0.0444234375	0.260985	3.38973e-05	-0.263515
0.04447	0.26109	3.52744e-05	-0.26362
0.04463	0.261449	4.05043e-05	-0.263979
0.04479	0.261809	4.64524e-05	-0.264338
0.04495	0.262167	5.31699e-05	-0.264696
0.0450634375	0.26242	5.8449e-05	-0.264949
0.04511	0.262524	6.09342e-05	-0.265053
0.04527	0.262882	7.03282e-05	-0.26541
0.04543	0.263238	8.09835e-05	-0.265766
0.04559	0.263594	9.29797e-05	-0.266121
0.0457034375	0.263846	0.000102372	-0.266373
0.04575	0.263949	0.000106912	-0.266476
0.04591	0.264304	0.000123924	-0.26683
0.0460234375	0.264555	0.000137293	-0.267081
0.04607	0.264658	0.000143719	-0.267184
0.04623	0.265012	0.000167762	-0.267537
0.0463434375	0.265263	0.00018663	-0.267787
0.04639	0.265365	0.000195976	-0.267889
0.04655	0.265717	0.000230888	-0.26824
0.0466634375	0.265967	0.000258253	-0.268489
0.04671	0.266069	0.000272284	-0.268591
0.04687	0.266422	0.000324624	-0.268942
0.0469834375	0.266671	0.000365601	-0.26919
0.04703	0.266774	0.000386157	-0.269292
0.0471434375	0.267022	0.000439522	-0.269539
0.04719	0.267125	0.000465415	-0.269641
0.0473034375	0.267373	0.000532585	-0.269888
0.04735	0.267476	0.000565535	-0.26999
0.0474634375	0.267725	0.000650955	-0.270237
0.04751	0.267827	0.000693303	-0.270338
0.0476234375	0.268075	0.000803007	-0.270584
0.04767	0.268177	0.000857899	-0.270685
0.0477834375	0.268426	0.001	-0.270931
0.04783	0.268528	0.00107154	-0.271032
0.0479434375	0.268777	0.00125659	-0.271277
0.04799	0.26888	0.00134615	-0.271378
0.0480234375	0.268953	0.00141262	-0.27145
0.0481034375	0.269129	0.00159039	-0.271623
0.04815	0.269232	0.00170605	-0.271724
0.0481834375	0.269305	0.00179184	-0.271796
0.0482634375	0.269483	0.00201881	-0.271969
0.04831	0.269585	0.00216397	-0.272069
0.0483434375	0.269659	0.0022716	-0.272141
0.0484234375	0.269836	0.00254915	-0.272313
0.04847	0.269939	0.00272025	-0.272413
0.0485034375	0.270013	0.00284705	-0.272485
0.0485834375	0.270191	0.00315756	-0.272657
0.04863	0.270294	0.00333564	-0.272757
0.0486634375	0.270369	0.00346758	-0.272829
0.0487434375	0.270548	0.00375993	-0.273001
0.04879	0.270653	0.00390529	-0.273101
0.0488234375	0.270728	0.004013	-0.273173
0.04895	0.271011	0.00425301	-0.273444
0.0489834375	0.271085	0.00431943	-0.273515
0.04911	0.271369	0.00428707	-0.273786
0.0491434375	0.271443	0.00427728	-0.273857
0.0492234375	0.271621	0.00413221	-0.274028
0.04927	0.271724	0.00401301	-0.274127
0.0493034375	0.271798	0.00392518	-0.274198
0.0493834375	0.271976	0.00367724	-0.274369
0.04943	0.272079	0.00352211	-0.274469
0.0494634375	0.272152	0.00340776	-0.27454
0.0495434375	0.272328	0.00313348	-0.27471
0.04959	0.27243	0.00297953	-0.274809
0.0496234375	0.272503	0.00286605	-0.27488
0.0497034375	0.272677	0.00261355	-0.27505
0.04975	0.272778	0.00247908	-0.275149
0.0497834375	0.272851	0.00237999	-0.27522
0.0498634375	0.273023	0.00216738	-0.275389
0.04991	0.273124	0.00205694	-0.275488
0.0499434375	0.273196	0.00197558	-0.275559
0.0500234375	0.273368	0.00180385	-0.275728
0.05007	0.273469	0.00171553	-0.275827
0.0501034375	0.273541	0.0016505	-0.275898
0.05023	0.273812	0.00144869	-0.276166
0.0502634375	0.273883	0.00139233	-0.276236
0.05039	0.274153	0.00123208	-0.276503
0.0504234375	0.274224	0.00118735	-0.276573
0.05055	0.274493	0.00105935	-0.27684
0.0505834375	0.274563	0.00102363	-0.27691
0.05071	0.274832	0.000920482	-0.277177
0.0507434375	0.274903	0.000891713	-0.277247
0.05087	0.275171	0.000807737	-0.277513
0.0509034375	0.275241	0.000784325	-0.277583
0.05103	0.275509	0.000715246	-0.277849
0.0510634375	0.275579	0.000695995	-0.277919
0.05119	0.275845	0.000638588	-0.278184
0.0512234375	0.275915	0.000622596	-0.278254
0.05135	0.27618	0.000580685	-0.278518
0.05151	0.276515	0.000521936	-0.278852
0.0515434375	0.276585	0.000508859	-0.278922
0.05167	0.27685	0.000478308	-0.279186
0.05183	0.277184	0.00043551	-0.279519
0.0518634375	0.277253	0.000425989	-0.279588
0.05199	0.277516	0.000403029	-0.279851
0.05215	0.277849	0.000370882	-0.280183
0.0521834375	0.277918	0.000363735	-0.280252
0.05231	0.27818	0.000346024	-0.280514
0.05247	0.278512	0.000321238	-0.280845
0.0525034375	0.278581	0.00031573	-0.280914
0.05263	0.278842	0.000304625	-0.281175
0.05279	0.279173	0.000288933	-0.281505
0.05295	0.279502	0.000271327	-0.281834
0.05311	0.279832	0.000251765	-0.282163
0.0531434375	0.279901	0.00024744	-0.282232
0.05327	0.28016	0.000240026	-0.282491
0.05343	0.280488	0.000229558	-0.282819
0.05359	0.280815	0.000217825	-0.283146
0.05375	0.281142	0.0002048	-0.283473
0.0537834375	0.28121	0.000201923	-0.283541
0.05391	0.281468	0.000196689	-0.283799
0.05407	0.281794	0.000189309	-0.284125
0.05423	0.28212	0.000181042	-0.28445
0.05439	0.282445	0.000171874	-0.284775
0.0544234375	0.282513	0.00016985	-0.284843
0.05455	0.282769	0.000165994	-0.285099
0.05471	0.283093	0.000160559	-0.285423
0.05487	0.283416	0.000154478	-0.285746
0.05503	0.283739	0.000147738	-0.286069
0.0550634375	0.283806	0.000146251	-0.286136
0.05519	0.284061	0.0001443	-0.286391
0.05535	0.284383	0.000141472	-0.286713
0.05551	0.284705	0.000138222	-0.287035
0.05567	0.285025	0.000134542	-0.287355
0.05583	0.285345	0.000130428	-0.287676
0.05599	0.285665	0.000125869	-0.287996
0.05615	0.285984	0.00012086	-0.288315
0.05631	0.286303	0.000115395	-0.288634
0.0563434375	0.28637	0.000114199	-0.288701
0.05647	0.286622	0.000112941	-0.288953
0.05663	0.286939	0.000111121	-0.28927
0.05679	0.287257	0.000109033	-0.289588
0.05695	0.287574	0.000106676	-0.289905
0.05711	0.287891	0.000104043	-0.290222
0.05727	0.288207	0.00010113	-0.290538
0.05743	0.288523	9.79344e-05	-0.290854
0.05759	0.288838	9.44517e-05	-0.291169
0.0576234375	0.288904	9.36905e-05	-0.291235
0.05775	0.289153	9.2817e-05	-0.291484
0.05791	0.289467	9.15562e-05	-0.291798
0.05807	0.289781	9.01132e-05	-0.292112
0.05823	0.290095	8.8486e-05	-0.292426
0.05839	0.290407	8.66723e-05	-0.292739
0.05855	0.290719	8.46686e-05	-0.293051
0.05871	0.291031	8.24733e-05	-0.293363
0.05887	0.291343	8.00841e-05	-0.293675
0.0589034375	0.291408	7.95624e-05	-0.29374
0.05903	0.291654	7.89221e-05	-0.293986
0.05919	0.291965	7.80001e-05	-0.294297
0.05935	0.292275	7.69473e-05	-0.294607
0.05951	0.292585	7.57621e-05	-0.294917
0.05967	0.292894	7.44428e-05	-0.295227
0.05983	0.293203	7.29879e-05	-0.295536
0.05999	0.293512	7.13959e-05	-0.295845
0.06015	0.29382	6.96654e-05	-0.296153
0.0601834375	0.293884	6.9288e-05	-0.296217
0.06031	0.294128	6.91217e-05	-0.296461
0.06047	0.294435	6.88402e-05	-0.296768
0.06063	0.294741	6.84756e-05	-0.297075
0.06079	0.295047	6.80268e-05	-0.297381
0.06095	0.295353	6.74928e-05	-0.297687
0.06111	0.295659	6.68727e-05	-0.297993
0.06127	0.295964	6.61654e-05	-0.298298
0.06143	0.296269	6.537e-05	-0.298603
0.06159	0.296572	6.44856e-05	-0.298907
0.06175	0.296877	6.35114e-05	-0.299212
0.06191	0.29718	6.24464e-05	-0.299515
0.06207	0.297483	6.129e-05	-0.299818
0.06223	0.297786	6.00413e-05	-0.300121
0.06239	0.298088	5.86995e-05	-0.300424
0.06255	0.298389	5.72638e-05	-0.300725
0.06271	0.298691	5.57336e-05	-0.301027
0.0627434375	0.298754	5.54031e-05	-0.30109
0.06287	0.298992	5.55797e-05	-0.301328
0.06303	0.299293	5.57683e-05	-0.301629
0.06319	0.299593	5.59159e-05	-0.301929
0.06335	0.299892	5.60221e-05	-0.302229
0.06351	0.300192	5.60863e-05	-0.302529
0.06383	0.30079	5.6087e-05	-0.303127
0.06399	0.301088	5.60226e-05	-0.303425
0.06415	0.301386	5.59144e-05	-0.303723
0.06431	0.301683	5.5762e-05	-0.304021
0.06447	0.30198	5.55649e-05	-0.304318
0.06463	0.302277	5.53229e-05	-0.304615
0.06479	0.302573	5.50355e-05	-0.304911
0.06495	0.302869	5.47022e-05	-0.305207
0.06511	0.303165	5.43228e-05	-0.305503
0.06527	0.30346	5.3897e-05	-0.305798
0.06543	0.303754	5.34242e-05	-0.306093
0.06559	0.304049	5.29044e-05	-0.306388
0.06575	0.304343	5.2337e-05	-0.306682
0.06591	0.304637	5.17218e-05	-0.306976
0.06607	0.30493	5.10586e-05	-0.307269
0.06623	0.305223	5.03469e-05	-0.307562
0.06639	0.305515	4.95866e-05	-0.307855
0.06655	0.305807	4.87774e-05	-0.308147
0.06671	0.306099	4.7919e-05	-0.308439
0.06687	0.30639	4.70112e-05	-0.30873
0.06703	0.306682	4.60538e-05	-0.309022
0.06719	0.306972	4.50464e-05	-0.309312
0.06735	0.307263	4.3989e-05	-0.309603
0.06751	0.307552	4.28813e-05	-0.309893
0.06767	0.307842	4.17231e-05	-0.310183
0.06783	0.308131	4.05142e-05	-0.310472
0.0678634375	0.308191	4.02557e-05	-0.310532
0.06799	0.30842	4.05345e-05	-0.310761
0.06815	0.308709	4.08741e-05	-0.31105
0.06831	0.308997	4.11983e-05	-0.311338
0.06847	0.309284	4.15071e-05	-0.311626
0.06863	0.309572	4.18002e-05	-0.311914
0.06879	0.309859	4.20775e-05	-0.312201
0.06895	0.310146	4.23388e-05	-0.312488
0.06911	0.310432	4.25838e-05	-0.312774
0.06927	0.310718	4.28126e-05	-0.31306
0.06943	0.311003	4.30249e-05	-0.313346
0.06959	0.311289	4.32206e-05	-0.313632
0.06975	0.311574	4.33995e-05	-0.313917
0.06991	0.311858	4.35615e-05	-0.314201
0.07007	0.312143	4.37064e-05	-0.314486
0.07023	0.312427	4.38341e-05	-0.31477
0.07039	0.312711	4.39446e-05	-0.315054
0.07055	0.312993	4.40375e-05	-0.315337
0.07071	0.313276	4.4113e-05	-0.31562
0.07087	0.313559	4.41707e-05	-0.315903
0.07119	0.314123	4.42327e-05	-0.316467
0.07151	0.314685	4.42225e-05	-0.31703
0.07183	0.315247	4.41395e-05	-0.317592
0.07215	0.315808	4.39827e-05	-0.318153
0.07231	0.316087	4.3876e-05	-0.318432
0.07247	0.316367	4.37511e-05	-0.318712
0.07263	0.316645	4.36074e-05	-0.318991
0.07279	0.316924	4.34452e-05	-0.31927
0.07295	0.317202	4.32636e-05	-0.319548
0.07327	0.317758	4.28438e-05	-0.320104
0.07343	0.318035	4.26052e-05	-0.320381
0.07359	0.318312	4.23475e-05	-0.320659
0.07375	0.318588	4.20706e-05	-0.320935
0.07391	0.318865	4.17743e-05	-0.321212
0.07407	0.319141	4.14588e-05	-0.321488
0.07439	0.319692	4.07694e-05	-0.322039
0.07455	0.319967	4.03955e-05	-0.322315
0.07471	0.320241	4.00021e-05	-0.322589
0.07487	0.320516	3.9589e-05	-0.322864
0.07503	0.32079	3.91564e-05	-0.323138
0.07519	0.321064	3.87042e-05	-0.323412
0.07551	0.321611	3.77406e-05	-0.323959
0.07567	0.321883	3.72293e-05	-0.324232
0.07583	0.322156	3.66983e-05	-0.324505
0.07599	0.322429	3.61474e-05	-0.324778
0.07615	0.322701	3.55767e-05	-0.32505
0.07631	0.322973	3.49863e-05	-0.325322
0.07663	0.323514	3.3746e-05	-0.325864
0.07679	0.323785	3.30961e-05	-0.326135
0.07695	0.324056	3.24264e-05	-0.326406
0.07711	0.324326	3.17369e-05	-0.326676
0.07727	0.324596	3.10275e-05	-0.326946
0.07743	0.324866	3.02982e-05	-0.327216
0.07775	0.325403	2.87803e-05	-0.327754
0.07791	0.325672	2.79915e-05	-0.328023
0.07807	0.325941	2.71829e-05	-0.328292
0.0781034375	0.325997	2.70117e-05	-0.328348
0.07839	0.326477	2.70529e-05	-0.328828
0.07887	0.327278	2.70602e-05	-0.32963
0.07919	0.327811	2.70216e-05	-0.330163
0.07935	0.328078	2.69892e-05	-0.33043
0.07951	0.328343	2.6948e-05	-0.330695
0.07967	0.328609	2.68979e-05	-0.330961
0.07999	0.32914	2.67712e-05	-0.331492
0.08015	0.329403	2.66945e-05	-0.331756
0.08031	0.329668	2.66088e-05	-0.332021
0.08047	0.329932	2.65142e-05	-0.332285
0.08063	0.330196	2.64107e-05	-0.332549
0.08079	0.33046	2.62982e-05	-0.332813
0.08111	0.330986	2.60461e-05	-0.333339
0.08127	0.331249	2.59065e-05	-0.333602
0.08143	0.331511	2.57578e-05	-0.333865
0.08159	0.331773	2.56001e-05	-0.334127
0.08175	0.332035	2.54333e-05	-0.334389
0.08191	0.332297	2.52574e-05	-0.334651
0.08223	0.332819	2.48782e-05	-0.335173
0.08239	0.33308	2.46751e-05	-0.335434
0.08255	0.333341	2.44626e-05	-0.335695
0.08271	0.3336	2.42411e-05	-0.335955
0.08287	0.33386	2.40105e-05	-0.336215
0.08303	0.33412	2.37707e-05	-0.336475
0.0832234375	0.334434	2.34695e-05	-0.336789
0.08351	0.334898	2.34891e-05	-0.337253
0.08383	0.335415	2.34891e-05	-0.33777
0.08415	0.33593	2.34647e-05	-0.338286
0.08447	0.336445	2.34158e-05	-0.338801
0.08463	0.336702	2.33822e-05	-0.339058
0.08479	0.336959	2.33423e-05	-0.339315
0.08495	0.337216	2.32964e-05	-0.339572
0.08511	0.337472	2.32442e-05	-0.339828
0.08527	0.337728	2.31857e-05	-0.340085
0.08559	0.338239	2.30503e-05	-0.340596
0.08575	0.338494	2.29733e-05	-0.340851
0.08591	0.338749	2.289e-05	-0.341106
0.08607	0.339004	2.28005e-05	-0.341361
0.08623	0.339259	2.27047e-05	-0.341616
0.08639	0.339513	2.26027e-05	-0.34187
0.08671	0.34002	2.23798e-05	-0.342378
0.08687	0.340274	2.22589e-05	-0.342632
0.08703	0.340527	2.21319e-05	-0.342885
0.08719	0.34078	2.19984e-05	-0.343138
0.08735	0.341033	2.18588e-05	-0.343391
0.08751	0.341285	2.17128e-05	-0.343643
0.08783	0.341789	2.1402e-05	-0.344148
0.08815	0.342292	2.1066e-05	-0.344651
0.0883434375	0.342596	2.08514e-05	-0.344955
0.08879	0.343296	2.08579e-05	-0.345655
0.08911	0.343796	2.08418e-05	-0.346156
0.08943	0.344295	2.08078e-05	-0.346655
0.08975	0.344794	2.07557e-05	-0.347154
0.09007	0.345291	2.06857e-05	-0.347651
0.09039	0.345787	2.05975e-05	-0.348148
0.09071	0.346283	2.04912e-05	-0.348644
0.09103	0.346777	2.03668e-05	-0.349138
0.09135	0.347271	2.02242e-05	-0.349632
0.09167	0.347763	2.00635e-05	-0.350125
0.09199	0.348255	1.98845e-05	-0.350617
0.09231	0.348746	1.96873e-05	-0.351108
0.09263	0.349236	1.94719e-05	-0.351598
0.09295	0.349724	1.92384e-05	-0.352087
0.09327	0.350212	1.89866e-05	-0.352575
0.0934634375	0.350507	1.88261e-05	-0.35287
0.09391	0.351186	1.88232e-05	-0.353549
0.09423	0.351671	1.88053e-05	-0.354035
0.09455	0.352155	1.87738e-05	-0.354519
0.09487	0.352639	1.87287e-05	-0.355003
0.09519	0.353122	1.867e-05	-0.355486
0.09551	0.353603	1.85975e-05	-0.355968
0.09583	0.354084	1.85114e-05	-0.356449
0.09615	0.354565	1.84115e-05	-0.35693
0.09647	0.355044	1.8298e-05	-0.357409
0.09679	0.355522	1.81708e-05	-0.357888
0.09711	0.355999	1.80299e-05	-0.358365
0.09743	0.356476	1.78752e-05	-0.358842
0.09775	0.356952	1.7707e-05	-0.359318
0.09807	0.357426	1.7525e-05	-0.359793
0.09839	0.357901	1.73293e-05	-0.360268
0.0985834375	0.358187	1.72048e-05	-0.360554
0.09903	0.358847	1.71964e-05	-0.361214
0.09935	0.359317	1.7178e-05	-0.361685
0.09967	0.359788	1.7149e-05	-0.362156
0.09999	0.360259	1.71093e-05	-0.362627
0.10031	0.360728	1.7059e-05	-0.363096
0.10063	0.361195	1.69981e-05	-0.363564
0.10095	0.361663	1.69266e-05	-0.364032
0.10127	0.36213	1.68444e-05	-0.364499
0.10159	0.362596	1.67516e-05	-0.364965
0.10191	0.36306	1.66481e-05	-0.36543
0.10223	0.363525	1.65341e-05	-0.365895
0.10255	0.363989	1.64094e-05	-0.366359
0.10287	0.364452	1.62742e-05	-0.366822
0.10319	0.364913	1.61284e-05	-0.367284
0.10351	0.365374	1.59719e-05	-0.367745
0.103703437	0.365653	1.58727e-05	-0.368024
0.10383	0.365835	1.58945e-05	-0.368206
0.10415	0.366294	1.5945e-05	-0.368665
0.10447	0.366754	1.59879e-05	-0.369125
0.10479	0.367211	1.60232e-05	-0.369583
0.10511	0.367668	1.6051e-05	-0.37004
0.10543	0.368125	1.6071e-05	-0.370497
0.10575	0.368581	1.60834e-05	-0.370953
0.10607	0.369036	1.60882e-05	-0.371408
0.10639	0.36949	1.60853e-05	-0.371863
0.10671	0.369944	1.60746e-05	-0.372317
0.10703	0.370397	1.60563e-05	-0.37277
0.10735	0.370849	1.60303e-05	-0.373222
0.10767	0.3713	1.59967e-05	-0.373673
0.10799	0.37175	1.59554e-05	-0.374124
0.10831	0.3722	1.59064e-05	-0.374574
0.10863	0.37265	1.58497e-05	-0.375024
0.10895	0.373098	1.57854e-05	-0.375472
0.10927	0.373546	1.57134e-05	-0.37592
0.10959	0.373993	1.56338e-05	-0.376367
0.10991	0.374439	1.55465e-05	-0.376814
0.11023	0.374885	1.54517e-05	-0.37726
0.11055	0.37533	1.53492e-05	-0.377705
0.11087	0.375774	1.52391e-05	-0.378149
0.11119	0.376218	1.51216e-05	-0.378593
0.11151	0.37666	1.49965e-05	-0.379036
0.11183	0.377102	1.48638e-05	-0.379478
0.11215	0.377543	1.47237e-05	-0.379919
0.11247	0.377984	1.45761e-05	-0.38036
0.11279	0.378424	1.4421e-05	-0.3808
0.11311	0.378863	1.42585e-05	-0.38124
0.11343	0.379302	1.40887e-05	-0.381679
0.11375	0.37974	1.39115e-05	-0.382117
0.113943437	0.380004	1.3801e-05	-0.382381
0.11439	0.380614	1.38435e-05	-0.382991
0.11471	0.38105	1.38677e-05	-0.383427
0.11503	0.381485	1.3887e-05	-0.383863
0.11535	0.38192	1.3901e-05	-0.384298
0.11567	0.382354	1.39098e-05	-0.384732
0.11599	0.382787	1.39133e-05	-0.385165
0.11631	0.38322	1.39118e-05	-0.385598
0.11663	0.383651	1.3905e-05	-0.38603
0.11695	0.384083	1.38929e-05	-0.386462
0.11727	0.384513	1.38757e-05	-0.386892
0.11759	0.384944	1.38533e-05	-0.387323
0.11791	0.385373	1.38257e-05	-0.387752
0.11823	0.385801	1.37929e-05	-0.388181
0.11855	0.386229	1.3755e-05	-0.388609
0.11887	0.386657	1.37119e-05	-0.389037
0.11919	0.387084	1.36636e-05	-0.389464
0.11951	0.38751	1.36102e-05	-0.38989
0.11983	0.387936	1.35517e-05	-0.390316
0.12015	0.38836	1.3488e-05	-0.390741
0.12047	0.388785	1.34192e-05	-0.391166
0.12079	0.389209	1.33453e-05	-0.39159
0.12111	0.389632	1.32663e-05	-0.392013
0.12143	0.390055	1.31824e-05	-0.392436
0.12175	0.390476	1.30933e-05	-0.392858
0.12207	0.390897	1.29992e-05	-0.393279
0.12239	0.391318	1.29001e-05	-0.3937
0.12271	0.391738	1.27959e-05	-0.39412
0.12303	0.392158	1.26868e-05	-0.39454
0.12335	0.392576	1.25728e-05	-0.394959
0.12367	0.392994	1.24538e-05	-0.395377
0.12399	0.393412	1.23299e-05	-0.395795
0.124183437	0.393665	1.22527e-05	-0.396048
0.12463	0.394246	1.22781e-05	-0.396629
0.12495	0.394662	1.22921e-05	-0.397045
0.12527	0.395077	1.23023e-05	-0.397461
0.12559	0.395492	1.23088e-05	-0.397876
0.12591	0.395906	1.23114e-05	-0.39829
0.12623	0.39632	1.23105e-05	-0.398704
0.12655	0.396733	1.23058e-05	-0.399117
0.12687	0.397145	1.22975e-05	-0.399529
0.12719	0.397557	1.22854e-05	-0.399941
0.12751	0.397968	1.22697e-05	-0.400353
0.12783	0.398379	1.22502e-05	-0.400764
0.12815	0.398789	1.22271e-05	-0.401174
0.12847	0.399199	1.22003e-05	-0.401584
0.12879	0.399608	1.21698e-05	-0.401993
0.12911	0.400016	1.21357e-05	-0.402401
0.12943	0.400423	1.20979e-05	-0.402809
0.12975	0.400831	1.20565e-05	-0.403217
0.13007	0.401238	1.20114e-05	-0.403624
0.13039	0.401644	1.19628e-05	-0.40403
0.13071	0.40205	1.19105e-05	-0.404436
0.13103	0.402455	1.18546e-05	-0.404841
0.13135	0.40286	1.17951e-05	-0.405246
0.13167	0.403263	1.1732e-05	-0.40565
0.13199	0.403667	1.16654e-05	-0.406054
0.13231	0.40407	1.15952e-05	-0.406457
0.13263	0.404472	1.15214e-05	-0.406859
0.13295	0.404874	1.14442e-05	-0.407261
0.13327	0.405276	1.13635e-05	-0.407663
0.13359	0.405676	1.12792e-05	-0.408064
0.13391	0.406076	1.11914e-05	-0.408464
0.13423	0.406476	1.11003e-05	-0.408864
0.134423437	0.406718	1.10435e-05	-0.409106
0.13487	0.407274	1.10587e-05	-0.409662
0.13551	0.408069	1.10712e-05	-0.410458
0.13615	0.408863	1.10727e-05	-0.411252
0.13679	0.409655	1.10633e-05	-0.412044
0.13743	0.410445	1.10428e-05	-0.412834
0.13775	0.410838	1.10285e-05	-0.413228
0.13807	0.411232	1.10115e-05	-0.413622
0.13839	0.411625	1.09918e-05	-0.414015
0.13871	0.412018	1.09693e-05	-0.414408
0.13903	0.41241	1.09442e-05	-0.4148
0.13935	0.412802	1.09164e-05	-0.415192
0.13967	0.413192	1.08859e-05	-0.415583
0.13999	0.413583	1.08526e-05	-0.415974
0.14031	0.413973	1.08168e-05	-0.416364
0.14063	0.414362	1.07782e-05	-0.416753
0.14095	0.414752	1.0737e-05	-0.417143
0.14127	0.41514	1.06932e-05	-0.417531
0.14159	0.415529	1.06467e-05	-0.41792
0.14191	0.415915	1.05976e-05	-0.418307
0.14223	0.416303	1.05459e-05	-0.418695
0.14255	0.416689	1.04915e-05	-0.419081
0.14287	0.417076	1.04346e-05	-0.419468
0.14319	0.417461	1.03751e-05	-0.419853
0.14351	0.417847	1.0313e-05	-0.420239
0.14383	0.41823	1.02483e-05	-0.420623
0.14415	0.418615	1.01811e-05	-0.421008
0.14447	0.418999	1.01113e-05	-0.421392
0.144663437	0.419231	1.0068e-05	-0.421624
0.14511	0.419765	1.00766e-05	-0.422158
0.14575	0.420529	1.00821e-05	-0.422923
0.14639	0.421291	1.0079e-05	-0.423685
0.14703	0.422052	1.00677e-05	-0.424446
0.14767	0.422811	1.0048e-05	-0.425205
0.14799	0.423189	1.0035e-05	-0.425584
0.14831	0.423567	1.00201e-05	-0.425962
0.14863	0.423945	1.0003e-05	-0.42634
0.14895	0.424322	9.98386e-06	-0.426717
0.14927	0.424699	9.96267e-06	-0.427094
0.14959	0.425076	9.93946e-06	-0.427471
0.14991	0.425451	9.91419e-06	-0.427847
0.15023	0.425826	9.88691e-06	-0.428222
0.15055	0.426202	9.85759e-06	-0.428598
0.15087	0.426576	9.82624e-06	-0.428972
0.15119	0.426951	9.79288e-06	-0.429347
0.15151	0.427324	9.75754e-06	-0.42972
0.15183	0.427698	9.72018e-06	-0.430094
0.15215	0.42807	9.68083e-06	-0.430467
0.15247	0.428442	9.63951e-06	-0.430839
0.15279	0.428814	9.59619e-06	-0.431211
0.15311	0.429186	9.55093e-06	-0.431583
0.15343	0.429557	9.5037e-06	-0.431954
0.15375	0.429928	9.4545e-06	-0.432325
0.15407	0.430297	9.40338e-06	-0.432695
0.15439	0.430667	9.35031e-06	-0.433065
0.15471	0.431037	9.29531e-06	-0.433435
0.154903437	0.43126	9.2612e-06	-0.433658
0.15535	0.431775	9.26565e-06	-0.434173
0.15599	0.432511	9.26653e-06	-0.434909
0.15663	0.433244	9.26087e-06	-0.435643
0.15727	0.433977	9.24874e-06	-0.436376
0.15791	0.434708	9.2301e-06	-0.437107
0.15823	0.435073	9.21836e-06	-0.437472
0.15855	0.435437	9.20503e-06	-0.437836
0.15887	0.4358	9.19004e-06	-0.4382
0.15919	0.436164	9.17353e-06	-0.438564
0.15951	0.436527	9.15539e-06	-0.438927
0.15983	0.43689	9.13563e-06	-0.43929
0.16015	0.437252	9.11437e-06	-0.439652
0.16047	0.437614	9.09146e-06	-0.440014
0.16079	0.437976	9.067e-06	-0.440376
0.16111	0.438337	9.04097e-06	-0.440737
0.16143	0.438697	9.01336e-06	-0.441098
0.16175	0.439057	8.98421e-06	-0.441458
0.16207	0.439417	8.95349e-06	-0.441818
0.16239	0.439777	8.92126e-06	-0.442178
0.16271	0.440136	8.88747e-06	-0.442537
0.16303	0.440495	8.85212e-06	-0.442896
0.16335	0.440854	8.81527e-06	-0.443255
0.16367	0.441212	8.77689e-06	-0.443613
0.16399	0.441568	8.737e-06	-0.44397
0.16431	0.441926	8.6956e-06	-0.444328
0.16463	0.442282	8.65269e-06	-0.444684
0.16495	0.442639	8.60829e-06	-0.445041
0.165143437	0.442854	8.58077e-06	-0.445256
0.16559	0.443351	8.58242e-06	-0.445753
0.16623	0.444061	8.58044e-06	-0.446463
0.16687	0.444769	8.57326e-06	-0.447172
0.16751	0.445476	8.56091e-06	-0.447879
0.16815	0.446182	8.54341e-06	-0.448585
0.16847	0.446534	8.53275e-06	-0.448937
0.16879	0.446886	8.52081e-06	-0.449289
0.16911	0.447236	8.5076e-06	-0.44964
0.16943	0.447588	8.49313e-06	-0.449992
0.16975	0.447938	8.47738e-06	-0.450342
0.17007	0.448289	8.46038e-06	-0.450693
0.17039	0.448639	8.44209e-06	-0.451043
0.17071	0.448989	8.42262e-06	-0.451393
0.17103	0.449338	8.40182e-06	-0.451742
0.17135	0.449687	8.37984e-06	-0.452091
0.17167	0.450034	8.35656e-06	-0.452439
0.17199	0.450383	8.33211e-06	-0.452788
0.17231	0.450731	8.30638e-06	-0.453136
0.17263	0.451078	8.27944e-06	-0.453483
0.17295	0.451425	8.25129e-06	-0.45383
0.17327	0.451772	8.22192e-06	-0.454177
0.17359	0.452119	8.19133e-06	-0.454524
0.17391	0.452465	8.15955e-06	-0.45487
0.17423	0.452809	8.12655e-06	-0.455215
0.17455	0.453155	8.09236e-06	-0.455561
0.17487	0.4535	8.05698e-06	-0.455906
0.17519	0.453844	8.02042e-06	-0.45625
0.175383437	0.454053	7.99778e-06	-0.456459
0.17583	0.454533	8.0182e-06	-0.456939
0.17615	0.454876	8.03168e-06	-0.457282
0.17647	0.455219	8.04417e-06	-0.457625
0.17679	0.455562	8.05568e-06	-0.457968
0.17711	0.455904	8.0662e-06	-0.458311
0.17743	0.456246	8.07575e-06	-0.458653
0.17775	0.456588	8.08431e-06	-0.458995
0.17839	0.45727	8.0985e-06	-0.459677
0.17903	0.457952	8.10878e-06	-0.460359
0.17967	0.458632	8.11518e-06	-0.461039
0.18031	0.459309	8.1177e-06	-0.461717
0.18095	0.459986	8.11636e-06	-0.462394
0.18159	0.460662	8.11118e-06	-0.46307
0.18223	0.461337	8.10215e-06	-0.463745
0.18287	0.462009	8.08935e-06	-0.464418
0.18351	0.462681	8.07282e-06	-0.46509
0.18383	0.463016	8.06308e-06	-0.465425
0.18415	0.463351	8.05248e-06	-0.46576
0.18447	0.463686	8.04085e-06	-0.466095
0.18479	0.464021	8.02837e-06	-0.46643
0.18511	0.464355	8.01493e-06	-0.466764
0.18575	0.465021	7.98531e-06	-0.467431
0.18607	0.465354	7.96909e-06	-0.467764
0.18639	0.465687	7.95198e-06	-0.468097
0.18671	0.466019	7.93395e-06	-0.468429
0.18703	0.466352	7.91503e-06	-0.468762
0.18735	0.466683	7.89516e-06	-0.469093
0.18799	0.467346	7.85276e-06	-0.469756
0.18831	0.467677	7.83017e-06	-0.470087
0.18863	0.468007	7.80673e-06	-0.470418
0.18895	0.468337	7.78239e-06	-0.470748
0.18927	0.468667	7.75721e-06	-0.471078
0.18959	0.468997	7.7311e-06	-0.471408
0.19023	0.469655	7.67632e-06	-0.472066
0.19055	0.469984	7.64761e-06	-0.472395
0.19087	0.470312	7.61804e-06	-0.472723
0.19119	0.47064	7.58761e-06	-0.473051
0.19151	0.470967	7.55631e-06	-0.473379
0.19183	0.471295	7.52418e-06	-0.473707
0.19247	0.471949	7.45734e-06	-0.474361
0.19279	0.472275	7.42266e-06	-0.474687
0.19311	0.472601	7.38714e-06	-0.475013
0.19343	0.472927	7.35078e-06	-0.475339
0.19375	0.473253	7.31361e-06	-0.475665
0.19407	0.473578	7.27561e-06	-0.47599
0.19471	0.474227	7.19714e-06	-0.47664
0.19503	0.474552	7.15669e-06	-0.476965
0.19535	0.474876	7.11543e-06	-0.477289
0.19567	0.475199	7.07337e-06	-0.477612
0.195863437	0.475395	7.04757e-06	-0.477808
0.19631	0.475846	7.0596e-06	-0.478259
0.19695	0.476492	7.07456e-06	-0.478905
0.19759	0.477135	7.0868e-06	-0.479549
0.19823	0.477779	7.09634e-06	-0.480193
0.19919	0.478741	7.10559e-06	-0.481155
0.19983	0.479381	7.1084e-06	-0.481795
0.20047	0.48002	7.10855e-06	-0.482434
0.20143	0.480976	7.1038e-06	-0.483391
0.20207	0.481612	7.09733e-06	-0.484027
0.20271	0.482247	7.08824e-06	-0.484662
0.20367	0.483198	7.06972e-06	-0.485613
0.20399	0.483514	7.06226e-06	-0.485929
0.20431	0.48383	7.05414e-06	-0.486245
0.20463	0.484145	7.04539e-06	-0.486561
0.20495	0.484461	7.036e-06	-0.486877
0.20527	0.484776	7.02596e-06	-0.487192
0.20591	0.485405	7.00399e-06	-0.487821
0.20623	0.48572	6.99206e-06	-0.488136
0.20655	0.486034	6.9795e-06	-0.48845
0.20687	0.486348	6.9663e-06	-0.488764
0.20719	0.486661	6.95248e-06	-0.489077
0.20751	0.486974	6.93805e-06	-0.48939
0.20815	0.487599	6.90731e-06	-0.490016
0.20847	0.487911	6.891e-06	-0.490328
0.20879	0.488224	6.8741e-06	-0.490641
0.20911	0.488535	6.85659e-06	-0.490952
0.20943	0.488847	6.83845e-06	-0.491264
0.20975	0.489158	6.81971e-06	-0.491575
0.21039	0.48978	6.78043e-06	-0.492197
0.21071	0.490091	6.75991e-06	-0.492508
0.21103	0.490401	6.73875e-06	-0.492818
0.21135	0.49071	6.71705e-06	-0.493128
0.21167	0.49102	6.6947e-06	-0.493438
0.21199	0.491329	6.6718e-06	-0.493747
0.21263	0.491948	6.62423e-06	-0.494366
0.21295	0.492256	6.59957e-06	-0.494674
0.21327	0.492565	6.57434e-06	-0.494983
0.21359	0.492873	6.54852e-06	-0.495291
0.21391	0.493181	6.52214e-06	-0.495599
0.21423	0.493488	6.49518e-06	-0.495906
0.21487	0.494102	6.43958e-06	-0.496521
0.21519	0.494409	6.41093e-06	-0.496828
0.21551	0.494715	6.38172e-06	-0.497134
0.21583	0.495022	6.35196e-06	-0.497441
0.21615	0.495328	6.32165e-06	-0.497747
0.216343437	0.495513	6.30307e-06	-0.497932
0.21711	0.496244	6.31472e-06	-0.498663
0.21775	0.496854	6.3223e-06	-0.499273
0.21839	0.497462	6.32794e-06	-0.499882
0.21935	0.498374	6.33278e-06	-0.500794
0.21999	0.49898	6.33359e-06	-0.5014
0.22063	0.499585	6.3325e-06	-0.502005
0.22159	0.50049	6.32729e-06	-0.502911
0.22223	0.501093	6.32145e-06	-0.503514
0.22287	0.501695	6.31373e-06	-0.504116
0.22351	0.502296	6.30413e-06	-0.504717
0.22415	0.502896	6.29269e-06	-0.505317
0.22479	0.503495	6.27939e-06	-0.505916
0.22543	0.504092	6.26427e-06	-0.506514
0.22607	0.504689	6.2473e-06	-0.507111
0.22671	0.505285	6.22854e-06	-0.507707
0.22735	0.50588	6.20797e-06	-0.508302
0.22799	0.506474	6.18562e-06	-0.508896
0.22863	0.507067	6.16148e-06	-0.50949
0.22927	0.507659	6.13559e-06	-0.510082
0.22991	0.50825	6.10795e-06	-0.510673
0.23055	0.50884	6.07858e-06	-0.511263
0.23119	0.50943	6.04748e-06	-0.511853
0.23183	0.510017	6.01468e-06	-0.512441
0.23247	0.510605	5.98018e-06	-0.513029
0.23311	0.511192	5.944e-06	-0.513616
0.23375	0.511777	5.90616e-06	-0.514201
0.23439	0.512362	5.86668e-06	-0.514786
0.23503	0.512946	5.82556e-06	-0.51537
0.23567	0.513528	5.78282e-06	-0.515953
0.23631	0.514111	5.73847e-06	-0.516536
0.236823437	0.514577	5.70177e-06	-0.517002
0.23759	0.515272	5.70839e-06	-0.517697
0.23823	0.515852	5.71237e-06	-0.518277
0.23887	0.51643	5.7149e-06	-0.518855
0.23951	0.517007	5.716e-06	-0.519433
0.24015	0.517584	5.71567e-06	-0.52001
0.24079	0.51816	5.71392e-06	-0.520586
0.24143	0.518735	5.71076e-06	-0.521161
0.24207	0.519309	5.70619e-06	-0.521735
0.24271	0.519882	5.70023e-06	-0.522308
0.24335	0.520454	5.69289e-06	-0.522881
0.24399	0.521025	5.68415e-06	-0.523452
0.24463	0.521596	5.67405e-06	-0.524023
0.24527	0.522166	5.66258e-06	-0.524593
0.24591	0.522735	5.64976e-06	-0.525162
0.24655	0.523303	5.63559e-06	-0.52573
0.24719	0.52387	5.62007e-06	-0.526298
0.24783	0.524436	5.60324e-06	-0.526864
0.24847	0.525002	5.58507e-06	-0.52743
0.24911	0.525567	5.5656e-06	-0.527995
0.24975	0.526131	5.54482e-06	-0.528559
0.25039	0.526694	5.52275e-06	-0.529122
0.25103	0.527257	5.49941e-06	-0.529685
0.25167	0.527817	5.47478e-06	-0.530246
0.25231	0.528378	5.44889e-06	-0.530807
0.25295	0.528938	5.42175e-06	-0.531367
0.25359	0.529497	5.39337e-06	-0.531926
0.25423	0.530056	5.36374e-06	-0.532485
0.25487	0.530613	5.33291e-06	-0.533042
0.25551	0.531169	5.30085e-06	-0.533599
0.25615	0.531725	5.26761e-06	-0.534155
0.25679	0.53228	5.23316e-06	-0.53471
0.257303437	0.532724	5.2047e-06	-0.535154
0.25807	0.533388	5.20819e-06	-0.535818
0.25871	0.533941	5.20992e-06	-0.536371
0.25935	0.534493	5.21056e-06	-0.536923
0.25999	0.535043	5.2101e-06	-0.537474
0.26063	0.535594	5.20857e-06	-0.538025
0.26127	0.536143	5.20596e-06	-0.538574
0.26191	0.536692	5.20227e-06	-0.539123
0.26255	0.53724	5.19752e-06	-0.539671
0.26319	0.537788	5.19172e-06	-0.540219
0.26383	0.538334	5.18485e-06	-0.540766
0.26447	0.538879	5.17695e-06	-0.541311
0.26511	0.539424	5.16799e-06	-0.541856
0.26575	0.539969	5.158e-06	-0.542401
0.26639	0.540513	5.14699e-06	-0.542945
0.26703	0.541055	5.13495e-06	-0.543487
0.26767	0.541597	5.12189e-06	-0.54403
0.26831	0.542138	5.10783e-06	-0.544571
0.26895	0.542679	5.09276e-06	-0.545112
0.26959	0.543218	5.07669e-06	-0.545651
0.27023	0.543758	5.05964e-06	-0.546191
0.27087	0.544296	5.0416e-06	-0.546729
0.27151	0.544834	5.02259e-06	-0.547267
0.27215	0.54537	5.00261e-06	-0.547804
0.27279	0.545906	4.98168e-06	-0.54834
0.27343	0.546442	4.95979e-06	-0.548876
0.27407	0.546977	4.93694e-06	-0.549411
0.27471	0.547511	4.91317e-06	-0.549945
0.27535	0.548044	4.88846e-06	-0.550478
0.27599	0.548576	4.86283e-06	-0.551011
0.27663	0.549108	4.83629e-06	-0.551543
0.27727	0.549639	4.80884e-06	-0.552074
0.277783437	0.550065	4.78618e-06	-0.5525
0.27855	0.5507	4.78767e-06	-0.553135
0.27983	0.551757	4.78745e-06	-0.554192
0.28111	0.552812	4.78386e-06	-0.555248
0.28239	0.553864	4.77692e-06	-0.5563
0.28367	0.554913	4.76669e-06	-0.557349
0.28431	0.555437	4.76033e-06	-0.557873
0.28495	0.55596	4.75318e-06	-0.558396
0.28559	0.556481	4.7452e-06	-0.558918
0.28623	0.557003	4.73643e-06	-0.55944
0.28687	0.557524	4.72686e-06	-0.559961
0.28751	0.558044	4.71649e-06	-0.560481
0.28815	0.558564	4.70534e-06	-0.561001
0.28879	0.559083	4.6934e-06	-0.56152
0.28943	0.559601	4.68068e-06	-0.562038
0.29007	0.560119	4.66719e-06	-0.562556
0.29071	0.560635	4.65293e-06	-0.563073
0.29135	0.561152	4.63791e-06	-0.56359
0.29199	0.561667	4.62213e-06	-0.564105
0.29263	0.562182	4.60559e-06	-0.56462
0.29327	0.562697	4.58832e-06	-0.565135
0.29391	0.563211	4.5703e-06	-0.565649
0.29455	0.563724	4.55154e-06	-0.566162
0.29519	0.564236	4.53206e-06	-0.566674
0.29583	0.564747	4.51185e-06	-0.567186
0.29647	0.565259	4.49092e-06	-0.567698
0.29711	0.565769	4.46929e-06	-0.568208
0.29775	0.566279	4.44693e-06	-0.568718
0.298263437	0.566688	4.42851e-06	-0.569127
0.29903	0.567297	4.42869e-06	-0.569736
0.30031	0.568313	4.42686e-06	-0.570752
0.30159	0.569325	4.42236e-06	-0.571765
0.30287	0.570336	4.41521e-06	-0.572776
0.30351	0.57084	4.41066e-06	-0.57328
0.30415	0.571344	4.40546e-06	-0.573784
0.30479	0.571847	4.3996e-06	-0.574287
0.30543	0.57235	4.39311e-06	-0.57479
0.30607	0.572851	4.38598e-06	-0.575292
0.30671	0.573352	4.37822e-06	-0.575793
0.30735	0.573853	4.36982e-06	-0.576294
0.30799	0.574353	4.36075e-06	-0.576794
0.30863	0.574853	4.3511e-06	-0.577294
0.30927	0.575352	4.34083e-06	-0.577793
0.30991	0.57585	4.32994e-06	-0.578291
0.31055	0.576348	4.31845e-06	-0.578789
0.31119	0.576844	4.30634e-06	-0.579286
0.31183	0.577341	4.29363e-06	-0.579783
0.31247	0.577837	4.28032e-06	-0.580279
0.31311	0.578332	4.26642e-06	-0.580774
0.31375	0.578827	4.25192e-06	-0.581269
0.31439	0.579321	4.23684e-06	-0.581763
0.31503	0.579815	4.22117e-06	-0.582257
0.31567	0.580308	4.20492e-06	-0.58275
0.31631	0.5808	4.1881e-06	-0.583243
0.31695	0.581292	4.17072e-06	-0.583735
0.31759	0.581783	4.15276e-06	-0.584226
0.31823	0.582274	4.13424e-06	-0.584717
0.318743437	0.582667	4.119e-06	-0.58511
0.31951	0.583254	4.12736e-06	-0.585697
0.32015	0.583743	4.13379e-06	-0.586186
0.32079	0.584232	4.13969e-06	-0.586675
0.32143	0.58472	4.14506e-06	-0.587163
0.32207	0.585206	4.14992e-06	-0.58765
0.32271	0.585693	4.15427e-06	-0.588137
0.32399	0.586665	4.16142e-06	-0.589109
0.32527	0.587635	4.16653e-06	-0.590079
0.32655	0.588603	4.16961e-06	-0.591047
0.32783	0.589567	4.17069e-06	-0.592012
0.32911	0.59053	4.16978e-06	-0.592975
0.33039	0.591492	4.16689e-06	-0.593937
0.33167	0.592451	4.16205e-06	-0.594896
0.33295	0.593408	4.15528e-06	-0.595853
0.33423	0.594362	4.14659e-06	-0.596808
0.33487	0.594838	4.14154e-06	-0.597284
0.33551	0.595314	4.13602e-06	-0.59776
0.33615	0.59579	4.13003e-06	-0.598236
0.33679	0.596265	4.12358e-06	-0.598711
0.33743	0.596739	4.11665e-06	-0.599185
0.33807	0.597213	4.10928e-06	-0.599659
0.33871	0.597687	4.10143e-06	-0.600133
0.33935	0.598159	4.09314e-06	-0.600606
0.33999	0.598631	4.0844e-06	-0.601078
0.34063	0.599103	4.07521e-06	-0.60155
0.34127	0.599574	4.06557e-06	-0.602021
0.34191	0.600045	4.05549e-06	-0.602492
0.34255	0.600516	4.04496e-06	-0.602963
0.34319	0.600986	4.03401e-06	-0.603433
0.34383	0.601455	4.02261e-06	-0.603902
0.34447	0.601924	4.01079e-06	-0.604371
0.34511	0.602391	3.99853e-06	-0.604839
0.34575	0.602859	3.98586e-06	-0.605307
0.34639	0.603327	3.97275e-06	-0.605775
0.34703	0.603793	3.95923e-06	-0.606241
0.34767	0.60426	3.94529e-06	-0.606708
0.34831	0.604726	3.93095e-06	-0.607174
0.34895	0.605191	3.91619e-06	-0.607639
0.34959	0.605656	3.90102e-06	-0.608104
0.35023	0.60612	3.88544e-06	-0.608568
0.35087	0.606584	3.86946e-06	-0.609032
0.35151	0.607047	3.85309e-06	-0.609496
0.35215	0.60751	3.83633e-06	-0.609959
0.35279	0.607972	3.81917e-06	-0.610421
0.35343	0.608434	3.80162e-06	-0.610883
0.35407	0.608896	3.78368e-06	-0.611345
0.35471	0.609357	3.76537e-06	-0.611806
0.35535	0.609817	3.74667e-06	-0.612266
0.35599	0.610277	3.7276e-06	-0.612726
0.35663	0.610737	3.70816e-06	-0.613186
0.35727	0.611195	3.68835e-06	-0.613645
0.35791	0.611653	3.66817e-06	-0.614103
0.35855	0.612112	3.64763e-06	-0.614562
0.35919	0.612569	3.62673e-06	-0.615019
0.359703437	0.612936	3.6097e-06	-0.615386
0.36047	0.613483	3.61434e-06	-0.615933
0.36175	0.614395	3.62095e-06	-0.616845
0.36303	0.615305	3.62615e-06	-0.617755
0.36431	0.616213	3.62996e-06	-0.618664
0.36559	0.617119	3.63237e-06	-0.61957
0.36687	0.618024	3.6334e-06	-0.620475
0.36815	0.618927	3.63307e-06	-0.621378
0.36943	0.619828	3.63138e-06	-0.622279
0.37071	0.620726	3.62835e-06	-0.623178
0.37199	0.621623	3.62399e-06	-0.624075
0.37327	0.622519	3.61832e-06	-0.624971
0.37455	0.623413	3.61134e-06	-0.625865
0.37519	0.623859	3.60736e-06	-0.626311
0.37583	0.624305	3.60307e-06	-0.626757
0.37647	0.62475	3.59845e-06	-0.627202
0.37711	0.625194	3.59352e-06	-0.627647
0.37775	0.625638	3.58827e-06	-0.628091
0.37839	0.626083	3.58271e-06	-0.628536
0.37903	0.626526	3.57683e-06	-0.628979
0.37967	0.626969	3.57065e-06	-0.629422
0.38031	0.627412	3.56415e-06	-0.629865
0.38095	0.627854	3.55735e-06	-0.630307
0.38159	0.628296	3.55025e-06	-0.630749
0.38223	0.628738	3.54284e-06	-0.631191
0.38287	0.629179	3.53512e-06	-0.631632
0.38351	0.629619	3.52711e-06	-0.632072
0.38415	0.630059	3.5188e-06	-0.632513
0.38479	0.630498	3.5102e-06	-0.632952
0.38543	0.630938	3.5013e-06	-0.633392
0.38607	0.631376	3.49211e-06	-0.63383
0.38671	0.631815	3.48262e-06	-0.634269
0.38735	0.632253	3.47285e-06	-0.634707
0.38799	0.632691	3.46279e-06	-0.635145
0.38863	0.633128	3.45245e-06	-0.635582
0.38927	0.633565	3.44182e-06	-0.636019
0.38991	0.634001	3.43092e-06	-0.636455
0.39055	0.634436	3.41973e-06	-0.636891
0.39119	0.634872	3.40827e-06	-0.637327
0.39183	0.635307	3.39653e-06	-0.637762
0.39247	0.635742	3.38453e-06	-0.638197
0.39311	0.636176	3.37225e-06	-0.638631
0.39375	0.63661	3.35969e-06	-0.639065
0.39439	0.637043	3.34688e-06	-0.639498
0.39503	0.637476	3.3338e-06	-0.639931
0.39567	0.637909	3.32046e-06	-0.640364
0.39631	0.638341	3.30685e-06	-0.640796
0.39695	0.638773	3.29298e-06	-0.641228
0.39759	0.639204	3.27886e-06	-0.64166
0.39823	0.639635	3.26449e-06	-0.642091
0.39887	0.640065	3.24986e-06	-0.642521
0.39951	0.640496	3.23498e-06	-0.642952
0.40015	0.640925	3.21985e-06	-0.643381
0.400663437	0.64127	3.20753e-06	-0.643726
0.40207	0.642213	3.21186e-06	-0.644669
0.40335	0.643069	3.21475e-06	-0.645525
0.40463	0.643923	3.21665e-06	-0.646379
0.40591	0.644775	3.21756e-06	-0.647232
0.40719	0.645627	3.2175e-06	-0.648084
0.40847	0.646477	3.21647e-06	-0.648934
0.40975	0.647325	3.21448e-06	-0.649782
0.41103	0.648172	3.21153e-06	-0.650629
0.41231	0.649017	3.20765e-06	-0.651474
0.41359	0.64986	3.20282e-06	-0.652318
0.41487	0.650702	3.19708e-06	-0.65316
0.41551	0.651123	3.19386e-06	-0.653581
0.41615	0.651543	3.19041e-06	-0.654001
0.41679	0.651962	3.18674e-06	-0.65442
0.41743	0.652382	3.18283e-06	-0.65484
0.41807	0.652801	3.17871e-06	-0.655259
0.41871	0.65322	3.17436e-06	-0.655678
0.41935	0.653638	3.16979e-06	-0.656096
0.41999	0.654056	3.165e-06	-0.656514
0.42063	0.654473	3.15999e-06	-0.656931
0.42127	0.65489	3.15476e-06	-0.657349
0.42191	0.655306	3.14931e-06	-0.657765
0.42255	0.655723	3.14364e-06	-0.658182
0.42319	0.656139	3.13777e-06	-0.658598
0.42383	0.656555	3.13168e-06	-0.659014
0.42447	0.65697	3.12537e-06	-0.659429
0.42511	0.657385	3.11885e-06	-0.659844
0.42575	0.6578	3.11212e-06	-0.660259
0.42639	0.658214	3.10519e-06	-0.660673
0.42703	0.658628	3.09804e-06	-0.661087
0.42767	0.659041	3.09069e-06	-0.6615
0.42831	0.659454	3.08313e-06	-0.661913
0.42895	0.659867	3.07538e-06	-0.662326
0.42959	0.660279	3.06742e-06	-0.662739
0.43023	0.660691	3.05925e-06	-0.663151
0.43087	0.661103	3.05089e-06	-0.663563
0.43151	0.661514	3.04232e-06	-0.663974
0.43215	0.661925	3.03356e-06	-0.664385
0.43279	0.662336	3.02461e-06	-0.664796
0.43343	0.662746	3.01546e-06	-0.665206
0.43407	0.663156	3.00611e-06	-0.665616
0.43471	0.663566	2.99657e-06	-0.666026
0.43535	0.663975	2.98685e-06	-0.666435
0.43599	0.664384	2.97693e-06	-0.666844
0.43663	0.664792	2.96682e-06	-0.667252
0.43727	0.6652	2.95653e-06	-0.66766
0.43791	0.665607	2.94605e-06	-0.668068
0.43855	0.666015	2.93539e-06	-0.668476
0.43919	0.666422	2.92455e-06	-0.668883
0.43983	0.666829	2.91351e-06	-0.66929
0.44047	0.667235	2.90231e-06	-0.669696
0.44111	0.667642	2.89092e-06	-0.670103
0.441623437	0.667967	2.88166e-06	-0.670428
0.44303	0.668858	2.88375e-06	-0.671319
0.44431	0.669667	2.8849e-06	-0.672128
0.44559	0.670475	2.88532e-06	-0.672936
0.44687	0.67128	2.88501e-06	-0.673742
0.44815	0.672085	2.884e-06	-0.674547
0.44943	0.672889	2.88229e-06	-0.675351
0.45135	0.674092	2.87839e-06	-0.676554
0.45263	0.674893	2.87493e-06	-0.677355
0.45391	0.675692	2.87079e-06	-0.678154
0.45583	0.676887	2.86329e-06	-0.67935
0.45711	0.677683	2.85746e-06	-0.680146
0.45775	0.678081	2.85429e-06	-0.680544
0.45839	0.678478	2.85096e-06	-0.680941
0.45903	0.678875	2.84747e-06	-0.681338
0.46031	0.679667	2.83998e-06	-0.68213
0.46095	0.680063	2.83601e-06	-0.682526
0.46159	0.680459	2.83186e-06	-0.682922
0.46223	0.680853	2.82755e-06	-0.683317
0.46287	0.681248	2.82309e-06	-0.683712
0.46351	0.681642	2.81847e-06	-0.684106
0.46479	0.68243	2.80875e-06	-0.684894
0.46543	0.682824	2.80366e-06	-0.685288
0.46607	0.683217	2.79841e-06	-0.685681
0.46671	0.68361	2.79301e-06	-0.686074
0.46735	0.684003	2.78745e-06	-0.686467
0.46799	0.684395	2.78174e-06	-0.686859
0.46927	0.685179	2.76987e-06	-0.687643
0.46991	0.68557	2.76371e-06	-0.688034
0.47055	0.685961	2.7574e-06	-0.688426
0.47119	0.686351	2.75094e-06	-0.688816
0.47183	0.686742	2.74434e-06	-0.689207
0.47247	0.687132	2.73759e-06	-0.689597
0.47375	0.687911	2.72365e-06	-0.690376
0.47439	0.688301	2.71646e-06	-0.690766
0.47503	0.68869	2.70914e-06	-0.691155
0.47567	0.689078	2.70167e-06	-0.691543
0.47631	0.689467	2.69405e-06	-0.691932
0.47695	0.689854	2.68631e-06	-0.692319
0.47823	0.69063	2.67038e-06	-0.693095
0.47887	0.691016	2.66222e-06	-0.693482
0.47951	0.691403	2.65392e-06	-0.693869
0.48015	0.691789	2.64548e-06	-0.694255
0.48079	0.692175	2.63691e-06	-0.694641
0.48143	0.692561	2.62821e-06	-0.695027
0.482583437	0.693256	2.61218e-06	-0.695722
0.48399	0.694102	2.61292e-06	-0.696568
0.48527	0.69487	2.61303e-06	-0.697336
0.48719	0.696021	2.61218e-06	-0.698487
0.48847	0.696785	2.61094e-06	-0.699252
0.48975	0.69755	2.60916e-06	-0.700017
0.49167	0.698694	2.60552e-06	-0.701161
0.49295	0.699456	2.60243e-06	-0.701923
0.49423	0.700216	2.59884e-06	-0.702683
0.49615	0.701354	2.59248e-06	-0.703821
0.49743	0.702112	2.5876e-06	-0.704579
0.49807	0.702489	2.58498e-06	-0.704957
0.49871	0.702867	2.58223e-06	-0.705335
0.49935	0.703245	2.57935e-06	-0.705713
0.50063	0.703999	2.57323e-06	-0.706467
0.50127	0.704376	2.56997e-06	-0.706844
0.50191	0.704753	2.56661e-06	-0.707221
0.50255	0.705129	2.56312e-06	-0.707597
0.50319	0.705505	2.55952e-06	-0.707973
0.50383	0.705881	2.55579e-06	-0.708349
0.50511	0.706632	2.54798e-06	-0.7091
0.50575	0.707007	2.54391e-06	-0.709475
0.50639	0.707381	2.53971e-06	-0.709849
0.50703	0.707756	2.53539e-06	-0.710224
0.50767	0.708129	2.53096e-06	-0.710597
0.50831	0.708502	2.52641e-06	-0.710971
0.50959	0.709249	2.51697e-06	-0.711718
0.51023	0.709622	2.51208e-06	-0.712091
0.51087	0.709995	2.50707e-06	-0.712464
0.51151	0.710367	2.50196e-06	-0.712836
0.51215	0.710739	2.49673e-06	-0.713208
0.51279	0.711111	2.49139e-06	-0.71358
0.51407	0.711854	2.48038e-06	-0.714323
0.51471	0.712225	2.47471e-06	-0.714694
0.51535	0.712596	2.46892e-06	-0.715065
0.51599	0.712967	2.46304e-06	-0.715436
0.51663	0.713337	2.45704e-06	-0.715806
0.51727	0.713707	2.45094e-06	-0.716176
0.51855	0.714445	2.43842e-06	-0.716915
0.51919	0.714814	2.43201e-06	-0.717284
0.51983	0.715183	2.42548e-06	-0.717653
0.52047	0.715552	2.41885e-06	-0.718022
0.52111	0.71592	2.41213e-06	-0.71839
0.52175	0.716288	2.40529e-06	-0.718758
0.52303	0.717024	2.39132e-06	-0.719494
0.523543437	0.717318	2.38561e-06	-0.719788
0.52495	0.718125	2.38554e-06	-0.720595
0.52623	0.718858	2.38503e-06	-0.721328
0.52751	0.71959	2.38411e-06	-0.72206
0.52879	0.72032	2.38277e-06	-0.722791
0.53007	0.721049	2.38102e-06	-0.72352
0.53199	0.722142	2.37764e-06	-0.724613
0.53327	0.722869	2.37488e-06	-0.72534
0.53455	0.723595	2.37173e-06	-0.726066
0.53647	0.724682	2.36626e-06	-0.727153
0.53775	0.725406	2.36212e-06	-0.727877
0.53903	0.726127	2.35759e-06	-0.728599
0.53967	0.726488	2.35519e-06	-0.72896
0.54095	0.727209	2.35009e-06	-0.729681
0.54159	0.72757	2.34741e-06	-0.730042
0.54223	0.727929	2.34462e-06	-0.730401
0.54287	0.728289	2.34174e-06	-0.730761
0.54351	0.728648	2.33877e-06	-0.73112
0.54415	0.729007	2.33571e-06	-0.731479
0.54543	0.729725	2.3293e-06	-0.732197
0.54671	0.730442	2.32253e-06	-0.732914
0.54799	0.731157	2.3154e-06	-0.733629
0.54927	0.731871	2.3079e-06	-0.734344
0.55055	0.732585	2.30006e-06	-0.735058
0.55183	0.733297	2.29186e-06	-0.73577
0.55311	0.734009	2.28331e-06	-0.736482
0.55439	0.73472	2.27443e-06	-0.737193
0.55567	0.735429	2.2652e-06	-0.737902
0.55695	0.736138	2.25563e-06	-0.738611
0.55823	0.736846	2.24573e-06	-0.739319
0.55951	0.737552	2.2355e-06	-0.740026
0.56079	0.738258	2.22495e-06	-0.740732
0.56207	0.738963	2.21407e-06	-0.741437
0.56335	0.739667	2.20288e-06	-0.742141
0.564503437	0.7403	2.19253e-06	-0.742774
0.56591	0.741072	2.19194e-06	-0.743546
0.56847	0.742473	2.18987e-06	-0.744947
0.57103	0.74387	2.18652e-06	-0.746345
0.57359	0.745264	2.18189e-06	-0.747739
0.57487	0.74596	2.17911e-06	-0.748435
0.57615	0.746655	2.17601e-06	-0.74913
0.57743	0.747349	2.1726e-06	-0.749824
0.57871	0.748042	2.16889e-06	-0.750517
0.57999	0.748733	2.16488e-06	-0.751209
0.58127	0.749424	2.16057e-06	-0.7519
0.58255	0.750114	2.15596e-06	-0.75259
0.58383	0.750803	2.15105e-06	-0.753279
0.58511	0.751492	2.14585e-06	-0.753968
0.58639	0.75218	2.14036e-06	-0.754656
0.58767	0.752866	2.13459e-06	-0.755342
0.58895	0.753552	2.12853e-06	-0.756028
0.59023	0.754236	2.12218e-06	-0.756713
0.59151	0.75492	2.11556e-06	-0.757397
0.59279	0.755603	2.10867e-06	-0.75808
0.59407	0.756286	2.10149e-06	-0.758763
0.59535	0.756967	2.09405e-06	-0.759444
0.59663	0.757648	2.08634e-06	-0.760125
0.59791	0.758327	2.07837e-06	-0.760804
0.59919	0.759006	2.07013e-06	-0.761483
0.60047	0.759683	2.06163e-06	-0.762161
0.60175	0.76036	2.05287e-06	-0.762838
0.60303	0.761037	2.04387e-06	-0.763515
0.60431	0.761712	2.03461e-06	-0.76419
0.605463437	0.76232	2.02605e-06	-0.764798
0.60687	0.763061	2.02916e-06	-0.765539
0.60815	0.763734	2.03173e-06	-0.766212
0.60943	0.764406	2.03404e-06	-0.766884
0.61071	0.765077	2.03609e-06	-0.767555
0.61327	0.766416	2.03943e-06	-0.768895
0.61583	0.767753	2.04177e-06	-0.770232
0.61839	0.769087	2.04311e-06	-0.771566
0.62095	0.770417	2.04347e-06	-0.772896
0.62351	0.771744	2.04286e-06	-0.774223
0.62607	0.773067	2.04129e-06	-0.775547
0.62863	0.774388	2.03877e-06	-0.776868
0.63119	0.775705	2.03532e-06	-0.778185
0.63247	0.776363	2.03326e-06	-0.778843
0.63375	0.777019	2.03096e-06	-0.779499
0.63503	0.777675	2.02844e-06	-0.780155
0.63631	0.77833	2.0257e-06	-0.78081
0.63759	0.778985	2.02273e-06	-0.781465
0.63887	0.779639	2.01954e-06	-0.782119
0.64015	0.78029	2.01613e-06	-0.782771
0.64143	0.780943	2.01251e-06	-0.783424
0.64271	0.781594	2.00866e-06	-0.784075
0.64399	0.782244	2.00461e-06	-0.784725
0.64527	0.782894	2.00034e-06	-0.785375
0.64655	0.783543	1.99587e-06	-0.786024
0.64783	0.784192	1.99118e-06	-0.786673
0.64911	0.784839	1.98629e-06	-0.78732
0.65039	0.785486	1.98119e-06	-0.787967
0.65167	0.786132	1.97589e-06	-0.788613
0.65295	0.786777	1.97039e-06	-0.789258
0.65423	0.787421	1.96469e-06	-0.789903
0.65551	0.788065	1.9588e-06	-0.790547
0.65679	0.788708	1.9527e-06	-0.79119
0.65807	0.78935	1.94642e-06	-0.791832
0.65935	0.789992	1.93994e-06	-0.792474
0.66063	0.790632	1.93327e-06	-0.793114
0.66191	0.791272	1.92642e-06	-0.793754
0.66319	0.791912	1.91937e-06	-0.794394
0.66447	0.79255	1.91215e-06	-0.795032
0.66575	0.793188	1.90474e-06	-0.79567
0.66703	0.793824	1.89715e-06	-0.796307
0.66831	0.794461	1.88938e-06	-0.796944
0.66959	0.795097	1.88144e-06	-0.79758
0.67087	0.795732	1.87333e-06	-0.798215
0.67215	0.796366	1.86503e-06	-0.798849
0.67343	0.797	1.85657e-06	-0.799483
0.67471	0.797632	1.84794e-06	-0.800115
0.67599	0.798265	1.83914e-06	-0.800748
0.67727	0.798896	1.83017e-06	-0.801379
0.67855	0.799527	1.82105e-06	-0.80201
0.67983	0.800157	1.81176e-06	-0.80264
0.68111	0.800785	1.80231e-06	-0.803269
0.68239	0.801414	1.79271e-06	-0.803898
0.68367	0.802042	1.78294e-06	-0.804526
0.68495	0.802669	1.77302e-06	-0.805153
0.68623	0.803296	1.76296e-06	-0.80578
0.687383437	0.803859	1.75376e-06	-0.806343
0.69007	0.805171	1.75654e-06	-0.807655
0.69263	0.806418	1.75848e-06	-0.808902
0.69519	0.807662	1.75975e-06	-0.810146
0.69775	0.808903	1.76035e-06	-0.811388
0.70031	0.810142	1.76029e-06	-0.812627
0.70287	0.811378	1.75959e-06	-0.813863
0.70543	0.812611	1.75823e-06	-0.815096
0.70799	0.813842	1.75623e-06	-0.816327
0.71055	0.81507	1.75361e-06	-0.817555
0.71311	0.816294	1.75037e-06	-0.81878
0.71439	0.816906	1.74851e-06	-0.819392
0.71567	0.817517	1.74651e-06	-0.820003
0.71695	0.818128	1.74436e-06	-0.820614
0.71823	0.818738	1.74206e-06	-0.821224
0.71951	0.819347	1.7396e-06	-0.821833
0.72079	0.819955	1.737e-06	-0.822441
0.72207	0.820563	1.73426e-06	-0.823049
0.72335	0.821171	1.73136e-06	-0.823657
0.72463	0.821777	1.72833e-06	-0.824263
0.72591	0.822383	1.72514e-06	-0.824869
0.72719	0.822989	1.72182e-06	-0.825475
0.72847	0.823592	1.71836e-06	-0.826079
0.72975	0.824196	1.71476e-06	-0.826683
0.73103	0.8248	1.71102e-06	-0.827287
0.73231	0.825403	1.70714e-06	-0.82789
0.73359	0.826005	1.70313e-06	-0.828492
0.73487	0.826607	1.69897e-06	-0.829094
0.73615	0.827208	1.69469e-06	-0.829695
0.73743	0.827808	1.69027e-06	-0.830295
0.73871	0.828408	1.68572e-06	-0.830895
0.73999	0.829007	1.68105e-06	-0.831494
0.74127	0.829605	1.67624e-06	-0.832092
0.74255	0.830203	1.6713e-06	-0.83269
0.74383	0.8308	1.66624e-06	-0.833287
0.74511	0.831396	1.66104e-06	-0.833884
0.74639	0.831992	1.65573e-06	-0.83448
0.74767	0.832588	1.65028e-06	-0.835076
0.74895	0.833182	1.64472e-06	-0.83567
0.75023	0.833777	1.63904e-06	-0.836265
0.75151	0.83437	1.63324e-06	-0.836858
0.75279	0.834963	1.62731e-06	-0.837451
0.75407	0.835556	1.62127e-06	-0.838044
0.75535	0.836148	1.61511e-06	-0.838636
0.75663	0.836739	1.60884e-06	-0.839227
0.75791	0.83733	1.60246e-06	-0.839818
0.75919	0.83792	1.59595e-06	-0.840408
0.76047	0.838509	1.58934e-06	-0.840997
0.76175	0.839097	1.58261e-06	-0.841586
0.76303	0.839685	1.57578e-06	-0.842174
0.76431	0.840273	1.56883e-06	-0.842762
0.76559	0.84086	1.56178e-06	-0.843349
0.76687	0.841447	1.55463e-06	-0.843936
0.76815	0.842033	1.54736e-06	-0.844522
0.769303437	0.84256	1.54073e-06	-0.845049
0.77199	0.843787	1.54193e-06	-0.846276
0.77455	0.844954	1.54259e-06	-0.847443
0.77711	0.846118	1.54278e-06	-0.848607
0.77967	0.847279	1.54252e-06	-0.849769
0.78223	0.848439	1.54178e-06	-0.850929
0.78479	0.849597	1.5406e-06	-0.852087
0.78735	0.850752	1.53897e-06	-0.853242
0.78991	0.851905	1.5369e-06	-0.854395
0.79247	0.853056	1.53439e-06	-0.855546
0.79503	0.854204	1.53145e-06	-0.856695
0.79631	0.854778	1.52981e-06	-0.857269
0.79759	0.855351	1.52807e-06	-0.857842
0.79887	0.855923	1.52624e-06	-0.858414
0.80015	0.856495	1.52429e-06	-0.858986
0.80143	0.857066	1.52224e-06	-0.859557
0.80271	0.857637	1.52008e-06	-0.860128
0.80399	0.858207	1.51783e-06	-0.860698
0.80527	0.858777	1.51547e-06	-0.861268
0.80655	0.859346	1.51302e-06	-0.861837
0.80783	0.859915	1.51046e-06	-0.862406
0.80911	0.860483	1.5078e-06	-0.862974
0.81039	0.86105	1.50505e-06	-0.863542
0.81167	0.861617	1.50219e-06	-0.864109
0.81295	0.862183	1.49924e-06	-0.864675
0.81423	0.862749	1.49619e-06	-0.865241
0.81551	0.863315	1.49305e-06	-0.865807
0.81679	0.863879	1.48981e-06	-0.866371
0.81807	0.864444	1.48648e-06	-0.866936
0.81935	0.865008	1.48305e-06	-0.8675
0.82063	0.865571	1.47953e-06	-0.868063
0.82191	0.866134	1.47592e-06	-0.868626
0.82319	0.866696	1.47222e-06	-0.869188
0.82447	0.867258	1.46843e-06	-0.86975
0.82575	0.867819	1.46455e-06	-0.870311
0.82703	0.868379	1.46058e-06	-0.870872
0.82831	0.868939	1.45652e-06	-0.871432
0.82959	0.869499	1.45237e-06	-0.871992
0.83087	0.870058	1.44814e-06	-0.872551
0.83215	0.870617	1.44382e-06	-0.87311
0.83343	0.871175	1.43942e-06	-0.873668
0.83471	0.871732	1.43493e-06	-0.874225
0.83599	0.87229	1.43035e-06	-0.874783
0.83727	0.872846	1.4257e-06	-0.875339
0.83855	0.873402	1.42096e-06	-0.875895
0.83983	0.873958	1.41614e-06	-0.876451
0.84111	0.874513	1.41123e-06	-0.877006
0.84239	0.875068	1.40626e-06	-0.877561
0.84367	0.875621	1.4012e-06	-0.878115
0.84495	0.876174	1.39606e-06	-0.878668
0.84623	0.876728	1.39084e-06	-0.879222
0.84751	0.87728	1.38554e-06	-0.879774
0.84879	0.877832	1.38018e-06	-0.880326
0.85007	0.878384	1.37473e-06	-0.880878
0.851223437	0.878881	1.36976e-06	-0.881375
0.85391	0.880036	1.37009e-06	-0.88253
0.85647	0.881135	1.37005e-06	-0.883629
0.85903	0.882231	1.36968e-06	-0.884725
0.86159	0.883325	1.36896e-06	-0.88582
0.86415	0.884418	1.36792e-06	-0.886913
0.86671	0.885509	1.36656e-06	-0.888004
0.86927	0.886598	1.36488e-06	-0.889093
0.87183	0.887686	1.36287e-06	-0.890181
0.87439	0.888771	1.36055e-06	-0.891266
0.87695	0.889854	1.35792e-06	-0.892349
0.87823	0.890395	1.35649e-06	-0.89289
0.87951	0.890936	1.35498e-06	-0.893431
0.88079	0.891476	1.3534e-06	-0.893971
0.88207	0.892014	1.35174e-06	-0.89451
0.88335	0.892553	1.35001e-06	-0.895049
0.88463	0.893092	1.34821e-06	-0.895588
0.88591	0.89363	1.34632e-06	-0.896126
0.88719	0.894168	1.34437e-06	-0.896664
0.88847	0.894705	1.34234e-06	-0.897201
0.88975	0.895242	1.34024e-06	-0.897738
0.89103	0.895778	1.33807e-06	-0.898274
0.89231	0.896314	1.33583e-06	-0.89881
0.89359	0.89685	1.33352e-06	-0.899346
0.89487	0.897384	1.33113e-06	-0.89988
0.89615	0.897919	1.32868e-06	-0.900415
0.89743	0.898453	1.32615e-06	-0.900949
0.89871	0.898986	1.32356e-06	-0.901482
0.89999	0.89952	1.3209e-06	-0.902016
0.90127	0.900052	1.31817e-06	-0.902548
0.90255	0.900583	1.31537e-06	-0.90308
0.90383	0.901115	1.31251e-06	-0.903612
0.90511	0.901647	1.30958e-06	-0.904144
0.90639	0.902177	1.30658e-06	-0.904674
0.90767	0.902708	1.30352e-06	-0.905205
0.90895	0.903238	1.30039e-06	-0.905735
0.91023	0.903767	1.2972e-06	-0.906264
0.91151	0.904296	1.29395e-06	-0.906793
0.91279	0.904825	1.29062e-06	-0.907322
0.91407	0.905353	1.28725e-06	-0.90785
0.91535	0.905881	1.28381e-06	-0.908378
0.91663	0.906408	1.2803e-06	-0.908905
0.91791	0.906935	1.27673e-06	-0.909432
0.91919	0.907462	1.27311e-06	-0.909959
0.92047	0.907988	1.26941e-06	-0.910485
0.92175	0.908513	1.26566e-06	-0.91101
0.92303	0.909037	1.26186e-06	-0.911535
0.92431	0.909562	1.25799e-06	-0.91206
0.92559	0.910086	1.25406e-06	-0.912584
0.92687	0.91061	1.25008e-06	-0.913108
0.92815	0.911133	1.24604e-06	-0.913631
0.92943	0.911656	1.24194e-06	-0.914154
0.93071	0.912179	1.23779e-06	-0.914677
0.93199	0.912701	1.23358e-06	-0.915199
0.933143437	0.913171	1.22974e-06	-0.915669
0.93583	0.914265	1.22956e-06	-0.916763
0.93839	0.915305	1.22915e-06	-0.917803
0.94095	0.916343	1.22848e-06	-0.918841
0.94351	0.91738	1.22756e-06	-0.919879
0.94607	0.918415	1.2264e-06	-0.920914
0.94863	0.919448	1.225e-06	-0.921947
0.95119	0.92048	1.22336e-06	-0.922979
0.95375	0.92151	1.22148e-06	-0.924009
0.95631	0.922539	1.21937e-06	-0.925038
0.95887	0.923566	1.21703e-06	-0.926065
0.96015	0.924079	1.21578e-06	-0.926578
0.96143	0.924591	1.21447e-06	-0.92709
0.96271	0.925103	1.2131e-06	-0.927602
0.96399	0.925614	1.21167e-06	-0.928114
0.96527	0.926125	1.21019e-06	-0.928625
0.96655	0.926636	1.20866e-06	-0.929136
0.96783	0.927146	1.20707e-06	-0.929646
0.96911	0.927656	1.20543e-06	-0.930156
0.97039	0.928166	1.20373e-06	-0.930666
0.97167	0.928675	1.20198e-06	-0.931175
0.97295	0.929184	1.20017e-06	-0.931684
0.97423	0.929692	1.19831e-06	-0.932192
0.97551	0.9302	1.19639e-06	-0.9327
0.97679	0.930708	1.19443e-06	-0.933208
0.97807	0.931215	1.19241e-06	-0.933715
0.97935	0.931722	1.19035e-06	-0.934222
0.98063	0.932228	1.18823e-06	-0.934728
0.98191	0.932734	1.18605e-06	-0.935234
0.98319	0.93324	1.18383e-06	-0.93574
0.98447	0.933744	1.18156e-06	-0.936245
0.98575	0.934249	1.17923e-06	-0.93675
0.98703	0.934753	1.17686e-06	-0.937254
0.98831	0.935258	1.17444e-06	-0.937759
0.98959	0.935761	1.17197e-06	-0.938262
0.99087	0.936265	1.16945e-06	-0.938766
0.99215	0.936767	1.16688e-06	-0.939268
0.99343	0.93727	1.16426e-06	-0.939771
0.99471	0.937772	1.1616e-06	-0.940273
0.99599	0.938274	1.15889e-06	-0.940775
0.99727	0.938775	1.15613e-06	-0.941276
0.99855	0.939276	1.15332e-06	-0.941777
0.99983	0.939776	1.15048e-06	-0.942277
1.00111	0.940277	1.14758e-06	-0.942778
1.00239	0.940776	1.14463e-06	-0.943277
1.00367	0.941276	1.14164e-06	-0.943777
1.00495	0.941774	1.13861e-06	-0.944276
1.00623	0.942272	1.13554e-06	-0.944774
1.00751	0.942771	1.13242e-06	-0.945273
1.00879	0.943268	1.12925e-06	-0.94577
1.01007	0.943766	1.12605e-06	-0.946268
1.01135	0.944263	1.12279e-06	-0.946765
1.01263	0.94476	1.1195e-06	-0.947262
1.01391	0.945256	1.11616e-06	-0.947758
1.01506344	0.945703	1.11312e-06	-0.948205
1.01775	0.946743	1.11266e-06	-0.949245
1.02031	0.947732	1.11204e-06	-0.950234
1.02287	0.94872	1.11123e-06	-0.951222
1.02543	0.949706	1.11023e-06	-0.952209
1.02799	0.950691	1.10904e-06	-0.953194
1.03055	0.951674	1.10768e-06	-0.954177
1.03311	0.952656	1.10613e-06	-0.955159
1.03567	0.953636	1.10439e-06	-0.956139
1.03823	0.954615	1.10249e-06	-0.957118
1.04079	0.955593	1.10041e-06	-0.958096
1.04207	0.956081	1.0993e-06	-0.958584
1.04335	0.956569	1.09816e-06	-0.959072
1.04463	0.957057	1.09697e-06	-0.95956
1.04591	0.957543	1.09574e-06	-0.960047
1.04719	0.95803	1.09446e-06	-0.960534
1.04847	0.958516	1.09314e-06	-0.96102
1.04975	0.959002	1.09178e-06	-0.961506
1.05103	0.959488	1.09038e-06	-0.961992
1.05231	0.959973	1.08894e-06	-0.962477
1.05359	0.960459	1.08745e-06	-0.962963
1.05487	0.960943	1.08593e-06	-0.963447
1.05615	0.961428	1.08437e-06	-0.963932
1.05743	0.961912	1.08276e-06	-0.964416
1.05871	0.962395	1.08111e-06	-0.964899
1.05999	0.962879	1.07943e-06	-0.965383
1.06127	0.963361	1.0777e-06	-0.965865
1.06255	0.963844	1.07594e-06	-0.966348
1.06383	0.964326	1.07414e-06	-0.96683
1.06511	0.964808	1.07229e-06	-0.967312
1.06639	0.965289	1.07041e-06	-0.967794
1.06767	0.96577	1.06849e-06	-0.968275
1.06895	0.966251	1.06653e-06	-0.968756
1.07023	0.966731	1.06454e-06	-0.969236
1.07151	0.967211	1.06251e-06	-0.969716
1.07279	0.967691	1.06044e-06	-0.970196
1.07407	0.968171	1.05833e-06	-0.970676
1.07535	0.96865	1.05619e-06	-0.971155
1.07663	0.969128	1.054e-06	-0.971633
1.07791	0.969607	1.05179e-06	-0.972112
1.07919	0.970085	1.04953e-06	-0.97259
1.08047	0.970563	1.04724e-06	-0.973068
1.08175	0.97104	1.04492e-06	-0.973545
1.08303	0.971517	1.04256e-06	-0.974022
1.08431	0.971994	1.04016e-06	-0.974499
1.08559	0.97247	1.03773e-06	-0.974975
1.08687	0.972945	1.03527e-06	-0.975451
1.08815	0.973421	1.03277e-06	-0.975927
1.08943	0.973896	1.03024e-06	-0.976402
1.09071	0.974371	1.02767e-06	-0.976877
1.09199	0.974846	1.02507e-06	-0.977352
1.09327	0.975321	1.02244e-06	-0.977827
1.09455	0.975795	1.01977e-06	-0.978301
1.09698344	0.976695	1.01461e-06	-0.979201
1.09967	0.977687	1.014e-06	-0.980193
1.10351	0.979104	1.01286e-06	-0.98161
1.10735	0.980517	1.01139e-06	-0.983023
1.10991	0.981457	1.01023e-06	-0.983963
1.11247	0.982395	1.00893e-06	-0.984902
1.11503	0.983333	1.00749e-06	-0.98584
1.11759	0.98427	1.00591e-06	-0.986777
1.12015	0.985205	1.0042e-06	-0.987712
1.12399	0.986605	1.00136e-06	-0.989112
1.12655	0.987538	9.99313e-07	-0.990045
1.12783	0.988003	9.98238e-07	-0.99051
1.12911	0.988468	9.97125e-07	-0.990975
1.13039	0.988933	9.95985e-07	-0.99144
1.13295	0.989862	9.93603e-07	-0.992369
1.13423	0.990326	9.92367e-07	-0.992833
1.13551	0.99079	9.91094e-07	-0.993297
1.13679	0.991253	9.8979e-07	-0.99376
1.13807	0.991715	9.88459e-07	-0.994223
1.13935	0.992178	9.87093e-07	-0.994686
1.14191	0.993102	9.84265e-07	-0.99561
1.14319	0.993564	9.82808e-07	-0.996072
1.14447	0.994026	9.81321e-07	-0.996534
1.14575	0.994487	9.79799e-07	-0.996995
1.14703	0.994948	9.78248e-07	-0.997456
1.14831	0.995408	9.76669e-07	-0.997916
1.15087	0.996328	9.73417e-07	-0.998836
1.15215	0.996788	9.7175e-07	-0.999296
1.15343	0.997247	9.7005e-07	-0.999755
1.15471	0.997706	9.68322e-07	-1.000214
1.15599	0.998165	9.66563e-07	-1.000673
1.15727	0.998623	9.64779e-07	-1.001131
1.15983	0.999539	9.61121e-07	-1.002047
1.16111	0.999997	9.59248e-07	-1.002505
1.16239	1.00045	9.57348e-07	-1.002962
1.16367	1.00091	9.55421e-07	-1.003419
1.16495	1.00137	9.53466e-07	-1.003875
1.16623	1.00182	9.51482e-07	-1.004331
1.16879	1.00273	9.47435e-07	-1.005243
1.17007	1.00319	9.4537e-07	-1.005699
1.17135	1.00364	9.43279e-07	-1.006153
1.17263	1.0041	9.41162e-07	-1.006608
1.17391	1.00455	9.39017e-07	-1.007063
1.17519	1.00501	9.36847e-07	-1.007517
1.17775	1.00591	9.32427e-07	-1.008424
1.17890344	1.00632	9.30402e-07	-1.008833
1.18159	1.00727	9.31434e-07	-1.009783
1.18671	1.00908	9.33041e-07	-1.011591
1.19055	1.01043	9.33942e-07	-1.012944
1.19567	1.01223	9.34743e-07	-1.014743
1.19951	1.01358	9.35044e-07	-1.01609
1.20463	1.01537	9.35057e-07	-1.017881
1.20847	1.01671	9.34785e-07	-1.019222
1.21359	1.01849	9.34037e-07	-1.021005
1.21743	1.01983	9.3319e-07	-1.022339
1.22255	1.0216	9.31699e-07	-1.024115
1.22639	1.02293	9.30305e-07	-1.025444
1.22895	1.02382	9.29249e-07	-1.026328
1.23151	1.0247	9.28098e-07	-1.027211
1.23407	1.02558	9.26843e-07	-1.028093
1.23663	1.02646	9.25487e-07	-1.028974
1.24047	1.02778	9.23269e-07	-1.030294
1.24303	1.02866	9.21669e-07	-1.031172
1.24559	1.02954	9.19973e-07	-1.03205
1.24943	1.03085	9.1725e-07	-1.033363
1.25071	1.03129	9.16296e-07	-1.033801
1.25199	1.03173	9.15321e-07	-1.034238
1.25327	1.03216	9.14319e-07	-1.034675
1.25455	1.0326	9.13295e-07	-1.035111
1.25583	1.03304	9.1225e-07	-1.035548
1.25839	1.03391	9.10091e-07	-1.036419
1.25967	1.03434	9.08977e-07	-1.036855
1.26095	1.03478	9.07842e-07	-1.03729
1.26223	1.03521	9.06682e-07	-1.037725
1.26351	1.03565	9.05501e-07	-1.03816
1.26479	1.03608	9.043e-07	-1.038594
1.26735	1.03695	9.01826e-07	-1.039462
1.26863	1.03738	9.00555e-07	-1.039896
1.26991	1.03782	8.99269e-07	-1.040329
1.27119	1.03825	8.97958e-07	-1.040762
1.27247	1.03868	8.96623e-07	-1.041195
1.27375	1.03912	8.95268e-07	-1.041628
1.27631	1.03998	8.92501e-07	-1.042492
1.27759	1.04041	8.91083e-07	-1.042924
1.27887	1.04084	8.89644e-07	-1.043355
1.28015	1.04127	8.88188e-07	-1.043787
1.28143	1.04171	8.86707e-07	-1.044218
1.28271	1.04214	8.85211e-07	-1.044648
1.28527	1.043	8.82151e-07	-1.045509
1.28655	1.04343	8.80591e-07	-1.045939
1.28783	1.04386	8.79013e-07	-1.046369
1.28911	1.04428	8.77414e-07	-1.046798
1.29039	1.04471	8.75796e-07	-1.047227
1.29167	1.04514	8.7416e-07	-1.047656
1.29423	1.046	8.70826e-07	-1.048513
1.29551	1.04643	8.6913e-07	-1.048942
1.29679	1.04686	8.67417e-07	-1.04937
1.29807	1.04728	8.65684e-07	-1.049797
1.29935	1.04771	8.63929e-07	-1.050225
1.30063	1.04814	8.62159e-07	-1.050652
1.30319	1.04899	8.58563e-07	-1.051505
1.30447	1.04942	8.56735e-07	-1.051932
1.30575	1.04984	8.54894e-07	-1.052358
1.30703	1.05027	8.5303e-07	-1.052784
1.30831	1.0507	8.5115e-07	-1.053209
1.30959	1.05112	8.49253e-07	-1.053635
1.31215	1.05197	8.45404e-07	-1.054485
1.31343	1.0524	8.43454e-07	-1.054909
1.31471	1.05282	8.41487e-07	-1.055334
1.31599	1.05324	8.39501e-07	-1.055758
1.31727	1.05367	8.375e-07	-1.056182
1.31855	1.05409	8.35482e-07	-1.056605
1.32111	1.05494	8.31392e-07	-1.057452
1.32367	1.05578	8.27238e-07	-1.058297
1.32623	1.05663	8.23018e-07	-1.059142
1.32879	1.05747	8.18734e-07	-1.059985
1.33135	1.05831	8.14388e-07	-1.060828
1.33391	1.05915	8.09977e-07	-1.061669
1.33647	1.06	8.05506e-07	-1.06251
1.33903	1.06083	8.00974e-07	-1.063349
1.34159	1.06167	7.96382e-07	-1.064188
1.34274344	1.06205	7.94294e-07	-1.064566
1.34671	1.06335	7.94892e-07	-1.065862
1.35183	1.06502	7.95396e-07	-1.067533
1.35695	1.06668	7.95598e-07	-1.0692
1.36207	1.06835	7.95504e-07	-1.070863
1.36719	1.07001	7.95118e-07	-1.072522
1.37231	1.07166	7.94443e-07	-1.074177
1.37743	1.07331	7.93486e-07	-1.075829
1.38255	1.07496	7.92249e-07	-1.077476
1.38767	1.0766	7.90739e-07	-1.07912
1.39023	1.07743	7.89882e-07	-1.079941
1.39279	1.07824	7.88958e-07	-1.080761
1.39535	1.07906	7.87968e-07	-1.08158
1.39791	1.07988	7.86912e-07	-1.082398
1.40047	1.0807	7.85791e-07	-1.083215
1.40303	1.08151	7.84605e-07	-1.084031
1.40559	1.08233	7.83355e-07	-1.084846
1.40815	1.08314	7.82042e-07	-1.085661
1.41071	1.08396	7.80665e-07	-1.086474
1.41327	1.08477	7.79227e-07	-1.087287
1.41583	1.08558	7.77725e-07	-1.088098
1.41839	1.08639	7.76165e-07	-1.088909
1.42095	1.0872	7.74544e-07	-1.089719
1.42351	1.08801	7.72861e-07	-1.090528
1.42607	1.08882	7.71122e-07	-1.091336
1.42863	1.08963	7.69319e-07	-1.092143
1.43119	1.09043	7.67462e-07	-1.09295
1.43375	1.09124	7.65546e-07	-1.093755
1.43631	1.09204	7.63573e-07	-1.09456
1.43887	1.09285	7.61543e-07	-1.095363
1.44143	1.09365	7.59457e-07	-1.096166
1.44399	1.09445	7.57319e-07	-1.096968
1.44655	1.09525	7.55123e-07	-1.09777
1.44911	1.09605	7.52872e-07	-1.09857
1.45167	1.09685	7.50569e-07	-1.099369
1.45423	1.09765	7.48213e-07	-1.100168
1.45679	1.09845	7.45804e-07	-1.100966
1.45935	1.09924	7.43345e-07	-1.101762
1.46191	1.10004	7.40834e-07	-1.102558
1.46447	1.10084	7.38271e-07	-1.103354
1.46703	1.10163	7.35661e-07	-1.104148
1.46959	1.10242	7.32999e-07	-1.104941
1.47215	1.10322	7.30289e-07	-1.105734
1.47471	1.10401	7.27529e-07	-1.106526
1.47727	1.1048	7.24724e-07	-1.107317
1.47983	1.10559	7.21869e-07	-1.108107
1.48239	1.10638	7.1897e-07	-1.108896
1.48495	1.10717	7.16023e-07	-1.109685
1.48751	1.10795	7.13032e-07	-1.110472
1.49007	1.10874	7.09997e-07	-1.111259
1.49263	1.10952	7.06916e-07	-1.112045
1.49519	1.11031	7.03791e-07	-1.11283
1.49775	1.11109	7.00624e-07	-1.113615
1.50031	1.11188	6.97415e-07	-1.114398
1.50287	1.11266	6.94163e-07	-1.115181
1.50543	1.11344	6.9087e-07	-1.115963
1.50658344	1.11379	6.89373e-07	-1.116315
1.51055	1.115	6.89522e-07	-1.117524
1.51567	1.11656	6.89531e-07	-1.119082
1.52079	1.11812	6.89335e-07	-1.120637
1.52591	1.11967	6.88936e-07	-1.122189
1.53103	1.12122	6.88338e-07	-1.123738
1.53615	1.12276	6.87543e-07	-1.125284
1.54127	1.12431	6.86555e-07	-1.126826
1.54639	1.12584	6.85375e-07	-1.128365
1.55151	1.12738	6.84008e-07	-1.129901
1.55407	1.12815	6.83254e-07	-1.130668
1.55663	1.12891	6.82455e-07	-1.131434
1.55919	1.12968	6.8161e-07	-1.1322
1.56175	1.13044	6.8072e-07	-1.132964
1.56431	1.13121	6.79785e-07	-1.133728
1.56687	1.13197	6.78805e-07	-1.134491
1.56943	1.13273	6.77782e-07	-1.135254
1.57199	1.13349	6.76714e-07	-1.136015
1.57455	1.13425	6.75603e-07	-1.136776
1.57711	1.13501	6.7445e-07	-1.137536
1.57967	1.13577	6.73254e-07	-1.138296
1.58223	1.13653	6.72015e-07	-1.139054
1.58479	1.13729	6.70735e-07	-1.139812
1.58735	1.13805	6.69413e-07	-1.140569
1.58991	1.1388	6.6805e-07	-1.141325
1.59247	1.13956	6.66646e-07	-1.142081
1.59503	1.14031	6.65202e-07	-1.142836
1.59759	1.14107	6.63717e-07	-1.14359
1.60015	1.14182	6.62194e-07	-1.144343
1.60271	1.14257	6.6063e-07	-1.145096
1.60527	1.14333	6.59028e-07	-1.145848
1.60783	1.14408	6.57387e-07	-1.146599
1.61039	1.14483	6.55709e-07	-1.14735
1.61295	1.14558	6.53992e-07	-1.1481
1.61551	1.14633	6.52238e-07	-1.148848
1.61807	1.14707	6.50447e-07	-1.149597
1.62063	1.14782	6.48619e-07	-1.150344
1.62319	1.14857	6.46755e-07	-1.151091
1.62575	1.14931	6.44855e-07	-1.151837
1.62831	1.15006	6.42919e-07	-1.152583
1.63087	1.1508	6.40948e-07	-1.153327
1.63343	1.15155	6.38942e-07	-1.154071
1.63599	1.15229	6.36902e-07	-1.154815
1.63855	1.15303	6.34828e-07	-1.155557
1.64111	1.15378	6.3272e-07	-1.156299
1.64367	1.15452	6.30579e-07	-1.15704
1.64623	1.15526	6.28403e-07	-1.157781
1.64879	1.156	6.26196e-07	-1.15852
1.65135	1.15674	6.23957e-07	-1.15926
1.65391	1.15747	6.21686e-07	-1.159998
1.65647	1.15821	6.19384e-07	-1.160735
1.65903	1.15895	6.1705e-07	-1.161472
1.66159	1.15969	6.14686e-07	-1.162209
1.66415	1.16042	6.12289e-07	-1.162944
1.66671	1.16115	6.09865e-07	-1.163679
1.66927	1.16189	6.07409e-07	-1.164413
1.67042344	1.16222	6.06294e-07	-1.164744
1.67695	1.16409	6.06107e-07	-1.166612
1.68207	1.16555	6.05794e-07	-1.168074
1.68719	1.16701	6.05337e-07	-1.169534
1.69231	1.16846	6.04738e-07	-1.17099
1.69743	1.16992	6.03999e-07	-1.172444
1.70255	1.17137	6.0312e-07	-1.173896
1.70767	1.17282	6.02104e-07	-1.175345
1.71279	1.17427	6.00955e-07	-1.176791
1.71535	1.17499	6.0033e-07	-1.177513
1.71791	1.17571	5.99672e-07	-1.178234
1.72047	1.17643	5.98981e-07	-1.178955
1.72303	1.17715	5.98258e-07	-1.179675
1.72559	1.17787	5.97504e-07	-1.180395
1.72815	1.17859	5.96716e-07	-1.181113
1.73071	1.17931	5.95897e-07	-1.181832
1.73327	1.18002	5.95047e-07	-1.182549
1.73583	1.18074	5.94165e-07	-1.183266
1.73839	1.18146	5.93252e-07	-1.183982
1.74095	1.18217	5.92309e-07	-1.184698
1.74351	1.18289	5.91335e-07	-1.185413
1.74607	1.1836	5.90331e-07	-1.186127
1.74863	1.18432	5.89297e-07	-1.186841
1.75119	1.18503	5.88232e-07	-1.187554
1.75375	1.18574	5.87139e-07	-1.188266
1.75631	1.18645	5.86016e-07	-1.188978
1.75887	1.18716	5.84864e-07	-1.189689
1.76143	1.18787	5.83683e-07	-1.190399
1.76399	1.18858	5.82474e-07	-1.191109
1.76655	1.18929	5.81236e-07	-1.191818
1.76911	1.19	5.79971e-07	-1.192527
1.77167	1.19071	5.78677e-07	-1.193235
1.77423	1.19142	5.77356e-07	-1.193942
1.77679	1.19212	5.76008e-07	-1.194649
1.77935	1.19283	5.74633e-07	-1.195355
1.78191	1.19353	5.7323e-07	-1.19606
1.78447	1.19424	5.71802e-07	-1.196765
1.78703	1.19494	5.70347e-07	-1.197469
1.78959	1.19565	5.68865e-07	-1.198173
1.79215	1.19635	5.67358e-07	-1.198876
1.79471	1.19705	5.65825e-07	-1.199578
1.79727	1.19775	5.64267e-07	-1.20028
1.79983	1.19845	5.62685e-07	-1.200981
1.80239	1.19915	5.61076e-07	-1.201682
1.80495	1.19986	5.59444e-07	-1.202382
1.80751	1.20055	5.57787e-07	-1.203081
1.81007	1.20125	5.56106e-07	-1.20378
1.81263	1.20195	5.544e-07	-1.204478
1.81519	1.20265	5.52672e-07	-1.205175
1.81775	1.20334	5.50919e-07	-1.205872
1.82031	1.20404	5.49145e-07	-1.206569
1.82287	1.20474	5.47346e-07	-1.207264
1.82543	1.20543	5.45525e-07	-1.207959
1.82799	1.20613	5.43682e-07	-1.208654
1.83055	1.20682	5.41817e-07	-1.209348
1.83311	1.20751	5.39929e-07	-1.210041
1.83426344	1.20782	5.39071e-07	-1.210353
1.84079	1.20959	5.38698e-07	-1.212118
1.84591	1.21097	5.38284e-07	-1.213499
1.85103	1.21235	5.37764e-07	-1.214878
1.85615	1.21373	5.37141e-07	-1.216255
1.86127	1.2151	5.36414e-07	-1.217629
1.86639	1.21647	5.35587e-07	-1.219001
1.87151	1.21784	5.34659e-07	-1.220371
1.87663	1.21921	5.33632e-07	-1.221738
1.87919	1.21989	5.33083e-07	-1.222421
1.88175	1.22057	5.32509e-07	-1.223103
1.88431	1.22126	5.3191e-07	-1.223785
1.88687	1.22194	5.31288e-07	-1.224466
1.88943	1.22262	5.30643e-07	-1.225147
1.89199	1.2233	5.29974e-07	-1.225827
1.89455	1.22398	5.29281e-07	-1.226506
1.89711	1.22466	5.28565e-07	-1.227185
1.89967	1.22533	5.27827e-07	-1.227863
1.90223	1.22601	5.27065e-07	-1.228541
1.90479	1.22669	5.26281e-07	-1.229218
1.90735	1.22737	5.25474e-07	-1.229895
1.90991	1.22804	5.24645e-07	-1.230571
1.91247	1.22872	5.23794e-07	-1.231247
1.91503	1.22939	5.22921e-07	-1.231922
1.91759	1.23007	5.22026e-07	-1.232596
1.92015	1.23074	5.21109e-07	-1.23327
1.92271	1.23141	5.20171e-07	-1.233943
1.92527	1.23209	5.19212e-07	-1.234616
1.92783	1.23276	5.18231e-07	-1.235288
1.93039	1.23343	5.1723e-07	-1.23596
1.93295	1.2341	5.16207e-07	-1.236631
1.93551	1.23477	5.15164e-07	-1.237302
1.93807	1.23544	5.14101e-07	-1.237972
1.94063	1.23611	5.13017e-07	-1.238641
1.94319	1.23678	5.11913e-07	-1.23931
1.94575	1.23745	5.10789e-07	-1.239979
1.94831	1.23812	5.09645e-07	-1.240646
1.95087	1.23878	5.08481e-07	-1.241314
1.95343	1.23945	5.07299e-07	-1.241981
1.95599	1.24012	5.06097e-07	-1.242647
1.95855	1.24078	5.04876e-07	-1.243313
1.96111	1.24145	5.03635e-07	-1.243978
1.96367	1.24211	5.02376e-07	-1.244643
1.96623	1.24278	5.01099e-07	-1.245307
1.96879	1.24344	4.99802e-07	-1.24597
1.97135	1.2441	4.98488e-07	-1.246633
1.97391	1.24476	4.97155e-07	-1.247296
1.97647	1.24543	4.95805e-07	-1.247958
1.97903	1.24609	4.94436e-07	-1.248619
1.98159	1.24675	4.93051e-07	-1.249281
1.98415	1.24741	4.91648e-07	-1.249941
1.98671	1.24807	4.90227e-07	-1.250601
1.98927	1.24873	4.88789e-07	-1.25126
1.99183	1.24939	4.87334e-07	-1.251919
1.99439	1.25005	4.85863e-07	-1.252577
1.99695	1.2507	4.84375e-07	-1.253235
1.99810344	1.251	4.83699e-07	-1.253531
2.00463	1.25267	4.83236e-07	-1.255206
2.00975	1.25399	4.82783e-07	-1.256517
2.01487	1.2553	4.8225e-07	-1.257826
2.01999	1.2566	4.81641e-07	-1.259133
2.02511	1.25791	4.80953e-07	-1.260438
2.03023	1.25921	4.80189e-07	-1.261741
2.03535	1.26051	4.7935e-07	-1.263042
2.04047	1.26181	4.78438e-07	-1.26434
2.04303	1.26246	4.77953e-07	-1.264989
2.04559	1.2631	4.77451e-07	-1.265637
2.04815	1.26375	4.7693e-07	-1.266285
2.05071	1.2644	4.76392e-07	-1.266932
2.05327	1.26505	4.75836e-07	-1.267579
2.05583	1.26569	4.75262e-07	-1.268225
2.05839	1.26634	4.7467e-07	-1.268871
2.06095	1.26698	4.74061e-07	-1.269516
2.06351	1.26763	4.73435e-07	-1.270161
2.06607	1.26827	4.72791e-07	-1.270805
2.06863	1.26892	4.72131e-07	-1.271449
2.07119	1.26956	4.71453e-07	-1.272092
2.07375	1.2702	4.70759e-07	-1.272735
2.07631	1.27085	4.70047e-07	-1.273377
2.07887	1.27149	4.69319e-07	-1.274019
2.08143	1.27213	4.68574e-07	-1.27466
2.08399	1.27277	4.67813e-07	-1.275301
2.08655	1.27341	4.67036e-07	-1.275941
2.08911	1.27405	4.66242e-07	-1.276581
2.09167	1.27469	4.65433e-07	-1.277221
2.09423	1.27533	4.64607e-07	-1.277859
2.09679	1.27597	4.63766e-07	-1.278498
2.09935	1.2766	4.62909e-07	-1.279136
2.10191	1.27724	4.62036e-07	-1.279773
2.10447	1.27788	4.61149e-07	-1.28041
2.10703	1.27851	4.60245e-07	-1.281047
2.10959	1.27915	4.59327e-07	-1.281683
2.11215	1.27979	4.58393e-07	-1.282318
2.11471	1.28042	4.57444e-07	-1.282953
2.11727	1.28106	4.56481e-07	-1.283588
2.11983	1.28169	4.55503e-07	-1.284222
2.12239	1.28232	4.5451e-07	-1.284856
2.12495	1.28296	4.53502e-07	-1.285489
2.12751	1.28359	4.52481e-07	-1.286121
2.13007	1.28422	4.51445e-07	-1.286754
2.13263	1.28485	4.50395e-07	-1.287386
2.13519	1.28548	4.49331e-07	-1.288017
2.13775	1.28611	4.48252e-07	-1.288648
2.14031	1.28674	4.47161e-07	-1.289278
2.14287	1.28737	4.46055e-07	-1.289908
2.14543	1.288	4.44936e-07	-1.290537
2.14799	1.28863	4.43804e-07	-1.291167
2.15055	1.28926	4.42658e-07	-1.291795
2.15311	1.28989	4.41499e-07	-1.292423
2.15567	1.29052	4.40326e-07	-1.293051
2.15823	1.29114	4.39141e-07	-1.293678
2.16079	1.29177	4.37944e-07	-1.294305
2.16194344	1.29205	4.37399e-07	-1.294587
2.16847	1.29365	4.36903e-07	-1.296182
2.17359	1.2949	4.36443e-07	-1.297431
2.17871	1.29614	4.35922e-07	-1.298679
2.18383	1.29739	4.35343e-07	-1.299924
2.18895	1.29863	4.34704e-07	-1.301168
2.19407	1.29988	4.34006e-07	-1.30241
2.19919	1.30112	4.33251e-07	-1.303651
2.20431	1.30235	4.32439e-07	-1.304889
2.20943	1.30359	4.31571e-07	-1.306126
2.21199	1.30421	4.31115e-07	-1.306744
2.21455	1.30483	4.30646e-07	-1.307361
2.21711	1.30544	4.30164e-07	-1.307978
2.21967	1.30606	4.29667e-07	-1.308594
2.22223	1.30668	4.29158e-07	-1.30921
2.22479	1.30729	4.28635e-07	-1.309826
2.22735	1.30791	4.28099e-07	-1.310441
2.22991	1.30852	4.27549e-07	-1.311055
2.23247	1.30913	4.26985e-07	-1.31167
2.23503	1.30975	4.26409e-07	-1.312283
2.23759	1.31036	4.25819e-07	-1.312897
2.24015	1.31098	4.25217e-07	-1.31351
2.24271	1.31159	4.24601e-07	-1.314122
2.24527	1.3122	4.23973e-07	-1.314734
2.24783	1.31281	4.23333e-07	-1.315346
2.25039	1.31342	4.22679e-07	-1.315957
2.25295	1.31403	4.22013e-07	-1.316568
2.25551	1.31464	4.21335e-07	-1.317178
2.25807	1.31525	4.20645e-07	-1.317788
2.26063	1.31586	4.19941e-07	-1.318398
2.26319	1.31647	4.19226e-07	-1.319007
2.26575	1.31708	4.18499e-07	-1.319615
2.26831	1.31769	4.1776e-07	-1.320223
2.27087	1.31829	4.17009e-07	-1.320831
2.27343	1.3189	4.16245e-07	-1.321439
2.27599	1.31951	4.15471e-07	-1.322046
2.27855	1.32012	4.14684e-07	-1.322652
2.28111	1.32072	4.13886e-07	-1.323258
2.28367	1.32133	4.13077e-07	-1.323864
2.28623	1.32193	4.12256e-07	-1.324469
2.28879	1.32254	4.11425e-07	-1.325074
2.29135	1.32314	4.10581e-07	-1.325678
2.29391	1.32375	4.09726e-07	-1.326283
2.29647	1.32435	4.08861e-07	-1.326886
2.29903	1.32495	4.07984e-07	-1.327489
2.30159	1.32556	4.07097e-07	-1.328092
2.30415	1.32616	4.06199e-07	-1.328694
2.30671	1.32676	4.05289e-07	-1.329296
2.30927	1.32736	4.0437e-07	-1.329898
2.31183	1.32796	4.0344e-07	-1.330499
2.31439	1.32856	4.025e-07	-1.3311
2.31695	1.32916	4.01549e-07	-1.3317
2.31951	1.32976	4.00588e-07	-1.3323
2.32207	1.33036	3.99616e-07	-1.332899
2.32463	1.33096	3.98635e-07	-1.333498
2.32578344	1.33123	3.9819e-07	-1.333768
2.33231	1.33276	3.98556e-07	-1.335293
2.33999	1.33455	3.98886e-07	-1.337085
2.34767	1.33634	3.99105e-07	-1.338872
2.35535	1.33812	3.99216e-07	-1.340656
2.36303	1.3399	3.9922e-07	-1.342436
2.37071	1.34168	3.99119e-07	-1.344213
2.37839	1.34345	3.98914e-07	-1.345986
2.38607	1.34522	3.98606e-07	-1.347756
2.39375	1.34698	3.98197e-07	-1.349522
2.40143	1.34875	3.97689e-07	-1.351285
2.40911	1.35051	3.97082e-07	-1.353044
2.41423	1.35168	3.96625e-07	-1.354215
2.41935	1.35285	3.96124e-07	-1.355384
2.42447	1.35401	3.95582e-07	-1.356552
2.42959	1.35518	3.94998e-07	-1.357718
2.43471	1.35634	3.94373e-07	-1.358883
2.43983	1.35751	3.93707e-07	-1.360046
2.44495	1.35867	3.93002e-07	-1.361208
2.45007	1.35983	3.92257e-07	-1.362368
2.45519	1.36099	3.91472e-07	-1.363527
2.45775	1.36157	3.91065e-07	-1.364106
2.46031	1.36214	3.90648e-07	-1.364684
2.46287	1.36272	3.90222e-07	-1.365262
2.46543	1.3633	3.89786e-07	-1.36584
2.46799	1.36388	3.89341e-07	-1.366417
2.47055	1.36445	3.88887e-07	-1.366994
2.47311	1.36503	3.88423e-07	-1.367571
2.47567	1.36561	3.87949e-07	-1.368147
2.47823	1.36618	3.87467e-07	-1.368723
2.48079	1.36676	3.86975e-07	-1.369298
2.48335	1.36733	3.86475e-07	-1.369873
2.48591	1.36791	3.85964e-07	-1.370448
2.48847	1.36848	3.85446e-07	-1.371023
2.49103	1.36906	3.84918e-07	-1.371597
2.49359	1.36963	3.84381e-07	-1.37217
2.49615	1.3702	3.83835e-07	-1.372744
2.49871	1.37078	3.83281e-07	-1.373317
2.50127	1.37135	3.82717e-07	-1.373889
2.50383	1.37192	3.82146e-07	-1.374461
2.50639	1.37249	3.81566e-07	-1.375033
2.50895	1.37306	3.80976e-07	-1.375604
2.51151	1.37364	3.80379e-07	-1.376176
2.51407	1.37421	3.79773e-07	-1.376746
2.51663	1.37478	3.79158e-07	-1.377317
2.51919	1.37535	3.78536e-07	-1.377887
2.52175	1.37592	3.77905e-07	-1.378456
2.52431	1.37649	3.77265e-07	-1.379026
2.52687	1.37705	3.76618e-07	-1.379595
2.52943	1.37762	3.75962e-07	-1.380163
2.53199	1.37819	3.75299e-07	-1.380732
2.53455	1.37876	3.74627e-07	-1.381299
2.53711	1.37933	3.73947e-07	-1.381867
2.53967	1.37989	3.73259e-07	-1.382434
2.54223	1.38046	3.72564e-07	-1.383001
2.54479	1.38103	3.71861e-07	-1.383568
2.54735	1.38159	3.7115e-07	-1.384134
2.54991	1.38216	3.70432e-07	-1.384699
2.55247	1.38272	3.69706e-07	-1.385265
2.55503	1.38329	3.68972e-07	-1.38583
2.55759	1.38385	3.68231e-07	-1.386395
2.56015	1.38442	3.67482e-07	-1.386959
2.56271	1.38498	3.66726e-07	-1.387523
2.56527	1.38555	3.65963e-07	-1.388087
2.56783	1.38611	3.65192e-07	-1.38865
2.57039	1.38667	3.64414e-07	-1.389213
2.57295	1.38723	3.63629e-07	-1.389776
2.57551	1.3878	3.62837e-07	-1.390338
2.57807	1.38836	3.62038e-07	-1.3909
2.58063	1.38892	3.61232e-07	-1.391461
2.58319	1.38948	3.60418e-07	-1.392023
2.58575	1.39004	3.59598e-07	-1.392584
2.58831	1.3906	3.58771e-07	-1.393144
2.59087	1.39116	3.57937e-07	-1.393704
2.59343	1.39172	3.57097e-07	-1.394264
2.59599	1.39228	3.5625e-07	-1.394824
2.59855	1.39284	3.55396e-07	-1.395383
2.60111	1.3934	3.54536e-07	-1.395942
2.60367	1.39396	3.53669e-07	-1.3965
2.60623	1.39452	3.52796e-07	-1.397058
2.60879	1.39508	3.51916e-07	-1.397616
2.61135	1.39563	3.5103e-07	-1.398174
2.61391	1.39619	3.50138e-07	-1.398731
2.61647	1.39675	3.49238e-07	-1.399288
2.61903	1.3973	3.48334e-07	-1.399844
2.62159	1.39786	3.47422e-07	-1.4004
2.62415	1.39841	3.46506e-07	-1.400956
2.62671	1.39897	3.45582e-07	-1.401512
2.62927	1.39952	3.44653e-07	-1.402067
2.63183	1.40008	3.43718e-07	-1.402621
2.63439	1.40063	3.42778e-07	-1.403176
2.63695	1.40119	3.41831e-07	-1.40373
2.63951	1.40174	3.40878e-07	-1.404284
2.64207	1.40229	3.3992e-07	-1.404837
2.64719	1.4034	3.37987e-07	-1.405943
2.64975	1.40395	3.37012e-07	-1.406496
2.65231	1.40451	3.36031e-07	-1.407048
2.65346344	1.40475	3.35587e-07	-1.407297
2.65999	1.40616	3.35689e-07	-1.408702
2.66767	1.40781	3.35743e-07	-1.410354
2.67535	1.40946	3.35725e-07	-1.412002
2.68303	1.41111	3.35639e-07	-1.413648
2.69071	1.41275	3.35485e-07	-1.415291
2.70095	1.41493	3.35173e-07	-1.417476
2.70863	1.41657	3.34862e-07	-1.419112
2.71887	1.41875	3.34345e-07	-1.421289
2.72655	1.42037	3.33882e-07	-1.422918
2.73167	1.42146	3.33539e-07	-1.424003
2.73679	1.42254	3.33166e-07	-1.425086
2.74191	1.42363	3.32767e-07	-1.426168
2.74703	1.42471	3.3234e-07	-1.427249
2.75471	1.42633	3.31649e-07	-1.428868
2.75983	1.4274	3.31155e-07	-1.429945
2.76495	1.42848	3.30634e-07	-1.431022
2.77263	1.43009	3.29803e-07	-1.432634
2.77775	1.43116	3.29217e-07	-1.433707
2.78287	1.43224	3.28606e-07	-1.43478
2.79055	1.43384	3.27641e-07	-1.436386
2.79311	1.43438	3.27307e-07	-1.43692
2.79567	1.43491	3.26967e-07	-1.437455
2.79823	1.43544	3.2662e-07	-1.437989
2.80079	1.43598	3.26268e-07	-1.438522
2.80335	1.43651	3.2591e-07	-1.439056
2.80847	1.43758	3.25174e-07	-1.440122
2.81103	1.43811	3.24798e-07	-1.440654
2.81359	1.43864	3.24415e-07	-1.441187
2.81615	1.43917	3.24027e-07	-1.441719
2.81871	1.43971	3.23632e-07	-1.44225
2.82127	1.44024	3.23232e-07	-1.442782
2.82639	1.4413	3.22414e-07	-1.443844
2.82895	1.44183	3.21997e-07	-1.444374
2.83151	1.44236	3.21573e-07	-1.444904
2.83407	1.44289	3.21144e-07	-1.445434
2.83663	1.44342	3.2071e-07	-1.445964
2.83919	1.44395	3.20269e-07	-1.446493
2.84431	1.44501	3.19372e-07	-1.447551
2.84687	1.44553	3.18915e-07	-1.448079
2.84943	1.44606	3.18453e-07	-1.448607
2.85199	1.44659	3.17985e-07	-1.449135
2.85455	1.44712	3.17512e-07	-1.449662
2.85711	1.44765	3.17033e-07	-1.45019
2.86223	1.4487	3.1606e-07	-1.451243
2.86479	1.44922	3.15565e-07	-1.451769
2.86735	1.44975	3.15065e-07	-1.452295
2.86991	1.45028	3.1456e-07	-1.452821
2.87247	1.4508	3.1405e-07	-1.453347
2.87503	1.45133	3.13535e-07	-1.453872
2.88015	1.45238	3.12488e-07	-1.454921
2.88271	1.4529	3.11958e-07	-1.455446
2.88527	1.45342	3.11422e-07	-1.45597
2.88783	1.45395	3.10882e-07	-1.456493
2.89039	1.45447	3.10336e-07	-1.457017
2.89295	1.455	3.09785e-07	-1.45754
2.89807	1.45604	3.08669e-07	-1.458585
2.90063	1.45656	3.08104e-07	-1.459108
2.90319	1.45708	3.07534e-07	-1.45963
2.90575	1.45761	3.06959e-07	-1.460151
2.90831	1.45813	3.0638e-07	-1.460673
2.91087	1.45865	3.05796e-07	-1.461194
2.91599	1.45969	3.04614e-07	-1.462235
2.91855	1.46021	3.04015e-07	-1.462756
2.92111	1.46073	3.03413e-07	-1.463276
2.92367	1.46125	3.02806e-07	-1.463795
2.92623	1.46177	3.02194e-07	-1.464315
2.92879	1.46229	3.01578e-07	-1.464834
2.93391	1.46333	3.00332e-07	-1.465871
2.93647	1.46385	2.99703e-07	-1.46639
2.93903	1.46436	2.99069e-07	-1.466908
2.94159	1.46488	2.98431e-07	-1.467426
2.94415	1.4654	2.97788e-07	-1.467943
2.94671	1.46591	2.97142e-07	-1.46846
2.95183	1.46695	2.95837e-07	-1.469494
2.95439	1.46746	2.95178e-07	-1.47001
2.95695	1.46798	2.94515e-07	-1.470526
2.95951	1.4685	2.93847e-07	-1.471042
2.96207	1.46901	2.93175e-07	-1.471557
2.96463	1.46953	2.925e-07	-1.472073
2.96975	1.47056	2.91137e-07	-1.473102
2.97231	1.47107	2.9045e-07	-1.473617
2.97487	1.47159	2.89758e-07	-1.474131
2.97743	1.4721	2.89064e-07	-1.474645
2.97999	1.47261	2.88365e-07	-1.475158
2.98114344	1.47284	2.88048e-07	-1.47539
2.99023	1.47466	2.88003e-07	-1.47721
2.99791	1.4762	2.87911e-07	-1.478746
3.00559	1.47773	2.87774e-07	-1.480279
3.01327	1.47926	2.8759e-07	-1.48181
3.02351	1.4813	2.87273e-07	-1.483847
3.03119	1.48283	2.86982e-07	-1.485373
3.04143	1.48486	2.86525e-07	-1.487403
3.04911	1.48638	2.8613e-07	-1.488922
3.05423	1.48739	2.85843e-07	-1.489934
3.05935	1.4884	2.85538e-07	-1.490945
3.06447	1.48941	2.85213e-07	-1.491955
3.06959	1.49042	2.84869e-07	-1.492963
3.07727	1.49193	2.84318e-07	-1.494474
3.08239	1.49293	2.83929e-07	-1.49548
3.08751	1.49394	2.8352e-07	-1.496485
3.09519	1.49544	2.82875e-07	-1.497991
3.10031	1.49645	2.82421e-07	-1.498993
3.10543	1.49745	2.81951e-07	-1.499995
3.11311	1.49895	2.81213e-07	-1.501495
3.11823	1.49995	2.80699e-07	-1.502493
3.12335	1.50094	2.80168e-07	-1.503491
3.13103	1.50244	2.7934e-07	-1.504986
3.13359	1.50294	2.79057e-07	-1.505484
3.13615	1.50343	2.78768e-07	-1.505981
3.13871	1.50393	2.78476e-07	-1.506479
3.14127	1.50443	2.78179e-07	-1.506976
3.14383	1.50492	2.77879e-07	-1.507472
3.14895	1.50592	2.77266e-07	-1.508465
3.15151	1.50641	2.76953e-07	-1.508961
3.15407	1.50691	2.76636e-07	-1.509457
3.15663	1.5074	2.76315e-07	-1.509952
3.15919	1.5079	2.75991e-07	-1.510447
3.16175	1.50839	2.75662e-07	-1.510942
3.16687	1.50938	2.74994e-07	-1.511931
3.17199	1.51037	2.7431e-07	-1.51292
3.17711	1.51136	2.73611e-07	-1.513907
3.18223	1.51235	2.72896e-07	-1.514893
3.18735	1.51333	2.72167e-07	-1.515878
3.19247	1.51431	2.71423e-07	-1.516863
3.19759	1.5153	2.70665e-07	-1.517846
3.20271	1.51628	2.69892e-07	-1.518828
3.20783	1.51726	2.69104e-07	-1.51981
3.21295	1.51824	2.68302e-07	-1.52079
3.21807	1.51922	2.67487e-07	-1.521769
3.22319	1.5202	2.66658e-07	-1.522748
3.22831	1.52118	2.65815e-07	-1.523725
3.23343	1.52215	2.64959e-07	-1.524701
3.23855	1.52313	2.6409e-07	-1.525677
3.24367	1.5241	2.63207e-07	-1.526651
3.24879	1.52508	2.62311e-07	-1.527625
3.25391	1.52605	2.61403e-07	-1.528598
3.25903	1.52702	2.60481e-07	-1.529569
3.26415	1.52799	2.59548e-07	-1.53054
3.26927	1.52896	2.58603e-07	-1.53151
3.27439	1.52993	2.57644e-07	-1.532479
3.27951	1.5309	2.56674e-07	-1.533446
3.28463	1.53186	2.55692e-07	-1.534413
3.28975	1.53283	2.54698e-07	-1.535379
3.29487	1.53379	2.53693e-07	-1.536344
3.29999	1.53476	2.52677e-07	-1.537308
3.30511	1.53572	2.51649e-07	-1.538272
3.30882344	1.53642	2.50897e-07	-1.53897
3.32047	1.53861	2.50725e-07	-1.541155
3.33071	1.54052	2.50511e-07	-1.543073
3.34095	1.54244	2.50238e-07	-1.544988
3.35119	1.54435	2.49909e-07	-1.546898
3.36143	1.54625	2.49522e-07	-1.548805
3.37167	1.54816	2.4908e-07	-1.550709
3.38191	1.55006	2.48584e-07	-1.552608
3.38703	1.55101	2.48316e-07	-1.553557
3.39215	1.55195	2.48034e-07	-1.554504
3.39727	1.5529	2.4774e-07	-1.555451
3.40239	1.55385	2.47431e-07	-1.556397
3.40751	1.55479	2.4711e-07	-1.557342
3.41263	1.55574	2.46776e-07	-1.558286
3.41775	1.55668	2.46429e-07	-1.559229
3.42287	1.55762	2.4607e-07	-1.560172
3.42799	1.55856	2.45698e-07	-1.561113
3.43311	1.5595	2.45313e-07	-1.562054
3.43823	1.56044	2.44916e-07	-1.562993
3.44335	1.56138	2.44507e-07	-1.563932
3.44847	1.56232	2.44086e-07	-1.56487
3.45359	1.56326	2.43653e-07	-1.565807
3.45871	1.56419	2.43208e-07	-1.566743
3.46383	1.56513	2.42751e-07	-1.567678
3.46895	1.56606	2.42282e-07	-1.568613
3.47407	1.56699	2.41802e-07	-1.569547
3.47919	1.56793	2.4131e-07	-1.570479
3.48431	1.56886	2.40807e-07	-1.571411
3.48943	1.56979	2.40293e-07	-1.572342
3.49455	1.57072	2.39767e-07	-1.573272
3.49967	1.57165	2.39231e-07	-1.574202
3.50479	1.57258	2.38683e-07	-1.57513
3.50991	1.57351	2.38125e-07	-1.576058
3.51503	1.57443	2.37556e-07	-1.576985
3.52015	1.57536	2.36977e-07	-1.57791
3.52527	1.57628	2.36386e-07	-1.578836
3.53039	1.57721	2.35786e-07	-1.57976
3.53551	1.57813	2.35175e-07	-1.580683
3.54063	1.57905	2.34554e-07	-1.581606
3.54575	1.57997	2.33923e-07	-1.582527
3.55087	1.5809	2.33282e-07	-1.583448
3.55599	1.58182	2.32631e-07	-1.584368
3.56111	1.58274	2.31971e-07	-1.585288
3.56623	1.58365	2.313e-07	-1.586206
3.57135	1.58457	2.3062e-07	-1.587123
3.57647	1.58549	2.29932e-07	-1.58804
3.58159	1.5864	2.29233e-07	-1.588956
3.58671	1.58732	2.28526e-07	-1.589871
3.59183	1.58823	2.27809e-07	-1.590786
3.59695	1.58915	2.27083e-07	-1.591699
3.60207	1.59006	2.26348e-07	-1.592612
3.60719	1.59097	2.25604e-07	-1.593524
3.61231	1.59188	2.24852e-07	-1.594435
3.61743	1.59279	2.24092e-07	-1.595345
3.62255	1.5937	2.23322e-07	-1.596254
3.62767	1.59461	2.22544e-07	-1.597163
3.63279	1.59552	2.21758e-07	-1.598071
3.63650344	1.59618	2.21184e-07	-1.598729
3.64303	1.59733	2.21437e-07	-1.599884
3.65327	1.59914	2.21799e-07	-1.601694
3.66351	1.60095	2.22117e-07	-1.603501
3.67375	1.60275	2.22391e-07	-1.605305
3.68399	1.60455	2.22622e-07	-1.607105
3.69423	1.60635	2.22809e-07	-1.608903
3.70447	1.60814	2.22955e-07	-1.610697
3.71471	1.60993	2.23059e-07	-1.612488
3.72495	1.61172	2.23121e-07	-1.614276
3.73519	1.61351	2.23142e-07	-1.616061
3.74543	1.61529	2.23122e-07	-1.617843
3.75567	1.61707	2.23064e-07	-1.619622
3.76591	1.61884	2.22965e-07	-1.621398
3.77615	1.62062	2.22828e-07	-1.623171
3.78639	1.62239	2.22651e-07	-1.624941
3.79663	1.62415	2.22437e-07	-1.626708
3.80687	1.62592	2.22186e-07	-1.628472
3.81711	1.62768	2.21898e-07	-1.630232
3.82735	1.62943	2.21573e-07	-1.63199
3.83759	1.63119	2.21213e-07	-1.633745
3.84783	1.63294	2.20817e-07	-1.635497
3.85807	1.63469	2.20386e-07	-1.637246
3.86319	1.63556	2.20158e-07	-1.63812
3.86831	1.63644	2.19921e-07	-1.638993
3.87343	1.63731	2.19676e-07	-1.639865
3.87855	1.63818	2.19422e-07	-1.640736
3.88367	1.63905	2.1916e-07	-1.641606
3.88879	1.63992	2.1889e-07	-1.642476
3.89391	1.64079	2.18611e-07	-1.643345
3.89903	1.64166	2.18325e-07	-1.644214
3.90415	1.64253	2.1803e-07	-1.645082
3.90927	1.64339	2.17728e-07	-1.645949
3.91439	1.64426	2.17417e-07	-1.646815
3.91951	1.64512	2.17099e-07	-1.64768
3.92463	1.64599	2.16772e-07	-1.648545
3.92975	1.64685	2.16438e-07	-1.649409
3.93487	1.64772	2.16096e-07	-1.650273
3.93999	1.64858	2.15746e-07	-1.651135
3.94511	1.64944	2.15389e-07	-1.651997
3.95023	1.6503	2.15025e-07	-1.652859
3.95535	1.65116	2.14652e-07	-1.653719
3.96047	1.65202	2.14273e-07	-1.654579
3.96559	1.65288	2.13887e-07	-1.655439
3.97071	1.65374	2.13493e-07	-1.656297
3.97583	1.6546	2.13092e-07	-1.657155
3.98095	1.65546	2.12683e-07	-1.658012
3.98607	1.65631	2.12267e-07	-1.658868
3.99119	1.65717	2.11845e-07	-1.659724
3.99631	1.65802	2.11416e-07	-1.660579
4.00143	1.65888	2.1098e-07	-1.661434
4.00655	1.65973	2.10537e-07	-1.662287
4.01167	1.66058	2.10087e-07	-1.66314
4.01679	1.66144	2.0963e-07	-1.663993
4.02191	1.66229	2.09167e-07	-1.664844
4.02703	1.66314	2.08697e-07	-1.665695
4.03215	1.66399	2.08221e-07	-1.666545
4.03727	1.66484	2.07738e-07	-1.667395
4.04239	1.66569	2.07249e-07	-1.668244
4.04751	1.66654	2.06754e-07	-1.669092
4.05263	1.66738	2.06252e-07	-1.66994
4.05775	1.66823	2.05744e-07	-1.670787
4.06287	1.66908	2.0523e-07	-1.671633
4.06799	1.66992	2.0471e-07	-1.672478
4.07311	1.67077	2.04184e-07	-1.673323
4.07823	1.67161	2.03651e-07	-1.674167
4.08335	1.67245	2.03113e-07	-1.675011
4.08847	1.6733	2.0257e-07	-1.675854
4.09359	1.67414	2.02019e-07	-1.676696
4.09871	1.67498	2.01465e-07	-1.677538
4.10383	1.67582	2.00904e-07	-1.678378
4.10895	1.67666	2.00336e-07	-1.679219
4.11407	1.6775	1.99765e-07	-1.680058
4.11919	1.67834	1.99186e-07	-1.680897
4.12431	1.67918	1.98604e-07	-1.681736
4.12943	1.68002	1.98015e-07	-1.682573
4.13455	1.68085	1.97421e-07	-1.68341
4.13967	1.68169	1.96822e-07	-1.684246
4.14479	1.68252	1.96218e-07	-1.685082
4.14991	1.68336	1.95609e-07	-1.685917
4.15503	1.68419	1.94994e-07	-1.686751
4.16015	1.68503	1.94375e-07	-1.687585
4.16527	1.68586	1.9375e-07	-1.688418
4.17039	1.68669	1.93121e-07	-1.689251
4.17551	1.68752	1.92487e-07	-1.690082
4.18063	1.68836	1.91848e-07	-1.690913
4.18575	1.68919	1.91204e-07	-1.691744
4.19087	1.69002	1.90556e-07	-1.692574
4.19599	1.69084	1.89903e-07	-1.693403
4.20111	1.69167	1.89245e-07	-1.694232
4.20623	1.6925	1.88584e-07	-1.69506
4.21135	1.69333	1.87917e-07	-1.695887
4.21647	1.69415	1.87246e-07	-1.696713
4.22159	1.69498	1.86571e-07	-1.69754
4.22671	1.69581	1.85892e-07	-1.698365
4.23183	1.69663	1.85208e-07	-1.69919
4.23695	1.69746	1.84521e-07	-1.700014
4.24207	1.69828	1.83828e-07	-1.700838
4.24719	1.6991	1.83132e-07	-1.70166
4.25231	1.69992	1.82432e-07	-1.702483
4.25743	1.70074	1.81729e-07	-1.703304
4.26255	1.70157	1.8102e-07	-1.704125
4.26767	1.70239	1.80309e-07	-1.704946
4.27279	1.70321	1.79594e-07	-1.705766
4.27791	1.70403	1.78874e-07	-1.706585
4.28303	1.70484	1.78152e-07	-1.707403
4.28815	1.70566	1.77425e-07	-1.708221
4.29186344	1.70626	1.76896e-07	-1.708814
4.30351	1.70811	1.77055e-07	-1.710671
4.31887	1.71056	1.77215e-07	-1.713116
4.33423	1.713	1.77319e-07	-1.715555
4.34959	1.71543	1.77367e-07	-1.717989
4.36495	1.71786	1.77362e-07	-1.720417
4.38031	1.72028	1.77304e-07	-1.72284
4.39567	1.7227	1.77193e-07	-1.725258
4.41103	1.72511	1.7703e-07	-1.72767
4.42639	1.72752	1.76816e-07	-1.730077
4.44175	1.72992	1.76552e-07	-1.732479
4.45199	1.73152	1.76349e-07	-1.734077
4.46223	1.73311	1.76125e-07	-1.735673
4.47247	1.73471	1.75879e-07	-1.737266
4.48271	1.7363	1.75612e-07	-1.738858
4.49295	1.73789	1.75325e-07	-1.740447
4.50319	1.73947	1.75017e-07	-1.742033
4.51343	1.74106	1.74689e-07	-1.743618
4.52367	1.74264	1.74341e-07	-1.7452
4.52879	1.74343	1.74159e-07	-1.74599
4.53391	1.74422	1.73973e-07	-1.74678
4.53903	1.74501	1.73782e-07	-1.747569
4.54415	1.7458	1.73586e-07	-1.748358
4.54927	1.74659	1.73385e-07	-1.749146
4.55439	1.74737	1.7318e-07	-1.749933
4.55951	1.74816	1.72969e-07	-1.75072
4.56463	1.74894	1.72755e-07	-1.751506
4.56975	1.74973	1.72535e-07	-1.752292
4.57487	1.75052	1.7231e-07	-1.753077
4.57999	1.7513	1.72082e-07	-1.753862
4.58511	1.75208	1.71849e-07	-1.754646
4.59023	1.75287	1.71611e-07	-1.755429
4.59535	1.75365	1.71368e-07	-1.756212
4.60047	1.75443	1.71121e-07	-1.756995
4.60559	1.75522	1.7087e-07	-1.757777
4.61071	1.756	1.70615e-07	-1.758558
4.61583	1.75678	1.70354e-07	-1.759339
4.62095	1.75756	1.7009e-07	-1.760119
4.62607	1.75834	1.69821e-07	-1.760899
4.63119	1.75912	1.69548e-07	-1.761678
4.63631	1.75989	1.69271e-07	-1.762457
4.64143	1.76067	1.6899e-07	-1.763235
4.64655	1.76145	1.68704e-07	-1.764012
4.65167	1.76223	1.68415e-07	-1.764789
4.65679	1.763	1.6812e-07	-1.765566
4.66191	1.76378	1.67823e-07	-1.766342
4.66703	1.76456	1.67521e-07	-1.767117
4.67215	1.76533	1.67214e-07	-1.767892
4.67727	1.7661	1.66905e-07	-1.768666
4.68239	1.76688	1.66591e-07	-1.76944
4.68751	1.76765	1.66273e-07	-1.770213
4.69263	1.76842	1.65951e-07	-1.770986
4.69775	1.7692	1.65626e-07	-1.771758
4.70287	1.76997	1.65296e-07	-1.77253
4.70799	1.77074	1.64964e-07	-1.773301
4.71311	1.77151	1.64627e-07	-1.774071
4.71823	1.77228	1.64286e-07	-1.774841
4.72335	1.77305	1.63941e-07	-1.775611
4.72847	1.77382	1.63593e-07	-1.77638
4.73359	1.77459	1.63242e-07	-1.777148
4.73871	1.77535	1.62887e-07	-1.777916
4.74383	1.77612	1.62528e-07	-1.778684
4.74895	1.77689	1.62166e-07	-1.779451
4.75407	1.77765	1.618e-07	-1.780217
4.75919	1.77842	1.6143e-07	-1.780983
4.76431	1.77919	1.61058e-07	-1.781748
4.76943	1.77995	1.60681e-07	-1.782513
4.77455	1.78071	1.60302e-07	-1.783277
4.77967	1.78148	1.59919e-07	-1.784041
4.78479	1.78224	1.59533e-07	-1.784804
4.78991	1.783	1.59143e-07	-1.785567
4.79503	1.78377	1.58751e-07	-1.786329
4.80015	1.78453	1.58354e-07	-1.787091
4.80527	1.78529	1.57955e-07	-1.787852
4.81039	1.78605	1.57552e-07	-1.788613
4.81551	1.78681	1.57148e-07	-1.789373
4.82063	1.78757	1.56739e-07	-1.790132
4.82575	1.78833	1.56327e-07	-1.790892
4.83087	1.78909	1.55912e-07	-1.79165
4.83599	1.78984	1.55494e-07	-1.792408
4.84111	1.7906	1.55074e-07	-1.793166
4.84623	1.79136	1.5465e-07	-1.793923
4.85135	1.79212	1.54223e-07	-1.79468
4.85647	1.79287	1.53793e-07	-1.795436
4.86159	1.79363	1.53361e-07	-1.796191
4.86671	1.79438	1.52926e-07	-1.796946
4.87183	1.79514	1.52487e-07	-1.797701
4.87695	1.79589	1.52046e-07	-1.798455
4.88207	1.79665	1.51603e-07	-1.799209
4.88719	1.7974	1.51157e-07	-1.799962
4.89231	1.79815	1.50707e-07	-1.800714
4.89743	1.7989	1.50256e-07	-1.801467
4.90255	1.79965	1.49801e-07	-1.802218
4.90767	1.80041	1.49345e-07	-1.802969
4.91279	1.80116	1.48885e-07	-1.80372
4.91791	1.80191	1.48423e-07	-1.80447
4.92303	1.80265	1.47958e-07	-1.805219
4.92815	1.8034	1.47491e-07	-1.805969
4.93327	1.80415	1.47021e-07	-1.806717
4.93839	1.8049	1.46549e-07	-1.807465
4.94351	1.80565	1.46075e-07	-1.808213
4.94722344	1.80619	1.45729e-07	-1.808755
4.96399	1.80863	1.45777e-07	-1.811199
4.97935	1.81087	1.45784e-07	-1.813433
4.99471	1.8131	1.45758e-07	-1.815663
5.01007	1.81532	1.45698e-07	-1.817888
5.02543	1.81754	1.45605e-07	-1.820109
5.04079	1.81976	1.45479e-07	-1.822326
5.05615	1.82197	1.4532e-07	-1.824539
5.07151	1.82418	1.4513e-07	-1.826747
5.08687	1.82639	1.4491e-07	-1.828951
5.09711	1.82785	1.44745e-07	-1.830418
5.10735	1.82932	1.44567e-07	-1.831883
5.11759	1.83078	1.44376e-07	-1.833346
5.12783	1.83224	1.44172e-07	-1.834808
5.13807	1.8337	1.43955e-07	-1.836268
5.14831	1.83516	1.43724e-07	-1.837725
5.15855	1.83662	1.43481e-07	-1.839181
5.16879	1.83807	1.43226e-07	-1.840635
5.17903	1.83952	1.42958e-07	-1.842088
5.18927	1.84097	1.42677e-07	-1.843538
5.19439	1.8417	1.42533e-07	-1.844263
5.19951	1.84242	1.42385e-07	-1.844987
5.20463	1.84314	1.42234e-07	-1.84571
5.20975	1.84387	1.4208e-07	-1.846434
5.21487	1.84459	1.41923e-07	-1.847156
5.21999	1.84531	1.41764e-07	-1.847879
5.22511	1.84603	1.41601e-07	-1.8486
5.23023	1.84676	1.41436e-07	-1.849322
5.23535	1.84748	1.41267e-07	-1.850043
5.24047	1.8482	1.41096e-07	-1.850763
5.24559	1.84892	1.40922e-07	-1.851483
5.25071	1.84964	1.40745e-07	-1.852203
5.25583	1.85036	1.40565e-07	-1.852922
5.26095	1.85108	1.40383e-07	-1.853641
5.26607	1.85179	1.40197e-07	-1.854359
5.27119	1.85251	1.40009e-07	-1.855077
5.27631	1.85323	1.39818e-07	-1.855794
5.28143	1.85394	1.39625e-07	-1.856511
5.28655	1.85466	1.39428e-07	-1.857228
5.29167	1.85538	1.39229e-07	-1.857944
5.29679	1.85609	1.39028e-07	-1.858659
5.30191	1.85681	1.38823e-07	-1.859375
5.30703	1.85752	1.38616e-07	-1.860089
5.31215	1.85824	1.38407e-07	-1.860804
5.31727	1.85895	1.38194e-07	-1.861517
5.32239	1.85966	1.3798e-07	-1.862231
5.32751	1.86038	1.37762e-07	-1.862944
5.33263	1.86109	1.37543e-07	-1.863657
5.33775	1.8618	1.3732e-07	-1.864369
5.34287	1.86251	1.37095e-07	-1.86508
5.34799	1.86323	1.36868e-07	-1.865792
5.35311	1.86394	1.36638e-07	-1.866502
5.35823	1.86465	1.36405e-07	-1.867213
5.36335	1.86536	1.36171e-07	-1.867923
5.36847	1.86607	1.35933e-07	-1.868632
5.37359	1.86677	1.35694e-07	-1.869341
5.37871	1.86748	1.35452e-07	-1.87005
5.38383	1.86819	1.35207e-07	-1.870758
5.38895	1.8689	1.3496e-07	-1.871466
5.39407	1.86961	1.34712e-07	-1.872174
5.39919	1.87031	1.3446e-07	-1.872881
5.40431	1.87102	1.34206e-07	-1.873587
5.40943	1.87173	1.33951e-07	-1.874293
5.41455	1.87243	1.33693e-07	-1.874999
5.41967	1.87314	1.33432e-07	-1.875704
5.42479	1.87384	1.33169e-07	-1.876409
5.42991	1.87455	1.32904e-07	-1.877114
5.43503	1.87525	1.32637e-07	-1.877818
5.44015	1.87595	1.32368e-07	-1.878521
5.44527	1.87666	1.32096e-07	-1.879224
5.45039	1.87736	1.31823e-07	-1.879927
5.45551	1.87806	1.31547e-07	-1.880629
5.46063	1.87876	1.31269e-07	-1.881331
5.46575	1.87947	1.3099e-07	-1.882033
5.47087	1.88017	1.30707e-07	-1.882734
5.47599	1.88087	1.30423e-07	-1.883435
5.48111	1.88157	1.30137e-07	-1.884135
5.48623	1.88227	1.29849e-07	-1.884835
5.49135	1.88297	1.29559e-07	-1.885534
5.49647	1.88367	1.29267e-07	-1.886233
5.50159	1.88437	1.28973e-07	-1.886932
5.50671	1.88506	1.28676e-07	-1.88763
5.51183	1.88576	1.28379e-07	-1.888328
5.51695	1.88646	1.28079e-07	-1.889025
5.52207	1.88715	1.27777e-07	-1.889722
5.52719	1.88785	1.27473e-07	-1.890418
5.53231	1.88855	1.27168e-07	-1.891115
5.53743	1.88924	1.2686e-07	-1.89181
5.54255	1.88994	1.26551e-07	-1.892506
5.54767	1.89063	1.2624e-07	-1.8932
5.55279	1.89133	1.25927e-07	-1.893895
5.55791	1.89202	1.25613e-07	-1.894589
5.56303	1.89272	1.25296e-07	-1.895283
5.56815	1.89341	1.24978e-07	-1.895976
5.57327	1.8941	1.24658e-07	-1.896669
5.57839	1.89479	1.24336e-07	-1.897361
5.58351	1.89549	1.24013e-07	-1.898053
5.58863	1.89618	1.23687e-07	-1.898745
5.59375	1.89687	1.23361e-07	-1.899436
5.59887	1.89756	1.23032e-07	-1.900127
5.60258344	1.89806	1.22793e-07	-1.900628
5.61935	1.90032	1.22766e-07	-1.902886
5.63471	1.90238	1.22716e-07	-1.904952
5.65007	1.90445	1.22645e-07	-1.907013
5.66543	1.9065	1.22551e-07	-1.909072
5.68079	1.90856	1.22437e-07	-1.911126
5.69615	1.91061	1.22301e-07	-1.913177
5.71151	1.91266	1.22144e-07	-1.915225
5.72687	1.9147	1.21966e-07	-1.917269
5.73711	1.91606	1.21836e-07	-1.91863
5.74735	1.91742	1.21697e-07	-1.919989
5.75759	1.91878	1.21549e-07	-1.921347
5.76783	1.92013	1.21393e-07	-1.922703
5.77807	1.92149	1.21228e-07	-1.924058
5.78831	1.92284	1.21054e-07	-1.925411
5.79855	1.92419	1.20871e-07	-1.926762
5.80879	1.92554	1.2068e-07	-1.928112
5.81903	1.92689	1.20482e-07	-1.929461
5.82927	1.92824	1.20274e-07	-1.930808
5.83951	1.92958	1.20059e-07	-1.932154
5.84975	1.93093	1.19835e-07	-1.933498
5.85999	1.93227	1.19603e-07	-1.93484
5.87023	1.93361	1.19364e-07	-1.936181
5.87535	1.93428	1.19241e-07	-1.936851
5.88047	1.93495	1.19117e-07	-1.937521
5.88559	1.93562	1.1899e-07	-1.93819
5.89071	1.93629	1.18861e-07	-1.938859
5.89583	1.93696	1.18731e-07	-1.939528
5.90095	1.93763	1.18599e-07	-1.940196
5.90607	1.93829	1.18465e-07	-1.940863
5.91119	1.93896	1.18329e-07	-1.941531
5.91631	1.93963	1.18191e-07	-1.942198
5.92143	1.94029	1.18051e-07	-1.942864
5.92655	1.94096	1.17909e-07	-1.943531
5.93167	1.94163	1.17766e-07	-1.944197
5.93679	1.94229	1.17621e-07	-1.944862
5.94191	1.94296	1.17473e-07	-1.945527
5.94703	1.94362	1.17325e-07	-1.946192
5.95215	1.94429	1.17174e-07	-1.946856
5.95727	1.94495	1.17021e-07	-1.947521
5.96239	1.94561	1.16867e-07	-1.948184
5.96751	1.94628	1.16711e-07	-1.948848
5.97263	1.94694	1.16553e-07	-1.949511
5.97775	1.9476	1.16394e-07	-1.950173
5.98287	1.94827	1.16232e-07	-1.950836
5.98799	1.94893	1.1607e-07	-1.951498
5.99311	1.94959	1.15905e-07	-1.952159
5.99823	1.95025	1.15739e-07	-1.95282
6.00335	1.95091	1.15571e-07	-1.953481
6.00847	1.95157	1.15401e-07	-1.954142
6.01359	1.95223	1.1523e-07	-1.954802
6.01871	1.95289	1.15057e-07	-1.955461
6.02383	1.95355	1.14882e-07	-1.956121
6.02895	1.95421	1.14706e-07	-1.95678
6.03407	1.95487	1.14528e-07	-1.957439
6.03919	1.95553	1.14348e-07	-1.958097
6.04431	1.95619	1.14167e-07	-1.958755
6.04943	1.95684	1.13985e-07	-1.959413
6.05455	1.9575	1.138e-07	-1.96007
6.05967	1.95816	1.13615e-07	-1.960727
6.06479	1.95881	1.13427e-07	-1.961383
6.06991	1.95947	1.13238e-07	-1.962039
6.07503	1.96013	1.13048e-07	-1.962695
6.08015	1.96078	1.12856e-07	-1.963351
6.08527	1.96144	1.12662e-07	-1.964006
6.09039	1.96209	1.12467e-07	-1.964661
6.09551	1.96274	1.12271e-07	-1.965315
6.10063	1.9634	1.12073e-07	-1.965969
6.10575	1.96405	1.11873e-07	-1.966623
6.11087	1.96471	1.11673e-07	-1.967276
6.11599	1.96536	1.1147e-07	-1.967929
6.12111	1.96601	1.11267e-07	-1.968582
6.12623	1.96666	1.11061e-07	-1.969234
6.13135	1.96732	1.10855e-07	-1.969886
6.13647	1.96797	1.10647e-07	-1.970538
6.14159	1.96862	1.10437e-07	-1.971189
6.14671	1.96927	1.10226e-07	-1.97184
6.15183	1.96992	1.10014e-07	-1.972491
6.15695	1.97057	1.09801e-07	-1.973141
6.16207	1.97122	1.09586e-07	-1.973791
6.16719	1.97187	1.09369e-07	-1.974441
6.17231	1.97252	1.09152e-07	-1.97509
6.17743	1.97317	1.08933e-07	-1.975739
6.18255	1.97382	1.08712e-07	-1.976387
6.18767	1.97446	1.08491e-07	-1.977036
6.19279	1.97511	1.08268e-07	-1.977683
6.19791	1.97576	1.08044e-07	-1.978331
6.20303	1.97641	1.07819e-07	-1.978978
6.20815	1.97705	1.07592e-07	-1.979625
6.21327	1.9777	1.07364e-07	-1.980271
6.21839	1.97835	1.07135e-07	-1.980918
6.22351	1.97899	1.06904e-07	-1.981564
6.22863	1.97964	1.06672e-07	-1.982209
6.23375	1.98028	1.0644e-07	-1.982854
6.23887	1.98093	1.06205e-07	-1.983499
6.24399	1.98157	1.0597e-07	-1.984143
6.24911	1.98222	1.05734e-07	-1.984787
6.25423	1.98286	1.05496e-07	-1.985431
6.25794344	1.98333	1.05322e-07	-1.985898
6.27471	1.98543	1.05263e-07	-1.988003
6.29519	1.988	1.05163e-07	-1.99057
6.31567	1.99056	1.05038e-07	-1.993131
6.33103	1.99248	1.04926e-07	-1.995048
6.34639	1.99439	1.048e-07	-1.996962
6.36175	1.9963	1.04659e-07	-1.998874
6.38223	1.99885	1.04449e-07	-2.001418
6.39247	2.00012	1.04335e-07	-2.002688
6.40271	2.00139	1.04215e-07	-2.003957
6.41807	2.00329	1.04023e-07	-2.005858
6.42831	2.00455	1.03888e-07	-2.007123
6.43855	2.00582	1.03746e-07	-2.008387
6.45391	2.00771	1.03524e-07	-2.010281
6.46415	2.00897	1.03368e-07	-2.011542
6.47439	2.01023	1.03206e-07	-2.012802
6.48975	2.01212	1.02953e-07	-2.014689
6.49999	2.01337	1.02777e-07	-2.015946
6.51023	2.01463	1.02596e-07	-2.017201
6.52559	2.01651	1.02313e-07	-2.019082
6.53583	2.01776	1.02118e-07	-2.020334
6.54607	2.01901	1.01918e-07	-2.021585
6.55119	2.01964	1.01816e-07	-2.02221
6.56143	2.02089	1.01608e-07	-2.023459
6.56655	2.02151	1.01501e-07	-2.024083
6.57167	2.02214	1.01394e-07	-2.024707
6.57679	2.02276	1.01285e-07	-2.02533
6.58191	2.02338	1.01176e-07	-2.025953
6.58703	2.024	1.01064e-07	-2.026576
6.59727	2.02525	1.00838e-07	-2.027821
6.60239	2.02587	1.00723e-07	-2.028443
6.60751	2.02649	1.00606e-07	-2.029064
6.61263	2.02711	1.00489e-07	-2.029686
6.61775	2.02773	1.0037e-07	-2.030307
6.62287	2.02835	1.0025e-07	-2.030927
6.63311	2.0296	1.00007e-07	-2.032168
6.63823	2.03021	9.9883e-08	-2.032787
6.64335	2.03083	9.97579e-08	-2.033407
6.64847	2.03145	9.96322e-08	-2.034026
6.65359	2.03207	9.95046e-08	-2.034645
6.65871	2.03269	9.93764e-08	-2.035263
6.66895	2.03393	9.91161e-08	-2.0365
6.67407	2.03454	9.8984e-08	-2.037117
6.67919	2.03516	9.88509e-08	-2.037734
6.68431	2.03578	9.87168e-08	-2.038351
6.68943	2.0364	9.85814e-08	-2.038968
6.69455	2.03701	9.84449e-08	-2.039585
6.70479	2.03824	9.81686e-08	-2.040816
6.70991	2.03886	9.80287e-08	-2.041432
6.71503	2.03947	9.78879e-08	-2.042047
6.72015	2.04009	9.77459e-08	-2.042662
6.72527	2.0407	9.76028e-08	-2.043277
6.73039	2.04132	9.74585e-08	-2.043891
6.74063	2.04255	9.71666e-08	-2.045119
6.74575	2.04316	9.70194e-08	-2.045732
6.75087	2.04377	9.68707e-08	-2.046345
6.75599	2.04439	9.67212e-08	-2.046958
6.76111	2.045	9.65706e-08	-2.04757
6.76623	2.04561	9.64188e-08	-2.048183
6.77647	2.04683	9.61124e-08	-2.049406
6.78159	2.04745	9.59578e-08	-2.050018
6.78671	2.04806	9.5802e-08	-2.050629
6.79183	2.04867	9.56452e-08	-2.051239
6.79695	2.04928	9.54873e-08	-2.05185
6.80207	2.04989	9.53286e-08	-2.05246
6.81231	2.0511	9.50081e-08	-2.053679
6.81743	2.05171	9.48464e-08	-2.054289
6.82255	2.05232	9.46838e-08	-2.054898
6.82767	2.05293	9.45202e-08	-2.055506
6.83279	2.05354	9.43556e-08	-2.056115
6.83791	2.05415	9.41901e-08	-2.056723
6.84815	2.05536	9.38561e-08	-2.057938
6.85327	2.05597	9.36877e-08	-2.058545
6.85839	2.05658	9.35184e-08	-2.059152
6.86351	2.05719	9.33482e-08	-2.059759
6.86863	2.05779	9.31771e-08	-2.060365
6.87375	2.0584	9.30051e-08	-2.060971
6.88399	2.05961	9.26584e-08	-2.062182
6.88911	2.06021	9.24838e-08	-2.062788
6.89423	2.06082	9.23082e-08	-2.063392
6.89935	2.06142	9.21318e-08	-2.063997
6.90447	2.06203	9.19544e-08	-2.064602
6.90959	2.06263	9.17763e-08	-2.065206
6.91330344	2.06307	9.16465e-08	-2.065644
6.93519	2.06565	9.15478e-08	-2.068221
6.95567	2.06805	9.14356e-08	-2.070629
6.97103	2.06986	9.13391e-08	-2.072432
6.99151	2.07226	9.11943e-08	-2.074832
7.00687	2.07405	9.10737e-08	-2.076628
7.02735	2.07644	9.0897e-08	-2.07902
7.03759	2.07764	9.0802e-08	-2.080214
7.04783	2.07883	9.07024e-08	-2.081408
7.06319	2.08062	9.05451e-08	-2.083195
7.07343	2.08181	9.04351e-08	-2.084386
7.08367	2.083	9.03206e-08	-2.085575
7.09903	2.08478	9.0141e-08	-2.087357
7.10927	2.08597	9.00157e-08	-2.088543
7.11951	2.08715	8.98868e-08	-2.089729
7.13487	2.08893	8.96858e-08	-2.091505
7.14511	2.09011	8.95465e-08	-2.092687
7.15535	2.09129	8.9403e-08	-2.093869
7.17071	2.09306	8.91803e-08	-2.095639
7.18095	2.09424	8.90275e-08	-2.096818
7.19119	2.09542	8.88701e-08	-2.097996
7.20655	2.09719	8.86276e-08	-2.099761
7.21679	2.09836	8.84608e-08	-2.100936
7.22703	2.09953	8.82905e-08	-2.10211
7.24239	2.10129	8.80281e-08	-2.103869
7.24751	2.10188	8.79388e-08	-2.104455
7.25263	2.10247	8.78483e-08	-2.105041
7.25775	2.10305	8.77574e-08	-2.105626
7.26287	2.10364	8.76652e-08	-2.106211
7.26799	2.10422	8.75722e-08	-2.106796
7.27823	2.10539	8.73836e-08	-2.107965
7.28335	2.10597	8.72878e-08	-2.108548
7.28847	2.10656	8.71917e-08	-2.109132
7.29359	2.10714	8.7094e-08	-2.109716
7.29871	2.10772	8.69959e-08	-2.110299
7.30383	2.10831	8.68967e-08	-2.110882
7.31407	2.10947	8.66959e-08	-2.112047
7.31919	2.11005	8.65944e-08	-2.112629
7.32431	2.11064	8.64917e-08	-2.113211
7.32943	2.11122	8.63883e-08	-2.113793
7.33455	2.1118	8.62842e-08	-2.114374
7.33967	2.11238	8.61792e-08	-2.114955
7.34991	2.11354	8.59665e-08	-2.116116
7.35503	2.11412	8.5859e-08	-2.116697
7.36015	2.1147	8.57509e-08	-2.117277
7.36527	2.11528	8.56415e-08	-2.117857
7.37039	2.11586	8.55316e-08	-2.118436
7.37551	2.11644	8.54209e-08	-2.119016
7.38575	2.1176	8.5197e-08	-2.120173
7.39087	2.11818	8.50838e-08	-2.120752
7.39599	2.11875	8.497e-08	-2.12133
7.40111	2.11933	8.48551e-08	-2.121908
7.40623	2.11991	8.47399e-08	-2.122486
7.41135	2.12049	8.46236e-08	-2.123063
7.42159	2.12164	8.43887e-08	-2.124218
7.42671	2.12222	8.42702e-08	-2.124794
7.43183	2.12279	8.41509e-08	-2.125371
7.43695	2.12337	8.40308e-08	-2.125947
7.44207	2.12395	8.39101e-08	-2.126523
7.44719	2.12452	8.37885e-08	-2.127099
7.45743	2.12567	8.35432e-08	-2.128249
7.46255	2.12625	8.34194e-08	-2.128824
7.46767	2.12682	8.3295e-08	-2.129399
7.47279	2.1274	8.31698e-08	-2.129973
7.47791	2.12797	8.30439e-08	-2.130548
7.48303	2.12854	8.29173e-08	-2.131121
7.49327	2.12969	8.26619e-08	-2.132269
7.49839	2.13027	8.25332e-08	-2.132842
7.50351	2.13084	8.24038e-08	-2.133415
7.50863	2.13141	8.22738e-08	-2.133987
7.51375	2.13198	8.21429e-08	-2.13456
7.51887	2.13255	8.20115e-08	-2.135132
7.52911	2.1337	8.17464e-08	-2.136276
7.53935	2.13484	8.14787e-08	-2.137418
7.54959	2.13598	8.12085e-08	-2.13856
7.55983	2.13712	8.09356e-08	-2.139701
7.56866344	2.13811	8.06981e-08	-2.140684
7.59055	2.14054	8.05963e-08	-2.143116
7.61103	2.14281	8.04867e-08	-2.145389
7.63151	2.14508	8.03633e-08	-2.147657
7.65199	2.14735	8.02265e-08	-2.149922
7.67247	2.1496	8.00765e-08	-2.152182
7.68271	2.15073	7.99964e-08	-2.153311
7.69295	2.15186	7.99133e-08	-2.154439
7.70319	2.15299	7.98268e-08	-2.155566
7.71343	2.15411	7.97372e-08	-2.156692
7.72367	2.15524	7.96444e-08	-2.157817
7.73391	2.15636	7.95486e-08	-2.158941
7.74415	2.15749	7.94494e-08	-2.160064
7.75439	2.15861	7.93474e-08	-2.161186
7.76463	2.15973	7.92422e-08	-2.162307
7.77487	2.16085	7.91339e-08	-2.163427
7.78511	2.16197	7.90227e-08	-2.164547
7.79535	2.16309	7.89084e-08	-2.165665
7.80559	2.1642	7.87912e-08	-2.166782
7.81583	2.16532	7.86711e-08	-2.167899
7.82607	2.16644	7.8548e-08	-2.169014
7.83631	2.16755	7.84221e-08	-2.170129
7.84655	2.16866	7.82933e-08	-2.171243
7.85679	2.16978	7.81616e-08	-2.172355
7.86703	2.17089	7.80272e-08	-2.173467
7.87727	2.172	7.78899e-08	-2.174578
7.88751	2.17311	7.77499e-08	-2.175688
7.89775	2.17422	7.76071e-08	-2.176797
7.90799	2.17533	7.74617e-08	-2.177905
7.91823	2.17643	7.73135e-08	-2.179012
7.92847	2.17754	7.71627e-08	-2.180118
7.93871	2.17864	7.70093e-08	-2.181223
7.94895	2.17975	7.68532e-08	-2.182328
7.95919	2.18085	7.66946e-08	-2.183431
7.96943	2.18196	7.65332e-08	-2.184534
7.97967	2.18306	7.63695e-08	-2.185636
7.98991	2.18416	7.62032e-08	-2.186736
8.00015	2.18526	7.60346e-08	-2.187836
8.01039	2.18636	7.58635e-08	-2.188935
8.02063	2.18745	7.56894e-08	-2.190033
8.03087	2.18855	7.55136e-08	-2.19113
8.04111	2.18965	7.5335e-08	-2.192226
8.05135	2.19074	7.51542e-08	-2.193322
8.06159	2.19184	7.4971e-08	-2.194416
8.07183	2.19293	7.47854e-08	-2.19551
8.08207	2.19402	7.45977e-08	-2.196602
8.09231	2.19511	7.44075e-08	-2.197694
8.10255	2.19621	7.42151e-08	-2.198785
8.11279	2.1973	7.40205e-08	-2.199875
8.12303	2.19838	7.38238e-08	-2.200964
8.13327	2.19947	7.36249e-08	-2.202052
8.14351	2.20056	7.34237e-08	-2.203139
8.15375	2.20165	7.32204e-08	-2.204226
8.16399	2.20273	7.30151e-08	-2.205311
8.17423	2.20382	7.28077e-08	-2.206396
8.18447	2.2049	7.25982e-08	-2.20748
8.19471	2.20598	7.23867e-08	-2.208563
8.20495	2.20707	7.21731e-08	-2.209645
8.21519	2.20815	7.19576e-08	-2.210726
8.22402344	2.20908	7.17701e-08	-2.211658
8.24591	2.21138	7.1828e-08	-2.213964
8.27663	2.21461	7.18882e-08	-2.217195
8.30735	2.21784	7.1924e-08	-2.220418
8.33807	2.22105	7.19359e-08	-2.223633
8.36879	2.22426	7.19243e-08	-2.22684
8.39951	2.22746	7.18896e-08	-2.23004
8.43023	2.23065	7.18322e-08	-2.233233
8.46095	2.23384	7.17526e-08	-2.236418
8.49167	2.23701	7.1651e-08	-2.239595
8.51215	2.23913	7.15714e-08	-2.24171
8.53263	2.24124	7.14825e-08	-2.243821
8.55311	2.24335	7.13842e-08	-2.245928
8.57359	2.24545	7.12768e-08	-2.248033
8.59407	2.24755	7.11604e-08	-2.250134
8.61455	2.24965	7.1035e-08	-2.252232
8.63503	2.25175	7.0901e-08	-2.254327
8.65551	2.25384	7.07582e-08	-2.256418
8.66575	2.25488	7.06836e-08	-2.257463
8.67599	2.25593	7.06069e-08	-2.258507
8.68623	2.25697	7.05281e-08	-2.259549
8.69647	2.25801	7.04472e-08	-2.260592
8.70671	2.25905	7.03643e-08	-2.261633
8.71695	2.26009	7.02792e-08	-2.262674
8.72719	2.26113	7.01922e-08	-2.263714
8.73743	2.26217	7.01031e-08	-2.264753
8.74767	2.26321	7.0012e-08	-2.265791
8.75791	2.26425	6.99189e-08	-2.266828
8.76815	2.26528	6.98239e-08	-2.267865
8.77839	2.26632	6.97268e-08	-2.268901
8.78863	2.26735	6.96279e-08	-2.269936
8.79887	2.26839	6.9527e-08	-2.27097
8.80911	2.26942	6.94242e-08	-2.272004
8.81935	2.27046	6.93195e-08	-2.273037
8.82959	2.27149	6.92129e-08	-2.274069
8.83983	2.27252	6.91044e-08	-2.2751
8.85007	2.27355	6.89941e-08	-2.27613
8.86031	2.27458	6.88819e-08	-2.27716
8.87055	2.27561	6.87679e-08	-2.278189
8.88079	2.27664	6.86521e-08	-2.279217
8.89103	2.27766	6.85345e-08	-2.280245
8.90127	2.27869	6.84151e-08	-2.281271
8.91151	2.27971	6.82939e-08	-2.282297
8.92175	2.28074	6.8171e-08	-2.283322
8.93199	2.28177	6.80464e-08	-2.284347
8.94223	2.28279	6.79202e-08	-2.28537
8.95247	2.28381	6.7792e-08	-2.286393
8.96271	2.28483	6.76624e-08	-2.287415
8.97295	2.28585	6.7531e-08	-2.288436
8.98319	2.28688	6.73978e-08	-2.289457
8.99343	2.2879	6.72628e-08	-2.290477
9.00367	2.28891	6.71265e-08	-2.291496
9.01391	2.28993	6.69885e-08	-2.292514
9.02415	2.29095	6.68491e-08	-2.293532
9.03439	2.29197	6.6708e-08	-2.294549
9.04463	2.29298	6.65652e-08	-2.295565
9.05487	2.294	6.64208e-08	-2.29658
9.06511	2.29501	6.62747e-08	-2.297595
9.07535	2.29603	6.61274e-08	-2.298609
9.08559	2.29704	6.59785e-08	-2.299622
9.09583	2.29805	6.58283e-08	-2.300634
9.10607	2.29906	6.56762e-08	-2.301646
9.11631	2.30007	6.55229e-08	-2.302657
9.12655	2.30108	6.5368e-08	-2.303667
9.13679	2.30209	6.52119e-08	-2.304676
9.14703	2.3031	6.50541e-08	-2.305685
9.15727	2.30411	6.4895e-08	-2.306693
9.16751	2.30512	6.47345e-08	-2.3077
9.17775	2.30612	6.45725e-08	-2.308707
9.18799	2.30713	6.44093e-08	-2.309713
9.19823	2.30814	6.42448e-08	-2.310718
9.20847	2.30914	6.40788e-08	-2.311722
9.21871	2.31014	6.39114e-08	-2.312726
9.22895	2.31115	6.37427e-08	-2.313729
9.23919	2.31215	6.35729e-08	-2.314731
9.24943	2.31315	6.34015e-08	-2.315732
9.25967	2.31415	6.3229e-08	-2.316733
9.26991	2.31515	6.30554e-08	-2.317733
9.28015	2.31615	6.28803e-08	-2.318732
9.29039	2.31715	6.27042e-08	-2.319731
9.30063	2.31815	6.25266e-08	-2.320729
9.31087	2.31914	6.23479e-08	-2.321726
9.32111	2.32014	6.21682e-08	-2.322723
9.33135	2.32113	6.19871e-08	-2.323718
9.34159	2.32213	6.18048e-08	-2.324714
9.35183	2.32313	6.16215e-08	-2.325708
9.36207	2.32412	6.1437e-08	-2.326701
9.37231	2.32511	6.12514e-08	-2.327695
9.38255	2.3261	6.10646e-08	-2.328687
9.39279	2.32709	6.08769e-08	-2.329678
9.40303	2.32808	6.06879e-08	-2.330669
9.41327	2.32908	6.04979e-08	-2.331659
9.42351	2.33006	6.03069e-08	-2.332649
9.43375	2.33105	6.01147e-08	-2.333638
9.44399	2.33204	5.99216e-08	-2.334626
9.45423	2.33303	5.97274e-08	-2.335613
9.46447	2.33402	5.95322e-08	-2.3366
9.47471	2.335	5.9336e-08	-2.337586
9.48495	2.33599	5.9139e-08	-2.338571
9.49519	2.33697	5.89409e-08	-2.339556
9.50543	2.33796	5.87418e-08	-2.34054
9.51567	2.33894	5.85417e-08	-2.341523
9.52591	2.33992	5.83408e-08	-2.342505
9.53474344	2.34077	5.81667e-08	-2.343352
9.56687	2.34384	5.8179e-08	-2.346429
9.59759	2.34678	5.81757e-08	-2.349364
9.62831	2.34971	5.8158e-08	-2.352294
9.65903	2.35263	5.81261e-08	-2.355217
9.68975	2.35555	5.80802e-08	-2.358134
9.72047	2.35846	5.80206e-08	-2.361045
9.75119	2.36137	5.79476e-08	-2.363951
9.78191	2.36427	5.78612e-08	-2.36685
9.80239	2.3662	5.77963e-08	-2.36878
9.82287	2.36812	5.77258e-08	-2.370707
9.84335	2.37005	5.76495e-08	-2.372631
9.86383	2.37197	5.75677e-08	-2.374553
9.88431	2.37389	5.74803e-08	-2.376473
9.90479	2.3758	5.73875e-08	-2.378389
9.92527	2.37772	5.72893e-08	-2.380303
9.94575	2.37963	5.71857e-08	-2.382215
9.96623	2.38154	5.70769e-08	-2.384124
9.98671	2.38345	5.69629e-08	-2.38603
9.99695	2.3844	5.6904e-08	-2.386983
10.00719	2.38535	5.68438e-08	-2.387935
10.01743	2.3863	5.67824e-08	-2.388886
10.02767	2.38725	5.67197e-08	-2.389836
10.03791	2.3882	5.66557e-08	-2.390786
10.04815	2.38915	5.65905e-08	-2.391735
10.05839	2.3901	5.65241e-08	-2.392683
10.06863	2.39105	5.64564e-08	-2.393631
10.07887	2.39199	5.63875e-08	-2.394579
10.08911	2.39294	5.63175e-08	-2.395525
10.09935	2.39389	5.62462e-08	-2.396471
10.10959	2.39483	5.61738e-08	-2.397417
10.11983	2.39578	5.61001e-08	-2.398361
10.13007	2.39672	5.60253e-08	-2.399306
10.14031	2.39766	5.59493e-08	-2.400249
10.15055	2.39861	5.58722e-08	-2.401192
10.16079	2.39955	5.57939e-08	-2.402134
10.17103	2.40049	5.57144e-08	-2.403076
10.18127	2.40143	5.56339e-08	-2.404017
10.19151	2.40237	5.55523e-08	-2.404957
10.20175	2.40331	5.54694e-08	-2.405897
10.21199	2.40425	5.53856e-08	-2.406836
10.22223	2.40519	5.53006e-08	-2.407775
10.23247	2.40613	5.52145e-08	-2.408713
10.24271	2.40707	5.51273e-08	-2.409651
10.25295	2.408	5.50391e-08	-2.410587
10.26319	2.40894	5.49498e-08	-2.411523
10.27343	2.40987	5.48594e-08	-2.412459
10.28367	2.41081	5.4768e-08	-2.413394
10.29391	2.41174	5.46755e-08	-2.414328
10.30415	2.41268	5.45821e-08	-2.415262
10.31439	2.41361	5.44875e-08	-2.416195
10.32463	2.41454	5.4392e-08	-2.417128
10.33487	2.41547	5.42954e-08	-2.41806
10.34511	2.41641	5.41978e-08	-2.418991
10.35535	2.41734	5.40993e-08	-2.419922
10.36559	2.41827	5.39998e-08	-2.420852
10.37583	2.4192	5.38993e-08	-2.421782
10.38607	2.42013	5.37978e-08	-2.422711
10.39631	2.42105	5.36953e-08	-2.423639
10.40655	2.42198	5.3592e-08	-2.424567
10.41679	2.42291	5.34876e-08	-2.425494
10.42703	2.42383	5.33824e-08	-2.426421
10.43727	2.42476	5.32761e-08	-2.427347
10.44751	2.42569	5.3169e-08	-2.428272
10.45775	2.42661	5.3061e-08	-2.429197
10.46799	2.42754	5.2952e-08	-2.430121
10.47823	2.42846	5.28421e-08	-2.431045
10.48847	2.42938	5.27314e-08	-2.431968
10.49871	2.4303	5.26198e-08	-2.43289
10.50895	2.43123	5.25073e-08	-2.433812
10.51919	2.43215	5.23939e-08	-2.434734
10.52943	2.43307	5.22797e-08	-2.435654
10.53967	2.43399	5.21645e-08	-2.436574
10.54991	2.43491	5.20487e-08	-2.437494
10.56015	2.43583	5.19319e-08	-2.438413
10.57039	2.43675	5.18142e-08	-2.439332
10.58063	2.43766	5.16958e-08	-2.440249
10.59087	2.43858	5.15766e-08	-2.441167
10.60111	2.4395	5.14565e-08	-2.442083
10.61135	2.44041	5.13357e-08	-2.442999
10.62159	2.44133	5.12141e-08	-2.443915
10.63183	2.44224	5.10916e-08	-2.44483
10.64207	2.44316	5.09684e-08	-2.445744
10.65231	2.44407	5.08445e-08	-2.446658
10.66255	2.44498	5.07198e-08	-2.447571
10.67279	2.4459	5.05943e-08	-2.448484
10.68303	2.44681	5.0468e-08	-2.449396
10.69327	2.44772	5.0341e-08	-2.450308
10.70351	2.44863	5.02133e-08	-2.451219
10.71375	2.44954	5.00849e-08	-2.452129
10.72399	2.45045	4.99557e-08	-2.453039
10.73423	2.45136	4.98258e-08	-2.453948
10.74447	2.45227	4.96953e-08	-2.454857
10.75471	2.45318	4.9564e-08	-2.455765
10.76495	2.45409	4.94324e-08	-2.456673
10.77519	2.45499	4.92997e-08	-2.45758
10.78543	2.4559	4.91665e-08	-2.458486
10.79567	2.4568	4.90325e-08	-2.459392
10.80591	2.45771	4.88978e-08	-2.460297
10.81615	2.45861	4.87625e-08	-2.461202
10.82639	2.45952	4.86265e-08	-2.462106
10.83663	2.46042	4.849e-08	-2.46301
10.8454634	2.4612	4.83716e-08	-2.463789
10.87759	2.46403	4.83553e-08	-2.466619
10.90831	2.46673	4.83302e-08	-2.46932
10.93903	2.46943	4.82959e-08	-2.472016
10.96975	2.47212	4.82525e-08	-2.474708
11.00047	2.47481	4.82003e-08	-2.477394
11.03119	2.47749	4.81394e-08	-2.480075
11.06191	2.48016	4.80697e-08	-2.482752
11.08239	2.48195	4.80186e-08	-2.484534
11.10287	2.48373	4.79638e-08	-2.486313
11.12335	2.4855	4.79052e-08	-2.488091
11.14383	2.48728	4.7843e-08	-2.489866
11.16431	2.48905	4.77772e-08	-2.491639
11.18479	2.49082	4.77077e-08	-2.49341
11.20527	2.49259	4.76348e-08	-2.495179
11.22575	2.49436	4.75584e-08	-2.496946
11.24623	2.49612	4.74786e-08	-2.498711
11.26671	2.49789	4.73952e-08	-2.500473
11.28719	2.49965	4.73085e-08	-2.502234
11.30767	2.5014	4.72185e-08	-2.503992
11.32815	2.50316	4.71252e-08	-2.505749
11.33839	2.50404	4.70773e-08	-2.506626
11.34863	2.50491	4.70286e-08	-2.507503
11.35887	2.50579	4.69791e-08	-2.50838
11.36911	2.50667	4.69288e-08	-2.509256
11.37935	2.50754	4.68777e-08	-2.510131
11.38959	2.50842	4.68258e-08	-2.511006
11.39983	2.50929	4.67732e-08	-2.51188
11.41007	2.51017	4.67197e-08	-2.512754
11.42031	2.51104	4.66654e-08	-2.513627
11.43055	2.51191	4.66104e-08	-2.5145
11.44079	2.51278	4.65547e-08	-2.515372
11.45103	2.51365	4.64981e-08	-2.516244
11.46127	2.51453	4.64409e-08	-2.517115
11.47151	2.5154	4.63828e-08	-2.517986
11.48175	2.51627	4.6324e-08	-2.518857
11.49199	2.51714	4.62645e-08	-2.519726
11.50223	2.51801	4.62043e-08	-2.520596
11.51247	2.51887	4.61432e-08	-2.521464
11.52271	2.51974	4.60815e-08	-2.522333
11.53295	2.52061	4.6019e-08	-2.5232
11.54319	2.52148	4.59559e-08	-2.524068
11.55343	2.52235	4.5892e-08	-2.524934
11.56367	2.52321	4.58274e-08	-2.525801
11.57391	2.52408	4.57621e-08	-2.526666
11.58415	2.52494	4.56961e-08	-2.527532
11.59439	2.52581	4.56295e-08	-2.528396
11.60463	2.52667	4.55621e-08	-2.529261
11.61487	2.52753	4.5494e-08	-2.530124
11.62511	2.5284	4.54252e-08	-2.530988
11.63535	2.52926	4.53558e-08	-2.53185
11.64559	2.53012	4.52857e-08	-2.532713
11.65583	2.53099	4.5215e-08	-2.533574
11.66607	2.53185	4.51435e-08	-2.534436
11.67631	2.53271	4.50715e-08	-2.535296
11.68655	2.53357	4.49987e-08	-2.536157
11.69679	2.53443	4.49254e-08	-2.537017
11.70703	2.53529	4.48514e-08	-2.537876
11.71727	2.53614	4.47767e-08	-2.538735
11.72751	2.537	4.47014e-08	-2.539593
11.73775	2.53786	4.46255e-08	-2.540451
11.74799	2.53872	4.45489e-08	-2.541308
11.75823	2.53957	4.44718e-08	-2.542165
11.76847	2.54043	4.4394e-08	-2.543022
11.77871	2.54129	4.43156e-08	-2.543877
11.78895	2.54214	4.42366e-08	-2.544733
11.79919	2.543	4.4157e-08	-2.545588
11.80943	2.54385	4.40768e-08	-2.546442
11.81967	2.54471	4.3996e-08	-2.547296
11.82991	2.54556	4.39147e-08	-2.54815
11.84015	2.54641	4.38327e-08	-2.549003
11.85039	2.54726	4.37502e-08	-2.549855
11.86063	2.54812	4.36671e-08	-2.550707
11.87087	2.54897	4.35833e-08	-2.551559
11.88111	2.54982	4.34991e-08	-2.55241
11.89135	2.55067	4.34143e-08	-2.553261
11.90159	2.55152	4.33289e-08	-2.554111
11.91183	2.55237	4.3243e-08	-2.55496
11.92207	2.55322	4.31566e-08	-2.55581
11.93231	2.55407	4.30695e-08	-2.556658
11.94255	2.55492	4.2982e-08	-2.557506
11.95279	2.55576	4.28939e-08	-2.558354
11.96303	2.55661	4.28053e-08	-2.559201
11.97327	2.55746	4.27161e-08	-2.560048
11.98351	2.5583	4.26265e-08	-2.560895
11.99375	2.55915	4.25363e-08	-2.56174
12.00399	2.56	4.24457e-08	-2.562586
12.01423	2.56084	4.23545e-08	-2.563431
12.02447	2.56168	4.22628e-08	-2.564275
12.03471	2.56253	4.21706e-08	-2.565119
12.04495	2.56337	4.20778e-08	-2.565963
12.05519	2.56422	4.19846e-08	-2.566806
12.06543	2.56506	4.1891e-08	-2.567648
12.07567	2.5659	4.17968e-08	-2.56849
12.08591	2.56674	4.17023e-08	-2.569332
12.09615	2.56758	4.16071e-08	-2.570173
12.10639	2.56842	4.15115e-08	-2.571014
12.11663	2.56926	4.14155e-08	-2.571854
12.12687	2.5701	4.13191e-08	-2.572694
12.13711	2.57094	4.1222e-08	-2.573533
12.14735	2.57178	4.11247e-08	-2.574372
12.1561834	2.5725	4.10402e-08	-2.575095
12.18831	2.57513	4.10125e-08	-2.577723
12.22927	2.57848	4.09674e-08	-2.581066
12.25999	2.58098	4.09263e-08	-2.583569
12.29071	2.58348	4.08792e-08	-2.586068
12.32143	2.58597	4.08263e-08	-2.588563
12.35215	2.58846	4.07675e-08	-2.591053
12.37263	2.59012	4.07251e-08	-2.592711
12.39311	2.59178	4.06801e-08	-2.594368
12.41359	2.59343	4.06328e-08	-2.596022
12.43407	2.59508	4.05828e-08	-2.597675
12.45455	2.59674	4.05304e-08	-2.599326
12.47503	2.59838	4.04756e-08	-2.600975
12.49551	2.60003	4.04183e-08	-2.602623
12.51599	2.60168	4.03586e-08	-2.604268
12.53647	2.60332	4.02966e-08	-2.605912
12.55695	2.60496	4.02322e-08	-2.607554
12.57743	2.6066	4.01656e-08	-2.609195
12.59791	2.60824	4.00967e-08	-2.610834
12.61839	2.60988	4.00255e-08	-2.612471
12.63887	2.61151	3.9952e-08	-2.614106
12.65935	2.61315	3.98763e-08	-2.615739
12.67983	2.61478	3.97984e-08	-2.617371
12.70031	2.61641	3.97184e-08	-2.619001
12.71055	2.61722	3.96775e-08	-2.619815
12.72079	2.61804	3.96362e-08	-2.620629
12.73103	2.61885	3.95943e-08	-2.621443
12.74127	2.61966	3.95519e-08	-2.622256
12.75151	2.62048	3.95089e-08	-2.623069
12.76175	2.62129	3.94655e-08	-2.623881
12.77199	2.6221	3.94215e-08	-2.624693
12.78223	2.62291	3.9377e-08	-2.625504
12.79247	2.62372	3.9332e-08	-2.626315
12.80271	2.62453	3.92865e-08	-2.627126
12.81295	2.62534	3.92405e-08	-2.627936
12.82319	2.62615	3.91939e-08	-2.628745
12.83343	2.62696	3.91469e-08	-2.629554
12.84367	2.62777	3.90993e-08	-2.630363
12.85391	2.62858	3.90513e-08	-2.631172
12.86415	2.62939	3.90028e-08	-2.63198
12.87439	2.6302	3.89538e-08	-2.632787
12.88463	2.631	3.89044e-08	-2.633595
12.89487	2.63181	3.88543e-08	-2.634401
12.90511	2.63262	3.88039e-08	-2.635208
12.91535	2.63342	3.8753e-08	-2.636013
12.92559	2.63423	3.87016e-08	-2.636819
12.93583	2.63503	3.86497e-08	-2.637624
12.94607	2.63584	3.85973e-08	-2.638429
12.95631	2.63664	3.85445e-08	-2.639233
12.96655	2.63745	3.84913e-08	-2.640037
12.97679	2.63825	3.84376e-08	-2.64084
12.98703	2.63905	3.83834e-08	-2.641643
12.99727	2.63985	3.83287e-08	-2.642446
13.00751	2.64066	3.82736e-08	-2.643248
13.01775	2.64146	3.82181e-08	-2.644049
13.02799	2.64226	3.81621e-08	-2.644851
13.03823	2.64306	3.81057e-08	-2.645652
13.04847	2.64386	3.80488e-08	-2.646452
13.05871	2.64466	3.79916e-08	-2.647252
13.06895	2.64546	3.79338e-08	-2.648052
13.07919	2.64626	3.78756e-08	-2.648851
13.08943	2.64706	3.78171e-08	-2.64965
13.09967	2.64786	3.77581e-08	-2.650449
13.10991	2.64866	3.76986e-08	-2.651247
13.12015	2.64945	3.76387e-08	-2.652044
13.13039	2.65025	3.75784e-08	-2.652842
13.14063	2.65104	3.75178e-08	-2.653638
13.15087	2.65184	3.74567e-08	-2.654435
13.16111	2.65264	3.73951e-08	-2.655231
13.17135	2.65343	3.73333e-08	-2.656026
13.18159	2.65423	3.72709e-08	-2.656822
13.19183	2.65502	3.72083e-08	-2.657616
13.20207	2.65582	3.71451e-08	-2.658411
13.21231	2.65661	3.70816e-08	-2.659205
13.22255	2.6574	3.70177e-08	-2.659998
13.23279	2.6582	3.69534e-08	-2.660792
13.24303	2.65899	3.68888e-08	-2.661584
13.25327	2.65978	3.68237e-08	-2.662377
13.26351	2.66058	3.67583e-08	-2.663169
13.27375	2.66137	3.66925e-08	-2.66396
13.28399	2.66216	3.66263e-08	-2.664751
13.29423	2.66295	3.65597e-08	-2.665542
13.30447	2.66374	3.64928e-08	-2.666333
13.31471	2.66453	3.64255e-08	-2.667123
13.32495	2.66532	3.63579e-08	-2.667912
13.33519	2.66611	3.62899e-08	-2.668701
13.34543	2.6669	3.62215e-08	-2.66949
13.35567	2.66769	3.61527e-08	-2.670279
13.36591	2.66847	3.60837e-08	-2.671067
13.37615	2.66926	3.60143e-08	-2.671854
13.38639	2.67005	3.59445e-08	-2.672641
13.39663	2.67083	3.58744e-08	-2.673428
13.40687	2.67162	3.58039e-08	-2.674215
13.41711	2.67241	3.57331e-08	-2.675001
13.42735	2.67319	3.5662e-08	-2.675786
13.43759	2.67398	3.55905e-08	-2.676572
13.44783	2.67476	3.55187e-08	-2.677356
13.45807	2.67555	3.54466e-08	-2.678141
13.4669034	2.67622	3.53841e-08	-2.678817
13.49903	2.67868	3.54331e-08	-2.681275
13.52975	2.68103	3.54755e-08	-2.683621
13.56047	2.68337	3.55131e-08	-2.685964
13.60143	2.68649	3.55564e-08	-2.689083
13.64239	2.6896	3.55918e-08	-2.692195
13.68335	2.69271	3.56193e-08	-2.695301
13.72431	2.69581	3.56392e-08	-2.698401
13.76527	2.6989	3.56515e-08	-2.701495
13.80623	2.70199	3.56563e-08	-2.704583
13.84719	2.70507	3.56538e-08	-2.707665
13.88815	2.70815	3.5644e-08	-2.710741
13.92911	2.71122	3.5627e-08	-2.713811
13.97007	2.71428	3.56029e-08	-2.716875
14.01103	2.71734	3.5572e-08	-2.719933
14.05199	2.72039	3.55342e-08	-2.722986
14.09295	2.72344	3.54897e-08	-2.726032
14.12367	2.72572	3.5452e-08	-2.728313
14.15439	2.728	3.54105e-08	-2.730591
14.18511	2.73027	3.53654e-08	-2.732866
14.21583	2.73254	3.53168e-08	-2.735137
14.24655	2.73481	3.52647e-08	-2.737405
14.26703	2.73632	3.52279e-08	-2.738916
14.28751	2.73783	3.51897e-08	-2.740425
14.30799	2.73934	3.51499e-08	-2.741932
14.32847	2.74084	3.51086e-08	-2.743438
14.34895	2.74235	3.50657e-08	-2.744943
14.36943	2.74385	3.50215e-08	-2.746446
14.38991	2.74535	3.49757e-08	-2.747948
14.41039	2.74685	3.49285e-08	-2.749448
14.43087	2.74835	3.48798e-08	-2.750947
14.45135	2.74985	3.48297e-08	-2.752445
14.47183	2.75135	3.47781e-08	-2.753941
14.49231	2.75284	3.47252e-08	-2.755436
14.51279	2.75434	3.46709e-08	-2.75693
14.53327	2.75583	3.46152e-08	-2.758422
14.55375	2.75732	3.45581e-08	-2.759912
14.57423	2.75881	3.44997e-08	-2.761402
14.59471	2.7603	3.44399e-08	-2.76289
14.61519	2.76178	3.43788e-08	-2.764376
14.63567	2.76327	3.43164e-08	-2.765861
14.65615	2.76475	3.42526e-08	-2.767345
14.67663	2.76623	3.41877e-08	-2.768828
14.69711	2.76771	3.41214e-08	-2.770309
14.71759	2.76919	3.40538e-08	-2.771789
14.72783	2.76993	3.40196e-08	-2.772528
14.73807	2.77067	3.39851e-08	-2.773267
14.74831	2.77141	3.39502e-08	-2.774006
14.75855	2.77215	3.3915e-08	-2.774744
14.76879	2.77289	3.38795e-08	-2.775482
14.77903	2.77362	3.38438e-08	-2.77622
14.78927	2.77436	3.38076e-08	-2.776957
14.79951	2.7751	3.37713e-08	-2.777694
14.80975	2.77583	3.37346e-08	-2.778431
14.81999	2.77657	3.36976e-08	-2.779167
14.83023	2.77731	3.36603e-08	-2.779903
14.84047	2.77804	3.36228e-08	-2.780639
14.85071	2.77878	3.35849e-08	-2.781374
14.86095	2.77951	3.35467e-08	-2.782109
14.87119	2.78025	3.35083e-08	-2.782844
14.89167	2.78172	3.34305e-08	-2.784312
14.90191	2.78245	3.33912e-08	-2.785046
14.91215	2.78318	3.33516e-08	-2.785779
14.92239	2.78392	3.33117e-08	-2.786512
14.93263	2.78465	3.32716e-08	-2.787245
14.94287	2.78538	3.32311e-08	-2.787978
14.96335	2.78685	3.31494e-08	-2.789441
14.97359	2.78758	3.31082e-08	-2.790173
14.98383	2.78831	3.30666e-08	-2.790904
14.99407	2.78904	3.30249e-08	-2.791634
15.00431	2.78977	3.29828e-08	-2.792365
15.01455	2.7905	3.29404e-08	-2.793095
15.03503	2.79196	3.28549e-08	-2.794554
15.04527	2.79269	3.28118e-08	-2.795283
15.05551	2.79342	3.27684e-08	-2.796012
15.06575	2.79414	3.27247e-08	-2.79674
15.07599	2.79487	3.26808e-08	-2.797468
15.08623	2.7956	3.26366e-08	-2.798196
15.10671	2.79705	3.25475e-08	-2.799651
15.11695	2.79778	3.25025e-08	-2.800377
15.12719	2.79851	3.24573e-08	-2.801104
15.13743	2.79923	3.24119e-08	-2.80183
15.14767	2.79996	3.23662e-08	-2.802556
15.15791	2.80069	3.23202e-08	-2.803281
15.17839	2.80213	3.22276e-08	-2.804731
15.18863	2.80286	3.2181e-08	-2.805456
15.19887	2.80358	3.21341e-08	-2.80618
15.20911	2.80431	3.20869e-08	-2.806904
15.21935	2.80503	3.20395e-08	-2.807628
15.22959	2.80575	3.19919e-08	-2.808351
15.25007	2.8072	3.1896e-08	-2.809797
15.26031	2.80792	3.18476e-08	-2.810519
15.27055	2.80864	3.17991e-08	-2.811241
15.28079	2.80937	3.17503e-08	-2.811962
15.29103	2.81009	3.17013e-08	-2.812684
15.30127	2.81081	3.1652e-08	-2.813405
15.32175	2.81225	3.15529e-08	-2.814846
15.33199	2.81297	3.1503e-08	-2.815566
15.34223	2.81369	3.14529e-08	-2.816286
15.35247	2.81441	3.14025e-08	-2.817005
15.36271	2.81513	3.13519e-08	-2.817724
15.37295	2.81585	3.13012e-08	-2.818443
15.39343	2.81728	3.11989e-08	-2.81988
15.40367	2.818	3.11476e-08	-2.820598
15.41391	2.81872	3.10959e-08	-2.821315
15.42415	2.81944	3.10441e-08	-2.822033
15.43439	2.82015	3.0992e-08	-2.822749
15.44463	2.82087	3.09398e-08	-2.823466
15.46511	2.8223	3.08347e-08	-2.824898
15.47535	2.82302	3.07819e-08	-2.825614
15.48559	2.82373	3.07288e-08	-2.826329
15.49583	2.82445	3.06756e-08	-2.827044
15.50607	2.82516	3.06221e-08	-2.827759
15.51631	2.82588	3.05685e-08	-2.828474
15.53679	2.8273	3.04606e-08	-2.829902
15.54703	2.82802	3.04064e-08	-2.830615
15.55727	2.82873	3.0352e-08	-2.831328
15.56751	2.82944	3.02974e-08	-2.832041
15.57775	2.83016	3.02426e-08	-2.832754
15.58799	2.83087	3.01876e-08	-2.833466
15.60847	2.83229	3.00772e-08	-2.83489
15.61871	2.833	3.00216e-08	-2.835601
15.62895	2.83371	2.99659e-08	-2.836312
15.63919	2.83443	2.99101e-08	-2.837023
15.64943	2.83514	2.98539e-08	-2.837733
15.65967	2.83585	2.97977e-08	-2.838443
15.68015	2.83727	2.96848e-08	-2.839863
15.69039	2.83797	2.9628e-08	-2.840572
15.70063	2.83868	2.95711e-08	-2.841281
15.71087	2.83939	2.9514e-08	-2.841989
15.72111	2.8401	2.94567e-08	-2.842697
15.73135	2.84081	2.93993e-08	-2.843405
15.75183	2.84222	2.92839e-08	-2.84482
15.76207	2.84293	2.9226e-08	-2.845528
15.77231	2.84364	2.91679e-08	-2.846234
15.78255	2.84434	2.91097e-08	-2.846941
15.79279	2.84505	2.90513e-08	-2.847647
15.80303	2.84576	2.89928e-08	-2.848353
15.82351	2.84717	2.88753e-08	-2.849764
15.83375	2.84787	2.88162e-08	-2.850469
15.84399	2.84858	2.87571e-08	-2.851173
15.85423	2.84928	2.86977e-08	-2.851878
15.86447	2.84998	2.86383e-08	-2.852582
15.87471	2.85069	2.85786e-08	-2.853285
15.89519	2.85209	2.8459e-08	-2.854692
15.90543	2.8528	2.83989e-08	-2.855395
15.91567	2.8535	2.83387e-08	-2.856098
15.92591	2.8542	2.82784e-08	-2.8568
15.93615	2.8549	2.8218e-08	-2.857502
15.94639	2.85561	2.81573e-08	-2.858203
15.96687	2.85701	2.80357e-08	-2.859606
15.97711	2.85771	2.79747e-08	-2.860307
15.98735	2.85841	2.79136e-08	-2.861007
15.99759	2.85911	2.78522e-08	-2.861707
16.00783	2.85981	2.77908e-08	-2.862407
16.01807	2.86051	2.77293e-08	-2.863107
16.03855	2.86191	2.76058e-08	-2.864505
16.04879	2.86261	2.75439e-08	-2.865204
16.05903	2.8633	2.74819e-08	-2.865902
16.06927	2.864	2.74196e-08	-2.8666
16.07951	2.8647	2.73574e-08	-2.867298
16.0883434	2.8653	2.73035e-08	-2.8679
16.13071	2.86818	2.73228e-08	-2.870783
16.18191	2.87166	2.73399e-08	-2.874261
16.23311	2.87513	2.73505e-08	-2.877731
16.28431	2.8786	2.73544e-08	-2.881194
16.33551	2.88205	2.73518e-08	-2.88465
16.39695	2.88619	2.73403e-08	-2.888787
16.44815	2.88963	2.73238e-08	-2.892228
16.49935	2.89306	2.73012e-08	-2.895661
16.55055	2.89649	2.72725e-08	-2.899087
16.61199	2.90059	2.72302e-08	-2.903189
16.65295	2.90332	2.71974e-08	-2.905918
16.69391	2.90604	2.71609e-08	-2.908643
16.72463	2.90808	2.71311e-08	-2.910684
16.75535	2.91012	2.70993e-08	-2.912722
16.78607	2.91216	2.70655e-08	-2.914758
16.82703	2.91487	2.70175e-08	-2.917468
16.85775	2.9169	2.69791e-08	-2.919498
16.89871	2.9196	2.69249e-08	-2.922201
16.91919	2.92095	2.68966e-08	-2.923551
16.93967	2.9223	2.68674e-08	-2.9249
16.97039	2.92432	2.68221e-08	-2.926921
16.99087	2.92567	2.67909e-08	-2.928267
17.01135	2.92701	2.67589e-08	-2.929612
17.04207	2.92903	2.67093e-08	-2.931627
17.06255	2.93037	2.66753e-08	-2.93297
17.08303	2.93171	2.66404e-08	-2.934311
17.11375	2.93372	2.65868e-08	-2.936321
17.13423	2.93506	2.65499e-08	-2.93766
17.15471	2.9364	2.65124e-08	-2.938997
17.18543	2.9384	2.64546e-08	-2.941002
17.20591	2.93974	2.64152e-08	-2.942337
17.22639	2.94107	2.6375e-08	-2.94367
17.25711	2.94307	2.63133e-08	-2.945669
17.27759	2.9444	2.62713e-08	-2.947
17.29807	2.94573	2.62285e-08	-2.948331
17.32879	2.94772	2.61631e-08	-2.950324
17.34927	2.94905	2.61186e-08	-2.951652
17.36975	2.95038	2.60733e-08	-2.952978
17.40047	2.95237	2.60042e-08	-2.954966
17.42095	2.95369	2.59572e-08	-2.95629
17.44143	2.95501	2.59095e-08	-2.957613
17.47215	2.957	2.58367e-08	-2.959596
17.49263	2.95832	2.57875e-08	-2.960916
17.51311	2.95964	2.57375e-08	-2.962235
17.54383	2.96161	2.56613e-08	-2.964213
17.55407	2.96227	2.56356e-08	-2.964871
17.56431	2.96293	2.56097e-08	-2.96553
17.57455	2.96359	2.55837e-08	-2.966188
17.58479	2.96425	2.55574e-08	-2.966845
17.59503	2.9649	2.55311e-08	-2.967503
17.61551	2.96622	2.54778e-08	-2.968817
17.62575	2.96687	2.5451e-08	-2.969474
17.63599	2.96753	2.54241e-08	-2.97013
17.64623	2.96819	2.53969e-08	-2.970787
17.65647	2.96884	2.53696e-08	-2.971443
17.66671	2.9695	2.53422e-08	-2.972098
17.68719	2.97081	2.52868e-08	-2.973409
17.69743	2.97146	2.5259e-08	-2.974064
17.70767	2.97212	2.52309e-08	-2.974719
17.71791	2.97277	2.52027e-08	-2.975374
17.72815	2.97343	2.51743e-08	-2.976028
17.73839	2.97408	2.51458e-08	-2.976682
17.75887	2.97539	2.50884e-08	-2.977989
17.77935	2.97669	2.50304e-08	-2.979295
17.79983	2.978	2.49719e-08	-2.980601
17.82031	2.9793	2.49127e-08	-2.981905
17.84079	2.98061	2.48529e-08	-2.983208
17.86127	2.98191	2.47927e-08	-2.984511
17.88175	2.98321	2.47319e-08	-2.985812
17.90223	2.98451	2.46705e-08	-2.987112
17.92271	2.98581	2.46085e-08	-2.988412
17.94319	2.98711	2.45461e-08	-2.98971
17.96367	2.98841	2.44831e-08	-2.991007
17.98415	2.9897	2.44196e-08	-2.992304
18.00463	2.991	2.43556e-08	-2.993599
18.02511	2.99229	2.42911e-08	-2.994894
18.04559	2.99359	2.4226e-08	-2.996187
18.06607	2.99488	2.41605e-08	-2.99748
18.08655	2.99617	2.40945e-08	-2.998771
18.10703	2.99746	2.4028e-08	-3.000062
18.12751	2.99875	2.3961e-08	-3.001351
18.14799	3.00004	2.38935e-08	-3.00264
18.16847	3.00133	2.38255e-08	-3.003928
18.18895	3.00261	2.37571e-08	-3.005214
18.20943	3.0039	2.36882e-08	-3.0065
18.22991	3.00518	2.36188e-08	-3.007785
18.25039	3.00647	2.35491e-08	-3.009069
18.27087	3.00775	2.34788e-08	-3.010352
18.29135	3.00903	2.34082e-08	-3.011634
18.31183	3.01031	2.33371e-08	-3.012915
18.33231	3.01159	2.32655e-08	-3.014195
18.35279	3.01287	2.31935e-08	-3.015474
18.37327	3.01415	2.31212e-08	-3.016752
18.39375	3.01543	2.30484e-08	-3.018029
18.41423	3.0167	2.29752e-08	-3.019306
18.43471	3.01798	2.29016e-08	-3.020581
18.45519	3.01925	2.28276e-08	-3.021855
18.47567	3.02053	2.27532e-08	-3.023129
18.49615	3.0218	2.26784e-08	-3.024401
18.51663	3.02307	2.26033e-08	-3.025673
18.53711	3.02434	2.25277e-08	-3.026943
18.55759	3.02561	2.24519e-08	-3.028213
18.57807	3.02688	2.23756e-08	-3.029482
18.59855	3.02815	2.2299e-08	-3.03075
18.61903	3.02942	2.22219e-08	-3.032017
18.63951	3.03068	2.21447e-08	-3.033283
18.65999	3.03195	2.2067e-08	-3.034548
18.68047	3.03321	2.19892e-08	-3.035812
18.70095	3.03447	2.19108e-08	-3.037075
18.7097834	3.03502	2.18769e-08	-3.03762
18.76239	3.03826	2.18789e-08	-3.04086
18.82383	3.04203	2.18761e-08	-3.044636
18.88527	3.0458	2.18676e-08	-3.048404
18.94671	3.04956	2.18537e-08	-3.052163
19.00815	3.05331	2.18343e-08	-3.055915
19.06959	3.05706	2.18096e-08	-3.059659
19.13103	3.06079	2.17797e-08	-3.063395
19.17199	3.06328	2.17569e-08	-3.065881
19.21295	3.06576	2.17319e-08	-3.068363
19.25391	3.06824	2.17046e-08	-3.070842
19.29487	3.07071	2.16751e-08	-3.073318
19.33583	3.07319	2.16435e-08	-3.07579
19.37679	3.07566	2.16097e-08	-3.078259
19.41775	3.07812	2.15739e-08	-3.080724
19.45871	3.08058	2.1536e-08	-3.083185
19.49967	3.08304	2.14959e-08	-3.085644
19.54063	3.08549	2.14539e-08	-3.088098
19.56111	3.08672	2.14322e-08	-3.089325
19.58159	3.08795	2.14098e-08	-3.09055
19.60207	3.08917	2.13871e-08	-3.091774
19.62255	3.0904	2.13638e-08	-3.092998
19.64303	3.09162	2.13401e-08	-3.094221
19.66351	3.09284	2.13159e-08	-3.095442
19.68399	3.09406	2.12912e-08	-3.096663
19.70447	3.09528	2.1266e-08	-3.097884
19.72495	3.0965	2.12403e-08	-3.099103
19.74543	3.09772	2.12143e-08	-3.100321
19.76591	3.09894	2.11876e-08	-3.101539
19.78639	3.10015	2.11606e-08	-3.102756
19.80687	3.10137	2.11331e-08	-3.103972
19.82735	3.10258	2.11051e-08	-3.105187
19.84783	3.1038	2.10767e-08	-3.106401
19.86831	3.10501	2.10478e-08	-3.107615
19.88879	3.10622	2.10185e-08	-3.108828
19.90927	3.10744	2.09888e-08	-3.110039
19.92975	3.10865	2.09585e-08	-3.11125
19.95023	3.10986	2.0928e-08	-3.112461
19.97071	3.11107	2.08968e-08	-3.11367
19.99119	3.11228	2.08654e-08	-3.114879
20.01167	3.11348	2.08334e-08	-3.116086
20.03215	3.11469	2.08011e-08	-3.117293
20.05263	3.1159	2.07683e-08	-3.118499
20.07311	3.1171	2.07351e-08	-3.119705
20.09359	3.11831	2.07016e-08	-3.120909
20.11407	3.11951	2.06676e-08	-3.122113
20.13455	3.12071	2.06331e-08	-3.123315
20.15503	3.12191	2.05984e-08	-3.124517
20.17551	3.12312	2.05631e-08	-3.125719
20.19599	3.12432	2.05275e-08	-3.126919
20.21647	3.12551	2.04915e-08	-3.128118
20.23695	3.12671	2.04551e-08	-3.129317
20.25743	3.12791	2.04183e-08	-3.130515
20.27791	3.12911	2.03811e-08	-3.131712
20.29839	3.13031	2.03436e-08	-3.132909
20.31887	3.1315	2.03057e-08	-3.134104
20.33935	3.1327	2.02673e-08	-3.135299
20.35983	3.13389	2.02287e-08	-3.136493
20.38031	3.13508	2.01897e-08	-3.137686
20.40079	3.13627	2.01503e-08	-3.138878
20.42127	3.13747	2.01105e-08	-3.14007
20.44175	3.13866	2.00704e-08	-3.141261
20.46223	3.13985	2.00299e-08	-3.142451
20.48271	3.14104	1.9989e-08	-3.14364
20.50319	3.14222	1.99479e-08	-3.144828
20.52367	3.14341	1.99064e-08	-3.146016
20.54415	3.1446	1.98645e-08	-3.147203
20.56463	3.14579	1.98222e-08	-3.148389
20.58511	3.14697	1.97797e-08	-3.149574
20.60559	3.14815	1.97368e-08	-3.150758
20.62607	3.14934	1.96936e-08	-3.151942
20.64655	3.15052	1.96501e-08	-3.153125
20.66703	3.1517	1.96062e-08	-3.154307
20.68751	3.15288	1.95621e-08	-3.155488
20.70799	3.15407	1.95175e-08	-3.156669
20.72847	3.15525	1.94727e-08	-3.157849
20.74895	3.15642	1.94276e-08	-3.159028
20.76943	3.1576	1.93822e-08	-3.160206
20.78991	3.15878	1.93365e-08	-3.161383
20.81039	3.15996	1.92904e-08	-3.16256
20.83087	3.16113	1.92441e-08	-3.163736
20.85135	3.16231	1.91974e-08	-3.164911
20.87183	3.16348	1.91505e-08	-3.166085
20.89231	3.16466	1.91032e-08	-3.167259
20.91279	3.16583	1.90558e-08	-3.168432
20.93327	3.167	1.90079e-08	-3.169604
20.95375	3.16817	1.89599e-08	-3.170775
20.97423	3.16934	1.89115e-08	-3.171946
20.99471	3.17051	1.88628e-08	-3.173116
21.01519	3.17168	1.8814e-08	-3.174285
21.03567	3.17285	1.87648e-08	-3.175453
21.05615	3.17402	1.87153e-08	-3.17662
21.07663	3.17518	1.86656e-08	-3.177787
21.09711	3.17635	1.86156e-08	-3.178953
21.11759	3.17751	1.85654e-08	-3.180118
21.13807	3.17868	1.85149e-08	-3.181283
21.15855	3.17984	1.84642e-08	-3.182447
21.17903	3.181	1.84132e-08	-3.18361
21.19951	3.18217	1.83619e-08	-3.184772
21.21999	3.18333	1.83105e-08	-3.185934
21.24047	3.18449	1.82588e-08	-3.187094
21.26095	3.18565	1.82068e-08	-3.188254
21.28143	3.18681	1.81545e-08	-3.189414
21.30191	3.18797	1.81021e-08	-3.190572
21.32239	3.18913	1.80494e-08	-3.19173
21.3312234	3.18962	1.80267e-08	-3.192229
21.40431	3.19375	1.80171e-08	-3.196354
21.46575	3.19721	1.80052e-08	-3.199814
21.52719	3.20066	1.79897e-08	-3.203267
21.58863	3.20411	1.79709e-08	-3.206714
21.65007	3.20755	1.79486e-08	-3.210155
21.71151	3.21098	1.7923e-08	-3.213589
21.75247	3.21327	1.79042e-08	-3.215874
21.79343	3.21555	1.78839e-08	-3.218157
21.83439	3.21783	1.78622e-08	-3.220437
21.87535	3.22011	1.78391e-08	-3.222714
21.91631	3.22238	1.78146e-08	-3.224989
21.95727	3.22465	1.77887e-08	-3.22726
21.99823	3.22692	1.77615e-08	-3.229529
22.03919	3.22919	1.77328e-08	-3.231794
22.08015	3.23145	1.77029e-08	-3.234058
22.12111	3.23371	1.76717e-08	-3.236318
22.16207	3.23597	1.76392e-08	-3.238575
22.20303	3.23822	1.76054e-08	-3.24083
22.24399	3.24048	1.75704e-08	-3.243082
22.26447	3.2416	1.75523e-08	-3.244207
22.28495	3.24273	1.75341e-08	-3.245331
22.30543	3.24385	1.75154e-08	-3.246454
22.32591	3.24497	1.74965e-08	-3.247577
22.34639	3.24609	1.74773e-08	-3.248699
22.36687	3.24721	1.74577e-08	-3.249821
22.38735	3.24834	1.74379e-08	-3.250942
22.40783	3.24946	1.74178e-08	-3.252062
22.42831	3.25057	1.73974e-08	-3.253181
22.44879	3.25169	1.73767e-08	-3.2543
22.46927	3.25281	1.73556e-08	-3.255418
22.48975	3.25393	1.73344e-08	-3.256535
22.51023	3.25505	1.73127e-08	-3.257652
22.53071	3.25616	1.72909e-08	-3.258768
22.55119	3.25728	1.72688e-08	-3.259883
22.57167	3.25839	1.72463e-08	-3.260998
22.59215	3.25951	1.72236e-08	-3.262112
22.61263	3.26062	1.72006e-08	-3.263225
22.63311	3.26173	1.71773e-08	-3.264338
22.65359	3.26284	1.71538e-08	-3.26545
22.67407	3.26395	1.71299e-08	-3.266561
22.69455	3.26507	1.71058e-08	-3.267672
22.71503	3.26618	1.70815e-08	-3.268782
22.73551	3.26728	1.70568e-08	-3.269891
22.75599	3.26839	1.70319e-08	-3.271
22.77647	3.2695	1.70068e-08	-3.272108
22.79695	3.27061	1.69813e-08	-3.273215
22.81743	3.27172	1.69556e-08	-3.274322
22.83791	3.27282	1.69297e-08	-3.275428
22.85839	3.27393	1.69035e-08	-3.276533
22.87887	3.27503	1.68771e-08	-3.277637
22.89935	3.27614	1.68503e-08	-3.278742
22.91983	3.27724	1.68234e-08	-3.279845
22.94031	3.27834	1.67962e-08	-3.280947
22.96079	3.27944	1.67687e-08	-3.282049
22.98127	3.28054	1.6741e-08	-3.283151
23.00175	3.28165	1.67131e-08	-3.284252
23.02223	3.28275	1.66849e-08	-3.285352
23.04271	3.28384	1.66565e-08	-3.286451
23.06319	3.28494	1.66278e-08	-3.28755
23.08367	3.28604	1.65989e-08	-3.288648
23.10415	3.28714	1.65698e-08	-3.289745
23.12463	3.28824	1.65404e-08	-3.290842
23.14511	3.28933	1.65108e-08	-3.291938
23.16559	3.29043	1.6481e-08	-3.293034
23.18607	3.29152	1.6451e-08	-3.294129
23.20655	3.29262	1.64207e-08	-3.295223
23.22703	3.29371	1.63901e-08	-3.296316
23.24751	3.2948	1.63594e-08	-3.297409
23.26799	3.2959	1.63285e-08	-3.298502
23.28847	3.29699	1.62974e-08	-3.299593
23.30895	3.29808	1.6266e-08	-3.300684
23.32943	3.29917	1.62344e-08	-3.301775
23.34991	3.30026	1.62026e-08	-3.302864
23.37039	3.30135	1.61706e-08	-3.303953
23.39087	3.30244	1.61383e-08	-3.305042
23.41135	3.30352	1.6106e-08	-3.30613
23.43183	3.30461	1.60733e-08	-3.307217
23.45231	3.3057	1.60405e-08	-3.308303
23.47279	3.30678	1.60074e-08	-3.309389
23.49327	3.30787	1.59742e-08	-3.310475
23.51375	3.30895	1.59408e-08	-3.311559
23.53423	3.31004	1.59072e-08	-3.312643
23.55471	3.31112	1.58733e-08	-3.313727
23.57519	3.3122	1.58393e-08	-3.314809
23.59567	3.31328	1.58051e-08	-3.315891
23.61615	3.31437	1.57706e-08	-3.316973
23.63663	3.31545	1.5736e-08	-3.318054
23.65711	3.31653	1.57013e-08	-3.319134
23.67759	3.3176	1.56663e-08	-3.320213
23.69807	3.31868	1.56312e-08	-3.321293
23.71855	3.31976	1.55959e-08	-3.322371
23.73903	3.32084	1.55604e-08	-3.323449
23.75951	3.32192	1.55246e-08	-3.324526
23.77999	3.32299	1.54888e-08	-3.325602
23.80047	3.32407	1.54527e-08	-3.326678
23.82095	3.32515	1.54165e-08	-3.327753
23.84143	3.32622	1.53802e-08	-3.328828
23.86191	3.32729	1.53436e-08	-3.329902
23.88239	3.32837	1.53068e-08	-3.330976
23.90287	3.32944	1.527e-08	-3.332048
23.92335	3.33051	1.5233e-08	-3.333121
23.94383	3.33158	1.51957e-08	-3.334192
23.9526634	3.33205	1.51796e-08	-3.334654
23.98479	3.33373	1.51951e-08	-3.336333
24.02575	3.33586	1.5214e-08	-3.338472
24.06671	3.338	1.52316e-08	-3.340609
24.10767	3.34014	1.52482e-08	-3.342743
24.14863	3.34227	1.52637e-08	-3.344874
24.21007	3.34546	1.52849e-08	-3.348067
24.27151	3.34865	1.53036e-08	-3.351255
24.33295	3.35183	1.532e-08	-3.354436
24.41487	3.35606	1.53381e-08	-3.358671
24.49679	3.36029	1.53522e-08	-3.362896
24.57871	3.3645	1.53621e-08	-3.367111
24.66063	3.36871	1.5368e-08	-3.371317
24.74255	3.3729	1.537e-08	-3.375514
24.82447	3.37709	1.53681e-08	-3.379701
24.90639	3.38127	1.53623e-08	-3.383879
24.98831	3.38544	1.53528e-08	-3.388048
25.07023	3.3896	1.53396e-08	-3.392208
25.15215	3.39375	1.53228e-08	-3.396359
25.23407	3.39789	1.53025e-08	-3.400501
25.29551	3.40099	1.52849e-08	-3.403601
25.35695	3.40409	1.52655e-08	-3.406696
25.41839	3.40718	1.5244e-08	-3.409787
25.45935	3.40923	1.52286e-08	-3.411844
25.50031	3.41129	1.52125e-08	-3.413899
25.54127	3.41334	1.51955e-08	-3.415952
25.58223	3.41539	1.51777e-08	-3.418003
25.62319	3.41744	1.51591e-08	-3.420052
25.66415	3.41949	1.51397e-08	-3.422098
25.70511	3.42153	1.51195e-08	-3.424142
25.74607	3.42358	1.50986e-08	-3.426184
25.78703	3.42562	1.50768e-08	-3.428224
25.82799	3.42765	1.50543e-08	-3.430262
25.86895	3.42969	1.50311e-08	-3.432297
25.90991	3.43172	1.5007e-08	-3.434331
25.95087	3.43375	1.49823e-08	-3.436362
25.99183	3.43578	1.49568e-08	-3.438391
26.03279	3.43781	1.49306e-08	-3.440418
26.07375	3.43983	1.49036e-08	-3.442443
26.11471	3.44186	1.4876e-08	-3.444465
26.15567	3.44388	1.48476e-08	-3.446486
26.19663	3.44589	1.48186e-08	-3.448504
26.21711	3.4469	1.48037e-08	-3.449513
26.23759	3.44791	1.47888e-08	-3.450521
26.25807	3.44892	1.47737e-08	-3.451528
26.27855	3.44993	1.47584e-08	-3.452535
26.29903	3.45093	1.47429e-08	-3.453541
26.31951	3.45194	1.47273e-08	-3.454547
26.33999	3.45294	1.47115e-08	-3.455552
26.36047	3.45395	1.46956e-08	-3.456557
26.38095	3.45495	1.46795e-08	-3.457561
26.40143	3.45596	1.46632e-08	-3.458565
26.42191	3.45696	1.46467e-08	-3.459568
26.44239	3.45796	1.46301e-08	-3.46057
26.46287	3.45896	1.46133e-08	-3.461572
26.48335	3.45996	1.45964e-08	-3.462574
26.50383	3.46097	1.45793e-08	-3.463575
26.52431	3.46197	1.45621e-08	-3.464576
26.54479	3.46297	1.45447e-08	-3.465576
26.56527	3.46397	1.45271e-08	-3.466575
26.58575	3.46496	1.45094e-08	-3.467574
26.60623	3.46596	1.44915e-08	-3.468573
26.62671	3.46696	1.44735e-08	-3.469571
26.64719	3.46796	1.44554e-08	-3.470568
26.66767	3.46896	1.4437e-08	-3.471565
26.68815	3.46995	1.44186e-08	-3.472562
26.70863	3.47095	1.43999e-08	-3.473558
26.72911	3.47194	1.43812e-08	-3.474553
26.74959	3.47294	1.43622e-08	-3.475548
26.77007	3.47393	1.43432e-08	-3.476542
26.79055	3.47493	1.4324e-08	-3.477536
26.81103	3.47592	1.43046e-08	-3.478529
26.83151	3.47691	1.42851e-08	-3.479522
26.85199	3.47791	1.42655e-08	-3.480515
26.87247	3.4789	1.42458e-08	-3.481506
26.89295	3.47989	1.42258e-08	-3.482498
26.91343	3.48088	1.42058e-08	-3.483489
26.93391	3.48187	1.41856e-08	-3.484479
26.95439	3.48286	1.41653e-08	-3.485469
26.97487	3.48385	1.41448e-08	-3.486458
26.99535	3.48484	1.41242e-08	-3.487447
27.01583	3.48583	1.41034e-08	-3.488435
27.03631	3.48681	1.40825e-08	-3.489423
27.05679	3.4878	1.40615e-08	-3.49041
27.07727	3.48879	1.40404e-08	-3.491397
27.09775	3.48977	1.40191e-08	-3.492383
27.11823	3.49076	1.39977e-08	-3.493369
27.13871	3.49174	1.39762e-08	-3.494354
27.15919	3.49273	1.39545e-08	-3.495339
27.17967	3.49371	1.39327e-08	-3.496323
27.20015	3.4947	1.39108e-08	-3.497307
27.22063	3.49568	1.38888e-08	-3.49829
27.24111	3.49666	1.38666e-08	-3.499273
27.26159	3.49764	1.38443e-08	-3.500256
27.28207	3.49863	1.38219e-08	-3.501237
27.30255	3.49961	1.37994e-08	-3.502219
27.32303	3.50059	1.37767e-08	-3.5032
27.34351	3.50157	1.37539e-08	-3.50418
27.36399	3.50255	1.3731e-08	-3.50516
27.38447	3.50353	1.3708e-08	-3.506139
27.40495	3.50451	1.36848e-08	-3.507118
27.42543	3.50549	1.36616e-08	-3.508096
27.44591	3.50646	1.36382e-08	-3.509074
27.46639	3.50744	1.36147e-08	-3.510052
27.48687	3.50842	1.35911e-08	-3.511028
27.50735	3.50939	1.35674e-08	-3.512005
27.52783	3.51037	1.35436e-08	-3.512981
27.54831	3.51134	1.35196e-08	-3.513956
27.56879	3.51232	1.34956e-08	-3.514931
27.58927	3.5133	1.34714e-08	-3.515906
27.60975	3.51427	1.34471e-08	-3.516879
27.63023	3.51524	1.34228e-08	-3.517853
27.65071	3.51621	1.33983e-08	-3.518826
27.67119	3.51719	1.33737e-08	-3.519798
27.69167	3.51816	1.3349e-08	-3.52077
27.71215	3.51913	1.33242e-08	-3.521742
27.73263	3.5201	1.32993e-08	-3.522713
27.75311	3.52107	1.32742e-08	-3.523684
27.77359	3.52204	1.32491e-08	-3.524654
27.79407	3.52301	1.32239e-08	-3.525623
27.81455	3.52398	1.31986e-08	-3.526593
27.83503	3.52495	1.31732e-08	-3.527561
27.85551	3.52592	1.31476e-08	-3.528529
27.87599	3.52689	1.3122e-08	-3.529497
27.89647	3.52785	1.30963e-08	-3.530464
27.91695	3.52882	1.30705e-08	-3.531431
27.93743	3.52979	1.30446e-08	-3.532397
27.95791	3.53075	1.30186e-08	-3.533363
27.97839	3.53172	1.29925e-08	-3.534328
27.99887	3.53268	1.29663e-08	-3.535293
28.01935	3.53365	1.294e-08	-3.536258
28.03983	3.53461	1.29136e-08	-3.537222
28.06031	3.53557	1.28871e-08	-3.538185
28.08079	3.53654	1.28606e-08	-3.539148
28.10127	3.5375	1.28339e-08	-3.54011
28.12175	3.53846	1.28072e-08	-3.541072
28.14223	3.53942	1.27803e-08	-3.542034
28.16271	3.54038	1.27534e-08	-3.542995
28.18319	3.54135	1.27264e-08	-3.543956
28.20367	3.54231	1.26993e-08	-3.544916
28.22415	3.54326	1.26722e-08	-3.545875
28.24463	3.54422	1.26449e-08	-3.546835
28.26511	3.54518	1.26176e-08	-3.547793
28.28559	3.54614	1.25902e-08	-3.548752
28.30607	3.5471	1.25627e-08	-3.549709
28.32655	3.54806	1.25351e-08	-3.550667
28.34703	3.54901	1.25074e-08	-3.551624
28.36751	3.54997	1.24797e-08	-3.55258
28.38799	3.55092	1.24518e-08	-3.553536
28.40847	3.55188	1.24239e-08	-3.554491
28.42895	3.55283	1.2396e-08	-3.555446
28.44943	3.55379	1.23679e-08	-3.556401
28.46991	3.55474	1.23398e-08	-3.557355
28.49039	3.5557	1.23116e-08	-3.558309
28.51087	3.55665	1.22833e-08	-3.559262
28.53135	3.5576	1.2255e-08	-3.560214
28.55183	3.55856	1.22265e-08	-3.561167
28.57231	3.55951	1.2198e-08	-3.562118
28.59279	3.56046	1.21695e-08	-3.56307
28.61327	3.56141	1.21409e-08	-3.564021
28.63375	3.56236	1.21121e-08	-3.564971
28.65423	3.56331	1.20834e-08	-3.565921
28.67471	3.56426	1.20545e-08	-3.56687
28.69519	3.56521	1.20256e-08	-3.56782
28.71567	3.56616	1.19966e-08	-3.568768
28.73615	3.5671	1.19676e-08	-3.569716
28.75663	3.56805	1.19385e-08	-3.570664
28.77711	3.569	1.19093e-08	-3.571611
28.79759	3.56995	1.18801e-08	-3.572558
28.81807	3.57089	1.18508e-08	-3.573504
28.83855	3.57184	1.18214e-08	-3.57445
28.85903	3.57278	1.1792e-08	-3.575395
28.87951	3.57373	1.17625e-08	-3.57634
28.89999	3.57467	1.1733e-08	-3.577285
28.92047	3.57562	1.17033e-08	-3.578229
28.94095	3.57656	1.16737e-08	-3.579172
28.96143	3.5775	1.1644e-08	-3.580116
28.98191	3.57845	1.16142e-08	-3.581058
29.00239	3.57939	1.15844e-08	-3.582001
29.02287	3.58033	1.15545e-08	-3.582942
29.04335	3.58127	1.15245e-08	-3.583884
29.06383	3.58221	1.14945e-08	-3.584825
29.08431	3.58315	1.14645e-08	-3.585765
29.10479	3.58409	1.14344e-08	-3.586705
29.12527	3.58503	1.14043e-08	-3.587645
29.14575	3.58597	1.13741e-08	-3.588584
29.16623	3.58691	1.13438e-08	-3.589523
29.18671	3.58785	1.13135e-08	-3.590461
29.1955434	3.58825	1.13004e-08	-3.590866
29.28911	3.59253	1.1314e-08	-3.595145
29.37103	3.59627	1.13237e-08	-3.598885
29.45295	3.60001	1.1331e-08	-3.602618
29.53487	3.60373	1.13364e-08	-3.606344
29.61679	3.60745	1.13396e-08	-3.610062
29.69871	3.61116	1.13407e-08	-3.613774
29.78063	3.61487	1.13397e-08	-3.617479
29.86255	3.61856	1.13368e-08	-3.621177
29.94447	3.62226	1.13319e-08	-3.624869
30.02639	3.62594	1.1325e-08	-3.628553
30.10831	3.62962	1.13163e-08	-3.632231
30.19023	3.63329	1.13055e-08	-3.635902
30.27215	3.63695	1.12929e-08	-3.639566
30.35407	3.64061	1.12785e-08	-3.643224
30.41551	3.64335	1.12665e-08	-3.645962
30.47695	3.64608	1.12535e-08	-3.648698
30.53839	3.64882	1.12394e-08	-3.651429
30.59983	3.65154	1.12244e-08	-3.654157
30.66127	3.65427	1.12085e-08	-3.656881
30.70223	3.65608	1.11973e-08	-3.658695
30.74319	3.65789	1.11857e-08	-3.660507
30.78415	3.6597	1.11736e-08	-3.662318
30.82511	3.66151	1.11612e-08	-3.664127
30.86607	3.66332	1.11483e-08	-3.665934
30.90703	3.66513	1.11351e-08	-3.66774
30.94799	3.66693	1.11214e-08	-3.669544
30.98895	3.66873	1.11073e-08	-3.671347
31.02991	3.67053	1.10929e-08	-3.673148
31.07087	3.67233	1.1078e-08	-3.674947
31.11183	3.67413	1.10628e-08	-3.676745
31.15279	3.67593	1.10471e-08	-3.678541
31.19375	3.67772	1.1031e-08	-3.680336
31.23471	3.67952	1.10147e-08	-3.682129
31.27567	3.68131	1.09979e-08	-3.68392
31.31663	3.6831	1.09807e-08	-3.68571
31.35759	3.68488	1.09631e-08	-3.687499
31.39855	3.68667	1.09452e-08	-3.689285
31.43951	3.68846	1.0927e-08	-3.69107
31.48047	3.69024	1.09083e-08	-3.692854
31.52143	3.69202	1.08893e-08	-3.694636
31.56239	3.6938	1.087e-08	-3.696416
31.60335	3.69558	1.08503e-08	-3.698195
31.64431	3.69736	1.08303e-08	-3.699973
31.68527	3.69913	1.08099e-08	-3.701748
31.72623	3.70091	1.07891e-08	-3.703523
31.76719	3.70268	1.07681e-08	-3.705295
31.80815	3.70445	1.07467e-08	-3.707066
31.82863	3.70534	1.07359e-08	-3.707951
31.84911	3.70622	1.0725e-08	-3.708836
31.86959	3.70711	1.0714e-08	-3.70972
31.89007	3.70799	1.07029e-08	-3.710604
31.91055	3.70887	1.06918e-08	-3.711488
31.93103	3.70976	1.06805e-08	-3.712371
31.95151	3.71064	1.06692e-08	-3.713253
31.97199	3.71152	1.06579e-08	-3.714135
31.99247	3.7124	1.06464e-08	-3.715018
32.01295	3.71328	1.06348e-08	-3.715899
32.03343	3.71417	1.06232e-08	-3.71678
32.05391	3.71505	1.06115e-08	-3.717661
32.07439	3.71593	1.05997e-08	-3.718541
32.09487	3.71681	1.05879e-08	-3.719421
32.11535	3.71769	1.05759e-08	-3.720301
32.13583	3.71857	1.05639e-08	-3.72118
32.15631	3.71944	1.05519e-08	-3.722059
32.17679	3.72032	1.05397e-08	-3.722938
32.19727	3.7212	1.05275e-08	-3.723816
32.21775	3.72208	1.05151e-08	-3.724694
32.23823	3.72296	1.05028e-08	-3.725571
32.25871	3.72383	1.04903e-08	-3.726448
32.27919	3.72471	1.04778e-08	-3.727325
32.29967	3.72559	1.04651e-08	-3.728201
32.32015	3.72646	1.04525e-08	-3.729077
32.34063	3.72734	1.04397e-08	-3.729952
32.36111	3.72821	1.04269e-08	-3.730827
32.38159	3.72909	1.0414e-08	-3.731702
32.40207	3.72996	1.0401e-08	-3.732576
32.42255	3.73084	1.0388e-08	-3.733451
32.44303	3.73171	1.03749e-08	-3.734324
32.46351	3.73258	1.03617e-08	-3.735197
32.48399	3.73345	1.03485e-08	-3.73607
32.50447	3.73433	1.03351e-08	-3.736943
32.52495	3.7352	1.03218e-08	-3.737815
32.54543	3.73607	1.03083e-08	-3.738687
32.56591	3.73694	1.02948e-08	-3.739558
32.58639	3.73781	1.02812e-08	-3.740429
32.60687	3.73868	1.02676e-08	-3.7413
32.62735	3.73956	1.02539e-08	-3.74217
32.64783	3.74043	1.02401e-08	-3.74304
32.66831	3.7413	1.02262e-08	-3.74391
32.68879	3.74216	1.02123e-08	-3.744779
32.70927	3.74303	1.01983e-08	-3.745648
32.72975	3.7439	1.01843e-08	-3.746516
32.75023	3.74477	1.01701e-08	-3.747384
32.77071	3.74564	1.0156e-08	-3.748252
32.79119	3.7465	1.01418e-08	-3.749119
32.81167	3.74737	1.01275e-08	-3.749986
32.83215	3.74824	1.01131e-08	-3.750853
32.85263	3.7491	1.00987e-08	-3.751719
32.87311	3.74997	1.00842e-08	-3.752585
32.89359	3.75083	1.00697e-08	-3.75345
32.91407	3.7517	1.0055e-08	-3.754316
32.93455	3.75257	1.00404e-08	-3.75518
32.95503	3.75343	1.00256e-08	-3.756045
32.97551	3.75429	1.00109e-08	-3.756909
32.99599	3.75516	9.99598e-09	-3.757773
33.01647	3.75602	9.98109e-09	-3.758636
33.03695	3.75688	9.9661e-09	-3.759499
33.05743	3.75775	9.95109e-09	-3.760362
33.07791	3.75861	9.93598e-09	-3.761224
33.09839	3.75947	9.92084e-09	-3.762086
33.11887	3.76033	9.90564e-09	-3.762947
33.13935	3.76119	9.89036e-09	-3.763808
33.15983	3.76205	9.87507e-09	-3.764669
33.18031	3.76292	9.85968e-09	-3.76553
33.20079	3.76377	9.84424e-09	-3.76639
33.22127	3.76464	9.82876e-09	-3.76725
33.24175	3.76549	9.81323e-09	-3.768109
33.26223	3.76635	9.79764e-09	-3.768968
33.28271	3.76721	9.78198e-09	-3.769827
33.30319	3.76807	9.76627e-09	-3.770685
33.32367	3.76893	9.75052e-09	-3.771543
33.34415	3.76979	9.73471e-09	-3.7724
33.36463	3.77064	9.71885e-09	-3.773258
33.38511	3.7715	9.70293e-09	-3.774115
33.40559	3.77236	9.68696e-09	-3.774971
33.42607	3.77321	9.67093e-09	-3.775827
33.44655	3.77407	9.65486e-09	-3.776683
33.46703	3.77492	9.63875e-09	-3.777538
33.48751	3.77578	9.62258e-09	-3.778394
33.50799	3.77663	9.60636e-09	-3.779248
33.52847	3.77749	9.59007e-09	-3.780103
33.54895	3.77834	9.57374e-09	-3.780957
33.56943	3.7792	9.55738e-09	-3.781811
33.58991	3.78005	9.54096e-09	-3.782664
33.61039	3.7809	9.52449e-09	-3.783517
33.63087	3.78175	9.50797e-09	-3.784369
33.65135	3.78261	9.49139e-09	-3.785222
33.67183	3.78346	9.47478e-09	-3.786074
33.69231	3.78431	9.45812e-09	-3.786925
33.71279	3.78516	9.44141e-09	-3.787777
33.73327	3.78601	9.42466e-09	-3.788628
33.75375	3.78686	9.40786e-09	-3.789478
33.77423	3.78771	9.39101e-09	-3.790328
33.79471	3.78856	9.37411e-09	-3.791178
33.81519	3.78941	9.35718e-09	-3.792028
33.83567	3.79026	9.34021e-09	-3.792877
33.85615	3.79111	9.32318e-09	-3.793725
33.87663	3.79196	9.3061e-09	-3.794574
33.89711	3.79281	9.28899e-09	-3.795422
33.91759	3.79365	9.27184e-09	-3.79627
33.93807	3.7945	9.25464e-09	-3.797117
33.95855	3.79535	9.2374e-09	-3.797964
33.97903	3.79619	9.22011e-09	-3.798811
33.99951	3.79704	9.20279e-09	-3.799657
34.01999	3.79789	9.18542e-09	-3.800503
34.04047	3.79873	9.168e-09	-3.801349
34.06095	3.79958	9.15055e-09	-3.802194
34.08143	3.80042	9.13306e-09	-3.803039
34.10191	3.80127	9.11553e-09	-3.803884
34.12239	3.80211	9.09796e-09	-3.804728
34.14287	3.80296	9.08035e-09	-3.805572
34.16335	3.8038	9.06271e-09	-3.806416
34.18383	3.80464	9.04502e-09	-3.807259
34.20431	3.80549	9.02729e-09	-3.808102
34.22479	3.80633	9.00952e-09	-3.808945
34.24527	3.80717	8.99171e-09	-3.809787
34.26575	3.80801	8.97388e-09	-3.810629
34.28623	3.80885	8.956e-09	-3.811471
34.30671	3.8097	8.93809e-09	-3.812312
34.32719	3.81054	8.92014e-09	-3.813153
34.34767	3.81138	8.90215e-09	-3.813993
34.36815	3.81222	8.88412e-09	-3.814834
34.38863	3.81306	8.86606e-09	-3.815673
34.40911	3.8139	8.84798e-09	-3.816513
34.42959	3.81474	8.82984e-09	-3.817352
34.53199	3.81893	8.8248e-09	-3.821543
34.63439	3.82311	8.82604e-09	-3.825726
34.75727	3.82812	8.82508e-09	-3.830734
34.85967	3.83228	8.82227e-09	-3.834898
34.96207	3.83644	8.81765e-09	-3.839054
35.06447	3.84058	8.81127e-09	-3.843201
35.18735	3.84555	8.8013e-09	-3.848168
35.28975	3.84968	8.79112e-09	-3.852298
35.37167	3.85298	8.78176e-09	-3.855595
35.47407	3.85709	8.76856e-09	-3.85971
35.55599	3.86038	8.75686e-09	-3.862997
35.61743	3.86284	8.74735e-09	-3.865458
35.67887	3.8653	8.73737e-09	-3.867917
35.76079	3.86857	8.72304e-09	-3.87119
35.82223	3.87102	8.71168e-09	-3.873642
35.90415	3.87429	8.69572e-09	-3.876907
35.96559	3.87674	8.68303e-09	-3.879352
36.00655	3.87836	8.67435e-09	-3.88098
36.04751	3.87999	8.66534e-09	-3.882608
36.08847	3.88162	8.65614e-09	-3.884234
36.12943	3.88324	8.64676e-09	-3.885858
36.19087	3.88568	8.63216e-09	-3.888293
36.23183	3.8873	8.62217e-09	-3.889915
36.27279	3.88892	8.61193e-09	-3.891535
36.33423	3.89135	8.59611e-09	-3.893964
36.37519	3.89296	8.58529e-09	-3.895581
36.41615	3.89458	8.5743e-09	-3.897197
36.47759	3.897	8.55736e-09	-3.899619
36.51855	3.89861	8.5458e-09	-3.901232
36.55951	3.90023	8.53396e-09	-3.902844
36.62095	3.90264	8.51593e-09	-3.905259
36.66191	3.90425	8.50361e-09	-3.906868
36.70287	3.90586	8.49106e-09	-3.908475
36.76431	3.90827	8.47187e-09	-3.910884
36.80527	3.90987	8.45885e-09	-3.912489
36.84623	3.91148	8.44556e-09	-3.914092
36.90767	3.91388	8.42536e-09	-3.916495
36.94863	3.91548	8.41156e-09	-3.918095
36.98959	3.91708	8.39762e-09	-3.919694
37.05103	3.91947	8.37633e-09	-3.92209
37.09199	3.92107	8.36189e-09	-3.923686
37.13295	3.92266	8.34725e-09	-3.925281
37.19439	3.92505	8.32496e-09	-3.927671
37.23535	3.92665	8.30985e-09	-3.929263
37.27631	3.92824	8.29459e-09	-3.930854
37.33775	3.93062	8.2713e-09	-3.933237
37.37871	3.93221	8.25554e-09	-3.934825
37.41967	3.93379	8.23964e-09	-3.936412
37.48111	3.93617	8.21541e-09	-3.938789
37.52207	3.93776	8.19903e-09	-3.940373
37.54255	3.93855	8.19079e-09	-3.941164
37.56303	3.93934	8.18251e-09	-3.941955
37.58351	3.94013	8.17415e-09	-3.942746
37.62447	3.94171	8.15735e-09	-3.944327
37.64495	3.9425	8.14889e-09	-3.945117
37.66543	3.94329	8.1404e-09	-3.945906
37.68591	3.94408	8.13183e-09	-3.946696
37.70639	3.94487	8.12324e-09	-3.947484
37.72687	3.94565	8.11461e-09	-3.948273
37.76783	3.94723	8.09721e-09	-3.94985
37.78831	3.94802	8.08844e-09	-3.950638
37.80879	3.94881	8.07964e-09	-3.951425
37.82927	3.94959	8.07081e-09	-3.952212
37.84975	3.95038	8.06194e-09	-3.953
37.87023	3.95117	8.05301e-09	-3.953786
37.91119	3.95274	8.03504e-09	-3.955359
37.93167	3.95353	8.02602e-09	-3.956145
37.95215	3.95431	8.01692e-09	-3.95693
37.97263	3.9551	8.00782e-09	-3.957715
37.99311	3.95588	7.99867e-09	-3.9585
38.01359	3.95667	7.98948e-09	-3.959285
38.05455	3.95824	7.97093e-09	-3.960853
38.07503	3.95902	7.96164e-09	-3.961637
38.09551	3.9598	7.95229e-09	-3.962421
38.11599	3.96059	7.94288e-09	-3.963204
38.13647	3.96137	7.93347e-09	-3.963987
38.15695	3.96215	7.924e-09	-3.96477
38.19791	3.96372	7.90496e-09	-3.966334
38.21839	3.9645	7.89537e-09	-3.967116
38.23887	3.96528	7.88575e-09	-3.967897
38.25935	3.96606	7.87612e-09	-3.968679
38.27983	3.96684	7.86641e-09	-3.96946
38.30031	3.96762	7.8567e-09	-3.97024
38.34127	3.96918	7.83716e-09	-3.971801
38.36175	3.96996	7.8273e-09	-3.972581
38.38223	3.97074	7.81745e-09	-3.97336
38.40271	3.97152	7.80755e-09	-3.97414
38.42319	3.9723	7.79762e-09	-3.974918
38.44367	3.97308	7.78764e-09	-3.975697
38.48463	3.97464	7.76759e-09	-3.977254
38.50511	3.97541	7.75751e-09	-3.978032
38.52559	3.97619	7.7474e-09	-3.978809
38.54607	3.97697	7.73725e-09	-3.979586
38.56655	3.97775	7.72709e-09	-3.980364
38.58703	3.97852	7.71687e-09	-3.98114
38.62799	3.98007	7.69635e-09	-3.982693
38.64847	3.98085	7.68605e-09	-3.983469
38.66895	3.98163	7.67569e-09	-3.984244
38.68943	3.9824	7.66532e-09	-3.98502
38.70991	3.98318	7.65491e-09	-3.985795
38.73039	3.98395	7.64447e-09	-3.98657
38.77135	3.9855	7.6235e-09	-3.988118
38.79183	3.98627	7.61295e-09	-3.988892
38.81231	3.98705	7.60238e-09	-3.989666
38.83279	3.98782	7.5918e-09	-3.990439
38.85327	3.98859	7.58117e-09	-3.991212
38.87375	3.98937	7.5705e-09	-3.991985
38.91471	3.99091	7.54909e-09	-3.99353
38.93519	3.99168	7.53833e-09	-3.994302
38.95567	3.99245	7.52754e-09	-3.995074
38.97615	3.99323	7.51673e-09	-3.995845
38.99663	3.994	7.50589e-09	-3.996616
39.01711	3.99477	7.49502e-09	-3.997387
39.05807	3.99631	7.47319e-09	-3.998928
39.07855	3.99708	7.46222e-09	-3.999698
39.09903	3.99785	7.45124e-09	-4.000468
39.11951	3.99862	7.44021e-09	-4.001238
39.13999	3.99939	7.42917e-09	-4.002007
39.16047	4.00016	7.41809e-09	-4.002776
39.20143	4.00169	7.39586e-09	-4.004313
39.22191	4.00246	7.3847e-09	-4.005081
39.24239	4.00323	7.3735e-09	-4.005849
39.26287	4.004	7.36229e-09	-4.006617
39.28335	4.00476	7.35106e-09	-4.007384
39.30383	4.00553	7.33978e-09	-4.008151
39.34479	4.00706	7.31716e-09	-4.009684
39.36527	4.00783	7.30582e-09	-4.010451
39.38575	4.0086	7.29443e-09	-4.011217
39.40623	4.00936	7.28303e-09	-4.011982
39.42671	4.01013	7.27161e-09	-4.012748
39.44719	4.01089	7.26015e-09	-4.013513
39.48815	4.01242	7.23717e-09	-4.015043
39.50863	4.01319	7.22564e-09	-4.015807
39.52911	4.01395	7.21408e-09	-4.016571
39.54959	4.01472	7.2025e-09	-4.017335
39.57007	4.01548	7.19089e-09	-4.018098
39.59055	4.01624	7.17926e-09	-4.018862
39.63151	4.01777	7.15592e-09	-4.020388
39.65199	4.01853	7.14422e-09	-4.02115
39.67247	4.01929	7.1325e-09	-4.021912
39.79535	4.02386	7.12561e-09	-4.02648
39.91823	4.02842	7.12208e-09	-4.031038
40.06159	4.03372	7.11594e-09	-4.036344
40.20495	4.03902	7.10765e-09	-4.041636
40.30735	4.04279	7.10046e-09	-4.045409
40.40975	4.04656	7.09221e-09	-4.049175
40.49167	4.04956	7.08486e-09	-4.052184
40.57359	4.05257	7.07686e-09	-4.055188
40.65551	4.05557	7.0682e-09	-4.058188
40.73743	4.05856	7.05891e-09	-4.061184
40.79887	4.06081	7.05152e-09	-4.063428
40.86031	4.06305	7.04379e-09	-4.06567
40.92175	4.06529	7.03569e-09	-4.067909
40.98319	4.06753	7.02726e-09	-4.070147
41.06511	4.07051	7.01548e-09	-4.073126
41.12655	4.07274	7.00625e-09	-4.075358
41.20847	4.07571	6.99343e-09	-4.078331
41.26991	4.07794	6.98342e-09	-4.080558
41.35183	4.0809	6.96958e-09	-4.083523
41.39279	4.08238	6.96243e-09	-4.085004
41.43375	4.08386	6.95515e-09	-4.086485
41.49519	4.08608	6.94396e-09	-4.088703
41.53615	4.08756	6.93633e-09	-4.090181
41.57711	4.08904	6.92856e-09	-4.091658
41.61807	4.09051	6.92064e-09	-4.093133
41.65903	4.09199	6.91259e-09	-4.094608
41.69999	4.09346	6.90441e-09	-4.096082
41.74095	4.09493	6.89608e-09	-4.097555
41.78191	4.09641	6.88763e-09	-4.099026
41.82287	4.09788	6.87904e-09	-4.100497
41.86383	4.09935	6.87032e-09	-4.101967
41.90479	4.10082	6.86146e-09	-4.103436
41.94575	4.10228	6.85248e-09	-4.104904
41.98671	4.10375	6.84337e-09	-4.106371
42.02767	4.10522	6.83412e-09	-4.107837
42.06863	4.10668	6.82475e-09	-4.109302
42.10959	4.10815	6.81526e-09	-4.110766
42.15055	4.10961	6.80563e-09	-4.112229
42.19151	4.11107	6.79588e-09	-4.113691
42.23247	4.11253	6.78601e-09	-4.115152
42.27343	4.11399	6.77602e-09	-4.116612
42.31439	4.11545	6.7659e-09	-4.118071
42.35535	4.11691	6.75566e-09	-4.119529
42.39631	4.11837	6.74529e-09	-4.120987
42.43727	4.11982	6.73482e-09	-4.122443
42.47823	4.12128	6.72422e-09	-4.123898
42.51919	4.12273	6.71351e-09	-4.125353
42.56015	4.12418	6.70268e-09	-4.126806
42.60111	4.12564	6.69173e-09	-4.128259
42.64207	4.12709	6.68066e-09	-4.12971
42.68303	4.12854	6.66948e-09	-4.131161
42.72399	4.12999	6.6582e-09	-4.13261
42.76495	4.13144	6.6468e-09	-4.134059
42.80591	4.13288	6.63528e-09	-4.135506
42.84687	4.13433	6.62366e-09	-4.136953
42.88783	4.13578	6.61193e-09	-4.138399
42.92879	4.13722	6.60009e-09	-4.139844
42.96975	4.13867	6.58814e-09	-4.141288
43.01071	4.14011	6.57608e-09	-4.142731
43.05167	4.14155	6.56392e-09	-4.144173
43.09263	4.14299	6.55166e-09	-4.145614
43.13359	4.14443	6.53929e-09	-4.147054
43.17455	4.14587	6.52682e-09	-4.148493
43.21551	4.14731	6.51424e-09	-4.149932
43.25647	4.14875	6.50156e-09	-4.151369
43.29743	4.15018	6.48878e-09	-4.152806
43.33839	4.15162	6.47591e-09	-4.154241
43.37935	4.15305	6.46295e-09	-4.155676
43.42031	4.15449	6.44986e-09	-4.157109
43.46127	4.15592	6.43669e-09	-4.158542
43.50223	4.15735	6.4234e-09	-4.159974
43.54319	4.15878	6.41006e-09	-4.161405
43.58415	4.16021	6.39659e-09	-4.162835
43.62511	4.16164	6.38305e-09	-4.164264
43.66607	4.16307	6.3694e-09	-4.165692
43.70703	4.1645	6.35568e-09	-4.16712
43.74799	4.16592	6.34185e-09	-4.168546
43.78895	4.16735	6.32793e-09	-4.169971
43.82991	4.16877	6.31392e-09	-4.171396
43.87087	4.1702	6.29984e-09	-4.17282
43.91183	4.17162	6.28564e-09	-4.174242
43.95279	4.17304	6.27139e-09	-4.175664
43.99375	4.17446	6.25704e-09	-4.177085
44.03471	4.17588	6.24259e-09	-4.178505
44.07567	4.1773	6.22807e-09	-4.179924
44.11663	4.17872	6.21345e-09	-4.181342
44.15759	4.18014	6.19877e-09	-4.182759
44.19855	4.18155	6.184e-09	-4.184176
44.23951	4.18297	6.16915e-09	-4.185591
44.28047	4.18438	6.15421e-09	-4.187006
44.32143	4.1858	6.13921e-09	-4.18842
44.36239	4.18721	6.12412e-09	-4.189832
44.40335	4.18862	6.10895e-09	-4.191244
44.44431	4.19003	6.09371e-09	-4.192655
44.48527	4.19144	6.07838e-09	-4.194066
44.52623	4.19285	6.063e-09	-4.195475
44.56719	4.19426	6.04752e-09	-4.196883
44.60815	4.19567	6.03198e-09	-4.198291
44.64911	4.19707	6.01636e-09	-4.199697
44.69007	4.19848	6.00067e-09	-4.201103
44.73103	4.19989	5.98491e-09	-4.202508
44.77199	4.20129	5.96909e-09	-4.203912
44.81295	4.20269	5.95319e-09	-4.205315
44.85391	4.2041	5.93722e-09	-4.206717
44.89487	4.2055	5.92118e-09	-4.208119
44.9241834	4.2065	5.90966e-09	-4.209121
44.97679	4.2083	5.9156e-09	-4.210919
45.05871	4.21109	5.92442e-09	-4.213715
45.14063	4.21389	5.93276e-09	-4.216508
45.22255	4.21668	5.9406e-09	-4.219298
45.30447	4.21946	5.94796e-09	-4.222084
45.38639	4.22225	5.95484e-09	-4.224867
45.46831	4.22502	5.96123e-09	-4.227646
45.59119	4.22919	5.96993e-09	-4.231809
45.71407	4.23334	5.97757e-09	-4.235964
45.83695	4.23749	5.98417e-09	-4.240111
46.00079	4.24301	5.99137e-09	-4.245629
46.16463	4.24851	5.99675e-09	-4.251133
46.32847	4.254	6.00036e-09	-4.256625
46.49231	4.25948	6.00223e-09	-4.262103
46.65615	4.26494	6.00239e-09	-4.267567
46.81999	4.2704	6.00086e-09	-4.273019
46.98383	4.27583	5.99768e-09	-4.278457
47.14767	4.28126	5.99287e-09	-4.283883
47.31151	4.28667	5.98647e-09	-4.289295
47.47535	4.29207	5.97851e-09	-4.294695
47.59823	4.29611	5.97154e-09	-4.298737
47.72111	4.30015	5.96372e-09	-4.302771
47.84399	4.30418	5.95506e-09	-4.306799
47.92591	4.30686	5.94883e-09	-4.30948
48.00783	4.30953	5.94223e-09	-4.312157
48.08975	4.31221	5.93529e-09	-4.314832
48.17167	4.31488	5.92798e-09	-4.317503
48.25359	4.31755	5.92033e-09	-4.320172
48.33551	4.32021	5.91232e-09	-4.322837
48.41743	4.32288	5.90397e-09	-4.325499
48.49935	4.32554	5.89529e-09	-4.328159
48.58127	4.32819	5.88627e-09	-4.330815
48.66319	4.33085	5.87692e-09	-4.333468
48.74511	4.3335	5.86724e-09	-4.336118
48.82703	4.33614	5.85723e-09	-4.338764
48.90895	4.33878	5.8469e-09	-4.341408
48.99087	4.34143	5.83626e-09	-4.344049
49.07279	4.34406	5.82531e-09	-4.346687
49.15471	4.3467	5.81404e-09	-4.349322
49.23663	4.34933	5.80246e-09	-4.351953
49.27759	4.35064	5.79656e-09	-4.353268
49.31855	4.35196	5.79059e-09	-4.354582
49.35951	4.35327	5.78454e-09	-4.355896
49.40047	4.35458	5.77842e-09	-4.357208
49.44143	4.3559	5.77222e-09	-4.35852
49.48239	4.35721	5.76594e-09	-4.359831
49.52335	4.35852	5.7596e-09	-4.361141
49.56431	4.35983	5.75318e-09	-4.362451
49.60527	4.36113	5.7467e-09	-4.363759
49.64623	4.36244	5.74013e-09	-4.365068
49.68719	4.36375	5.7335e-09	-4.366375
49.72815	4.36506	5.7268e-09	-4.367681
49.76911	4.36636	5.72002e-09	-4.368987
49.81007	4.36767	5.71318e-09	-4.370292
49.85103	4.36897	5.70627e-09	-4.371597
49.89199	4.37028	5.69929e-09	-4.3729
49.93295	4.37158	5.69224e-09	-4.374203
49.97391	4.37288	5.68512e-09	-4.375505
50.01487	4.37418	5.67794e-09	-4.376807
50.05583	4.37548	5.67069e-09	-4.378108
50.09679	4.37678	5.66337e-09	-4.379408
50.13775	4.37808	5.65598e-09	-4.380707
50.17871	4.37938	5.64854e-09	-4.382005
50.21967	4.38068	5.64102e-09	-4.383303
50.26063	4.38198	5.63344e-09	-4.3846
50.30159	4.38327	5.62579e-09	-4.385897
50.34255	4.38457	5.61808e-09	-4.387192
50.38351	4.38586	5.61031e-09	-4.388487
50.42447	4.38716	5.60248e-09	-4.389781
50.46543	4.38845	5.59458e-09	-4.391075
50.50639	4.38974	5.58661e-09	-4.392367
50.54735	4.39104	5.57859e-09	-4.393659
50.58831	4.39233	5.5705e-09	-4.394951
50.62927	4.39362	5.56236e-09	-4.396241
50.67023	4.39491	5.55415e-09	-4.397531
50.71119	4.3962	5.54588e-09	-4.39882
50.75215	4.39748	5.53756e-09	-4.400109
50.79311	4.39877	5.52917e-09	-4.401396
50.83407	4.40006	5.52073e-09	-4.402683
50.87503	4.40135	5.51223e-09	-4.40397
50.91599	4.40263	5.50366e-09	-4.405255
50.95695	4.40392	5.49505e-09	-4.40654
50.99791	4.4052	5.48637e-09	-4.407824
51.03887	4.40648	5.47764e-09	-4.409108
51.07983	4.40777	5.46885e-09	-4.410391
51.12079	4.40905	5.46e-09	-4.411672
51.16175	4.41033	5.4511e-09	-4.412954
51.20271	4.41161	5.44215e-09	-4.414235
51.24367	4.41289	5.43313e-09	-4.415514
51.28463	4.41417	5.42407e-09	-4.416794
51.32559	4.41545	5.41495e-09	-4.418072
51.36655	4.41673	5.40578e-09	-4.41935
51.40751	4.418	5.39655e-09	-4.420627
51.44847	4.41928	5.38728e-09	-4.421904
51.48943	4.42055	5.37794e-09	-4.423179
51.53039	4.42183	5.36856e-09	-4.424454
51.57135	4.4231	5.35912e-09	-4.425729
51.61231	4.42438	5.34965e-09	-4.427002
51.65327	4.42565	5.34011e-09	-4.428275
51.69423	4.42692	5.33053e-09	-4.429547
51.73519	4.42819	5.32089e-09	-4.430819
51.77615	4.42946	5.3112e-09	-4.43209
51.81711	4.43074	5.30147e-09	-4.43336
51.85807	4.43201	5.29169e-09	-4.43463
51.89903	4.43327	5.28186e-09	-4.435898
51.93999	4.43454	5.27198e-09	-4.437167
51.98095	4.43581	5.26205e-09	-4.438434
52.02191	4.43708	5.25208e-09	-4.439701
52.06287	4.43834	5.24206e-09	-4.440967
52.10383	4.43961	5.23199e-09	-4.442232
52.14479	4.44087	5.22188e-09	-4.443497
52.18575	4.44214	5.21173e-09	-4.444761
52.22671	4.4434	5.20153e-09	-4.446024
52.26767	4.44466	5.19128e-09	-4.447287
52.30863	4.44592	5.18099e-09	-4.448549
52.34959	4.44719	5.17065e-09	-4.44981
52.39055	4.44845	5.16027e-09	-4.451071
52.43151	4.44971	5.14985e-09	-4.452331
52.47247	4.45097	5.13939e-09	-4.45359
52.51343	4.45222	5.12887e-09	-4.454848
52.55439	4.45348	5.11833e-09	-4.456106
52.59535	4.45474	5.10775e-09	-4.457364
52.63631	4.45599	5.09712e-09	-4.45862
52.67727	4.45725	5.08644e-09	-4.459876
52.71823	4.45851	5.07573e-09	-4.461131
52.75919	4.45976	5.06497e-09	-4.462386
52.80015	4.46101	5.05417e-09	-4.46364
52.84111	4.46227	5.04335e-09	-4.464893
52.88207	4.46352	5.03248e-09	-4.466145
52.92303	4.46477	5.02157e-09	-4.467397
52.96399	4.46602	5.01064e-09	-4.468649
53.00495	4.46727	4.99965e-09	-4.469899
53.04591	4.46852	4.98862e-09	-4.471149
53.08687	4.46977	4.97755e-09	-4.472398
53.12783	4.47102	4.96647e-09	-4.473647
53.16879	4.47227	4.95533e-09	-4.474895
53.20975	4.47352	4.94416e-09	-4.476142
53.25071	4.47476	4.93297e-09	-4.477389
53.29167	4.47601	4.92173e-09	-4.478635
53.33263	4.47725	4.91044e-09	-4.47988
53.37359	4.4785	4.89914e-09	-4.481124
53.41455	4.47974	4.88778e-09	-4.482368
53.45551	4.48099	4.87642e-09	-4.483612
53.49647	4.48223	4.86501e-09	-4.484854
53.53743	4.48347	4.85355e-09	-4.486096
53.57839	4.48471	4.8421e-09	-4.487338
53.61935	4.48595	4.83058e-09	-4.488578
53.66031	4.48719	4.81905e-09	-4.489818
53.70127	4.48843	4.80747e-09	-4.491058
53.74223	4.48967	4.79587e-09	-4.492296
53.78319	4.49091	4.78423e-09	-4.493534
53.82415	4.49215	4.77257e-09	-4.494772
53.86511	4.49338	4.76087e-09	-4.496009
53.90607	4.49462	4.74915e-09	-4.497245
53.94703	4.49585	4.73739e-09	-4.49848
53.98799	4.49709	4.72561e-09	-4.499715
54.02895	4.49832	4.7138e-09	-4.500949
54.06991	4.49956	4.70196e-09	-4.502183
54.11087	4.50079	4.69007e-09	-4.503416
54.15183	4.50202	4.67819e-09	-4.504648
54.19279	4.50325	4.66626e-09	-4.50588
54.23375	4.50448	4.65431e-09	-4.507111
54.27471	4.50571	4.64233e-09	-4.508341
54.31567	4.50694	4.63033e-09	-4.509571
54.35663	4.50817	4.61829e-09	-4.5108
54.39759	4.5094	4.60623e-09	-4.512028
54.43855	4.51063	4.59416e-09	-4.513256
54.47951	4.51186	4.58204e-09	-4.514483
54.52047	4.51308	4.5699e-09	-4.51571
54.56143	4.51431	4.55775e-09	-4.516936
54.60239	4.51553	4.54557e-09	-4.518161
54.64335	4.51676	4.53336e-09	-4.519386
54.68431	4.51798	4.52114e-09	-4.52061
54.72527	4.51921	4.50888e-09	-4.521833
54.76623	4.52043	4.4966e-09	-4.523056
54.80719	4.52165	4.48431e-09	-4.524278
54.84815	4.52287	4.47198e-09	-4.525499
54.88911	4.52409	4.45964e-09	-4.52672
54.93007	4.52531	4.44729e-09	-4.52794
54.97103	4.52653	4.43489e-09	-4.52916
55.01199	4.52775	4.42249e-09	-4.530379
55.05295	4.52897	4.41006e-09	-4.531597
55.09391	4.53019	4.39762e-09	-4.532815
55.13487	4.53141	4.38515e-09	-4.534032
55.17583	4.53262	4.37266e-09	-4.535249
55.21679	4.53384	4.36015e-09	-4.536465
55.25775	4.53505	4.34763e-09	-4.53768
55.29871	4.53627	4.33508e-09	-4.538894
55.33967	4.53748	4.32253e-09	-4.540108
55.38063	4.5387	4.30994e-09	-4.541322
55.4099434	4.53956	4.30093e-09	-4.54219
55.54447	4.54354	4.30561e-09	-4.546169
55.70831	4.54838	4.31046e-09	-4.551007
55.87215	4.55321	4.31439e-09	-4.555834
56.03599	4.55803	4.31742e-09	-4.560652
56.19983	4.56283	4.31955e-09	-4.565461
56.36367	4.56763	4.32081e-09	-4.57026
56.52751	4.57242	4.32119e-09	-4.575049
56.69135	4.5772	4.32073e-09	-4.579828
56.85519	4.58197	4.31941e-09	-4.584598
57.01903	4.58673	4.31727e-09	-4.589359
57.18287	4.59148	4.31431e-09	-4.59411
57.34671	4.59622	4.31055e-09	-4.598852
57.51055	4.60096	4.306e-09	-4.603584
57.67439	4.60568	4.30067e-09	-4.608307
57.79727	4.60922	4.29617e-09	-4.611844
57.92015	4.61275	4.29124e-09	-4.615375
58.04303	4.61627	4.2859e-09	-4.618901
58.16591	4.61979	4.28013e-09	-4.622422
58.28879	4.62331	4.27396e-09	-4.625937
58.37071	4.62565	4.26963e-09	-4.628278
58.45263	4.62799	4.26511e-09	-4.630617
58.53455	4.63033	4.26043e-09	-4.632954
58.61647	4.63266	4.25557e-09	-4.635288
58.69839	4.63499	4.25053e-09	-4.63762
58.78031	4.63732	4.24532e-09	-4.639949
58.86223	4.63965	4.23994e-09	-4.642277
58.94415	4.64197	4.23439e-09	-4.644602
59.02607	4.6443	4.22867e-09	-4.646925
59.10799	4.64662	4.22279e-09	-4.649246
59.18991	4.64894	4.21675e-09	-4.651564
59.27183	4.65125	4.21054e-09	-4.653881
59.35375	4.65357	4.20417e-09	-4.656195
59.43567	4.65588	4.19765e-09	-4.658507
59.51759	4.65819	4.19096e-09	-4.660816
59.59951	4.6605	4.18412e-09	-4.663124
59.68143	4.6628	4.17712e-09	-4.665429
59.76335	4.6651	4.16997e-09	-4.667732
59.84527	4.66741	4.16267e-09	-4.670033
59.92719	4.6697	4.15523e-09	-4.672332
60.00911	4.672	4.14762e-09	-4.674629
60.09103	4.6743	4.13988e-09	-4.676924
60.17295	4.67659	4.13199e-09	-4.679216
60.25487	4.67888	4.12395e-09	-4.681506
60.33679	4.68117	4.11578e-09	-4.683794
60.37775	4.68231	4.11164e-09	-4.684937
60.41871	4.68345	4.10746e-09	-4.68608
60.45967	4.68459	4.10325e-09	-4.687222
60.50063	4.68574	4.099e-09	-4.688364
60.54159	4.68688	4.09472e-09	-4.689505
60.58255	4.68802	4.09041e-09	-4.690645
60.62351	4.68916	4.08606e-09	-4.691785
60.66447	4.6903	4.08167e-09	-4.692925
60.70543	4.69144	4.07726e-09	-4.694064
60.74639	4.69257	4.07281e-09	-4.695202
60.78735	4.69371	4.06832e-09	-4.69634
60.82831	4.69485	4.06381e-09	-4.697477
60.86927	4.69599	4.05926e-09	-4.698614
60.91023	4.69712	4.05468e-09	-4.699751
60.95119	4.69826	4.05006e-09	-4.700886
60.99215	4.69939	4.04542e-09	-4.702021
61.03311	4.70053	4.04074e-09	-4.703156
61.07407	4.70166	4.03602e-09	-4.70429
61.11503	4.7028	4.03128e-09	-4.705424
61.15599	4.70393	4.02651e-09	-4.706557
61.19695	4.70506	4.0217e-09	-4.70769
61.23791	4.70619	4.01686e-09	-4.708822
61.27887	4.70733	4.01199e-09	-4.709954
61.31983	4.70846	4.00709e-09	-4.711085
61.36079	4.70959	4.00216e-09	-4.712215
61.40175	4.71072	3.99719e-09	-4.713345
61.44271	4.71185	3.9922e-09	-4.714474
61.48367	4.71298	3.98719e-09	-4.715604
61.52463	4.7141	3.98213e-09	-4.716732
61.56559	4.71523	3.97705e-09	-4.71786
61.60655	4.71636	3.97193e-09	-4.718987
61.64751	4.71749	3.96679e-09	-4.720114
61.68847	4.71861	3.96163e-09	-4.721241
61.72943	4.71974	3.95642e-09	-4.722366
61.77039	4.72086	3.95119e-09	-4.723492
61.81135	4.72199	3.94593e-09	-4.724617
61.85231	4.72311	3.94065e-09	-4.725741
61.89327	4.72424	3.93533e-09	-4.726865
61.93423	4.72536	3.92999e-09	-4.727988
61.97519	4.72648	3.92461e-09	-4.729111
62.01615	4.72761	3.91922e-09	-4.730233
62.05711	4.72873	3.91379e-09	-4.731355
62.09807	4.72985	3.90833e-09	-4.732476
62.13903	4.73097	3.90285e-09	-4.733597
62.17999	4.73209	3.89734e-09	-4.734717
62.22095	4.73321	3.8918e-09	-4.735837
62.26191	4.73433	3.88624e-09	-4.736956
62.30287	4.73545	3.88064e-09	-4.738074
62.34383	4.73657	3.87503e-09	-4.739193
62.38479	4.73768	3.86938e-09	-4.74031
62.42575	4.7388	3.86371e-09	-4.741428
62.46671	4.73992	3.85802e-09	-4.742544
62.50767	4.74103	3.8523e-09	-4.74366
62.54863	4.74215	3.84654e-09	-4.744776
62.58959	4.74326	3.84077e-09	-4.745891
62.63055	4.74438	3.83498e-09	-4.747006
62.67151	4.74549	3.82915e-09	-4.74812
62.71247	4.74661	3.82331e-09	-4.749233
62.75343	4.74772	3.81743e-09	-4.750347
62.79439	4.74883	3.81153e-09	-4.751459
62.83535	4.74994	3.80561e-09	-4.752571
62.87631	4.75106	3.79966e-09	-4.753683
62.91727	4.75217	3.79368e-09	-4.754794
62.95823	4.75328	3.78769e-09	-4.755905
62.99919	4.75439	3.78167e-09	-4.757015
63.04015	4.7555	3.77563e-09	-4.758124
63.08111	4.75661	3.76956e-09	-4.759233
63.12207	4.75771	3.76347e-09	-4.760342
63.16303	4.75882	3.75736e-09	-4.76145
63.20399	4.75993	3.75122e-09	-4.762558
63.24495	4.76104	3.74506e-09	-4.763665
63.28591	4.76214	3.73888e-09	-4.764772
63.32687	4.76325	3.73267e-09	-4.765878
63.36783	4.76436	3.72645e-09	-4.766983
63.40879	4.76546	3.7202e-09	-4.768089
63.44975	4.76656	3.71393e-09	-4.769193
63.49071	4.76767	3.70763e-09	-4.770297
63.53167	4.76877	3.70131e-09	-4.771401
63.57263	4.76988	3.69498e-09	-4.772504
63.61359	4.77098	3.68862e-09	-4.773607
63.65455	4.77208	3.68224e-09	-4.774709
63.69551	4.77318	3.67584e-09	-4.775811
63.73647	4.77428	3.66942e-09	-4.776912
63.77743	4.77538	3.66298e-09	-4.778013
63.81839	4.77649	3.65651e-09	-4.779113
63.85935	4.77759	3.65003e-09	-4.780213
63.90031	4.77868	3.64353e-09	-4.781312
63.94127	4.77978	3.637e-09	-4.782411
63.98223	4.78088	3.63046e-09	-4.783509
64.02319	4.78198	3.6239e-09	-4.784607
64.06415	4.78308	3.61731e-09	-4.785704
64.10511	4.78417	3.61071e-09	-4.786801
64.14607	4.78527	3.60409e-09	-4.787897
64.18703	4.78636	3.59745e-09	-4.788993
64.22799	4.78746	3.59079e-09	-4.790089
64.26895	4.78856	3.58411e-09	-4.791184
64.30991	4.78965	3.57741e-09	-4.792278
64.35087	4.79074	3.5707e-09	-4.793372
64.39183	4.79184	3.56396e-09	-4.794465
64.43279	4.79293	3.5572e-09	-4.795558
64.47375	4.79402	3.55043e-09	-4.796651
64.51471	4.79511	3.54364e-09	-4.797743
64.55567	4.79621	3.53684e-09	-4.798834
64.59663	4.7973	3.53001e-09	-4.799925
64.63759	4.79839	3.52316e-09	-4.801016
64.67855	4.79948	3.51631e-09	-4.802106
64.71951	4.80057	3.50943e-09	-4.803196
64.76047	4.80166	3.50253e-09	-4.804285
64.80143	4.80274	3.49562e-09	-4.805373
64.84239	4.80383	3.4887e-09	-4.806462
64.88335	4.80492	3.48175e-09	-4.807549
64.92431	4.80601	3.47479e-09	-4.808637
64.96527	4.80709	3.46781e-09	-4.809723
65.00623	4.80818	3.46082e-09	-4.81081
65.04719	4.80927	3.45381e-09	-4.811896
65.08815	4.81035	3.44678e-09	-4.812981
65.12911	4.81144	3.43974e-09	-4.814066
65.17007	4.81252	3.43269e-09	-4.81515
65.21103	4.8136	3.42562e-09	-4.816234
65.25199	4.81469	3.41853e-09	-4.817317
65.29295	4.81577	3.41143e-09	-4.8184
65.33391	4.81685	3.40431e-09	-4.819483
65.37487	4.81794	3.39718e-09	-4.820565
65.41583	4.81902	3.39004e-09	-4.821646
65.45679	4.8201	3.38287e-09	-4.822728
65.49775	4.82118	3.37569e-09	-4.823808
65.53871	4.82226	3.36851e-09	-4.824888
65.57967	4.82334	3.3613e-09	-4.825968
65.62063	4.82442	3.35408e-09	-4.827047
65.66159	4.8255	3.34685e-09	-4.828126
65.70255	4.82658	3.3396e-09	-4.829204
65.74351	4.82765	3.33234e-09	-4.830282
65.78447	4.82873	3.32507e-09	-4.83136
65.82543	4.82981	3.31779e-09	-4.832437
65.86639	4.83088	3.31049e-09	-4.833513
65.8957034	4.83165	3.30525e-09	-4.834283
66.11215	4.83733	3.30692e-09	-4.839962
66.31695	4.84269	3.30769e-09	-4.845323
66.52175	4.84804	3.3077e-09	-4.850673
66.72655	4.85338	3.30697e-09	-4.856012
66.93135	4.85871	3.30549e-09	-4.861339
67.13615	4.86403	3.30329e-09	-4.866655
67.34095	4.86933	3.30038e-09	-4.87196
67.54575	4.87462	3.29677e-09	-4.877253
67.70959	4.87885	3.29338e-09	-4.88148
67.87343	4.88307	3.28956e-09	-4.8857
68.03727	4.88728	3.28531e-09	-4.889913
68.16015	4.89044	3.28185e-09	-4.893068
68.28303	4.89359	3.27815e-09	-4.896219
68.40591	4.89674	3.27422e-09	-4.899366
68.52879	4.89988	3.27006e-09	-4.902509
68.65167	4.90302	3.26566e-09	-4.905648
68.77455	4.90615	3.26106e-09	-4.908783
68.89743	4.90928	3.25622e-09	-4.911915
68.97935	4.91137	3.25287e-09	-4.914
69.06127	4.91345	3.24943e-09	-4.916084
69.14319	4.91554	3.24589e-09	-4.918166
69.22511	4.91762	3.24226e-09	-4.920246
69.30703	4.91969	3.23853e-09	-4.922325
69.38895	4.92177	3.23471e-09	-4.924402
69.47087	4.92385	3.2308e-09	-4.926477
69.55279	4.92592	3.22679e-09	-4.928551
69.63471	4.92799	3.22269e-09	-4.930623
69.71663	4.93006	3.2185e-09	-4.932693
69.79855	4.93213	3.21422e-09	-4.934761
69.88047	4.9342	3.20985e-09	-4.936828
69.96239	4.93626	3.20539e-09	-4.938893
70.04431	4.93833	3.20085e-09	-4.940957
70.12623	4.94039	3.19622e-09	-4.943018
70.20815	4.94245	3.1915e-09	-4.945078
70.29007	4.94451	3.18669e-09	-4.947137
70.37199	4.94656	3.1818e-09	-4.949193
70.45391	4.94862	3.17683e-09	-4.951249
70.53583	4.95067	3.17178e-09	-4.953302
70.61775	4.95272	3.16664e-09	-4.955354
70.69967	4.95477	3.16142e-09	-4.957404
70.78159	4.95682	3.15612e-09	-4.959452
70.86351	4.95887	3.15073e-09	-4.961499
70.94543	4.96091	3.14527e-09	-4.963544
71.02735	4.96296	3.13973e-09	-4.965588
71.10927	4.965	3.13412e-09	-4.96763
71.19119	4.96704	3.12842e-09	-4.96967
71.27311	4.96908	3.12264e-09	-4.971709
71.35503	4.97112	3.11679e-09	-4.973746
71.43695	4.97315	3.11087e-09	-4.975781
71.51887	4.97518	3.10487e-09	-4.977815
71.60079	4.97722	3.09879e-09	-4.979847
71.68271	4.97925	3.09265e-09	-4.981878
71.72367	4.98026	3.08955e-09	-4.982892
71.76463	4.98128	3.08643e-09	-4.983906
71.80559	4.98229	3.08329e-09	-4.98492
71.84655	4.9833	3.08014e-09	-4.985934
71.88751	4.98432	3.07697e-09	-4.986947
71.92847	4.98533	3.07377e-09	-4.987959
71.96943	4.98634	3.07057e-09	-4.988972
72.01039	4.98735	3.06734e-09	-4.989984
72.05135	4.98836	3.0641e-09	-4.990995
72.09231	4.98937	3.06084e-09	-4.992006
72.13327	4.99039	3.05756e-09	-4.993017
72.17423	4.9914	3.05426e-09	-4.994027
72.21519	4.99241	3.05096e-09	-4.995037
72.25615	4.99341	3.04763e-09	-4.996046
72.29711	4.99442	3.04428e-09	-4.997055
72.33807	4.99543	3.04092e-09	-4.998064
72.37903	4.99644	3.03754e-09	-4.999072
72.41999	4.99745	3.03414e-09	-5.00008
72.46095	4.99846	3.03073e-09	-5.001088
72.50191	4.99946	3.0273e-09	-5.002095
72.54287	5.00047	3.02386e-09	-5.003101
72.58383	5.00148	3.0204e-09	-5.004108
72.62479	5.00248	3.01692e-09	-5.005114
72.66575	5.00349	3.01343e-09	-5.006119
72.70671	5.00449	3.00991e-09	-5.007124
72.74767	5.0055	3.00639e-09	-5.008129
72.78863	5.0065	3.00285e-09	-5.009133
72.82959	5.00751	2.99929e-09	-5.010137
72.87055	5.00851	2.99571e-09	-5.011141
72.91151	5.00951	2.99213e-09	-5.012144
72.95247	5.01052	2.98852e-09	-5.013147
72.99343	5.01152	2.9849e-09	-5.014149
73.03439	5.01252	2.98126e-09	-5.015151
73.07535	5.01352	2.97762e-09	-5.016153
73.11631	5.01452	2.97395e-09	-5.017154
73.15727	5.01552	2.97027e-09	-5.018155
73.19823	5.01652	2.96658e-09	-5.019155
73.23919	5.01752	2.96286e-09	-5.020155
73.28015	5.01852	2.95913e-09	-5.021155
73.32111	5.01952	2.9554e-09	-5.022154
73.36207	5.02052	2.95164e-09	-5.023153
73.40303	5.02152	2.94786e-09	-5.024151
73.44399	5.02252	2.94409e-09	-5.025149
73.48495	5.02352	2.94028e-09	-5.026147
73.52591	5.02451	2.93647e-09	-5.027144
73.56687	5.02551	2.93264e-09	-5.028141
73.60783	5.02651	2.9288e-09	-5.029138
73.64879	5.0275	2.92495e-09	-5.030134
73.68975	5.0285	2.92107e-09	-5.03113
73.73071	5.02949	2.91719e-09	-5.032125
73.77167	5.03049	2.91329e-09	-5.03312
73.81263	5.03148	2.90938e-09	-5.034115
73.85359	5.03248	2.90545e-09	-5.035109
73.89455	5.03347	2.90151e-09	-5.036103
73.93551	5.03446	2.89756e-09	-5.037096
73.97647	5.03546	2.89359e-09	-5.038089
74.01743	5.03645	2.88961e-09	-5.039082
74.05839	5.03744	2.88562e-09	-5.040075
74.09935	5.03844	2.88161e-09	-5.041067
74.14031	5.03943	2.8776e-09	-5.042058
74.18127	5.04042	2.87356e-09	-5.043049
74.22223	5.04141	2.86952e-09	-5.04404
74.26319	5.0424	2.86546e-09	-5.04503
74.30415	5.04339	2.86138e-09	-5.046021
74.34511	5.04438	2.8573e-09	-5.04701
74.38607	5.04537	2.8532e-09	-5.047999
74.42703	5.04636	2.84909e-09	-5.048988
74.46799	5.04735	2.84497e-09	-5.049977
74.50895	5.04833	2.84083e-09	-5.050965
74.54991	5.04932	2.83669e-09	-5.051953
74.59087	5.05031	2.83252e-09	-5.05294
74.63183	5.0513	2.82836e-09	-5.053927
74.67279	5.05228	2.82417e-09	-5.054914
74.71375	5.05327	2.81997e-09	-5.0559
74.75471	5.05425	2.81577e-09	-5.056886
74.79567	5.05524	2.81155e-09	-5.057871
74.83663	5.05622	2.80732e-09	-5.058857
74.87759	5.05721	2.80307e-09	-5.059841
74.91855	5.05819	2.79882e-09	-5.060826
74.95951	5.05918	2.79455e-09	-5.06181
75.00047	5.06016	2.79027e-09	-5.062793
75.04143	5.06114	2.78598e-09	-5.063777
75.08239	5.06213	2.78168e-09	-5.06476
75.12335	5.06311	2.77737e-09	-5.065742
75.16431	5.06409	2.77304e-09	-5.066724
75.20527	5.06507	2.76871e-09	-5.067706
75.24623	5.06605	2.76436e-09	-5.068687
75.28719	5.06704	2.76001e-09	-5.069668
75.32815	5.06802	2.75564e-09	-5.070649
75.36911	5.069	2.75126e-09	-5.071629
75.41007	5.06998	2.74687e-09	-5.072609
75.45103	5.07096	2.74247e-09	-5.073589
75.49199	5.07194	2.73806e-09	-5.074568
75.53295	5.07292	2.73363e-09	-5.075547
75.57391	5.07389	2.72921e-09	-5.076525
75.61487	5.07487	2.72477e-09	-5.077503
75.65583	5.07585	2.72031e-09	-5.078481
75.69679	5.07683	2.71585e-09	-5.079458
75.73775	5.0778	2.71138e-09	-5.080435
75.77871	5.07878	2.70689e-09	-5.081412
75.81967	5.07976	2.7024e-09	-5.082388
75.86063	5.08073	2.6979e-09	-5.083364
75.90159	5.08171	2.69339e-09	-5.084339
75.94255	5.08268	2.68886e-09	-5.085314
75.98351	5.08366	2.68432e-09	-5.086289
76.02447	5.08463	2.67978e-09	-5.087264
76.06543	5.08561	2.67523e-09	-5.088238
76.10639	5.08658	2.67067e-09	-5.089211
76.14735	5.08755	2.6661e-09	-5.090185
76.18831	5.08853	2.66152e-09	-5.091158
76.22927	5.0895	2.65693e-09	-5.09213
76.27023	5.09047	2.65233e-09	-5.093102
76.31119	5.09144	2.64772e-09	-5.094074
76.35215	5.09241	2.6431e-09	-5.095046
76.3814634	5.09311	2.6398e-09	-5.095741
76.59791	5.09823	2.63938e-09	-5.100867
76.84367	5.10404	2.63828e-09	-5.106675
77.08943	5.10984	2.63654e-09	-5.112471
77.33519	5.11562	2.63417e-09	-5.118253
77.58095	5.12139	2.63118e-09	-5.124023
77.78575	5.12619	2.62823e-09	-5.128821
77.94959	5.13002	2.62557e-09	-5.132654
78.11343	5.13385	2.62264e-09	-5.136481
78.27727	5.13767	2.61945e-09	-5.140302
78.44111	5.14148	2.61602e-09	-5.144117
78.60495	5.14529	2.61233e-09	-5.147927
78.72783	5.14815	2.60939e-09	-5.150781
78.85071	5.151	2.60631e-09	-5.153632
78.97359	5.15385	2.6031e-09	-5.15648
79.09647	5.15669	2.59976e-09	-5.159325
79.21935	5.15953	2.59628e-09	-5.162166
79.34223	5.16237	2.59267e-09	-5.165005
79.46511	5.16521	2.58892e-09	-5.16784
79.58799	5.16804	2.58504e-09	-5.170672
79.66991	5.16993	2.58239e-09	-5.172559
79.75183	5.17181	2.57967e-09	-5.174444
79.83375	5.17369	2.5769e-09	-5.176328
79.91567	5.17558	2.57407e-09	-5.178211
79.99759	5.17746	2.57119e-09	-5.180092
80.07951	5.17934	2.56825e-09	-5.181972
80.16143	5.18122	2.56526e-09	-5.18385
80.24335	5.18309	2.56221e-09	-5.185727
80.32527	5.18497	2.55911e-09	-5.187603
80.40719	5.18684	2.55595e-09	-5.189477
80.48911	5.18872	2.55274e-09	-5.191351
80.57103	5.19059	2.54948e-09	-5.193223
80.65295	5.19246	2.54616e-09	-5.195093
80.77583	5.19526	2.54109e-09	-5.197896
80.85775	5.19713	2.53765e-09	-5.199763
80.93967	5.199	2.53415e-09	-5.201629
81.06255	5.20179	2.52881e-09	-5.204426
81.14447	5.20365	2.52519e-09	-5.206288
81.22639	5.20552	2.52151e-09	-5.20815
81.34927	5.20831	2.51591e-09	-5.210939
81.43119	5.21016	2.51212e-09	-5.212797
81.51311	5.21202	2.50827e-09	-5.214654
81.63599	5.2148	2.50241e-09	-5.217436
81.71791	5.21666	2.49845e-09	-5.21929
81.79983	5.21851	2.49444e-09	-5.221142
81.92271	5.22128	2.48833e-09	-5.223918
82.00463	5.22313	2.4842e-09	-5.225766
82.08655	5.22498	2.48003e-09	-5.227614
82.20943	5.22775	2.47368e-09	-5.230383
82.29135	5.22959	2.4694e-09	-5.232228
82.37327	5.23144	2.46506e-09	-5.234071
82.49615	5.2342	2.45848e-09	-5.236833
82.57807	5.23604	2.45404e-09	-5.238673
82.65999	5.23788	2.44956e-09	-5.240512
82.78287	5.24063	2.44275e-09	-5.243267
82.86479	5.24247	2.43815e-09	-5.245103
82.94671	5.2443	2.43352e-09	-5.246937
83.06959	5.24705	2.42649e-09	-5.249686
83.15151	5.24888	2.42176e-09	-5.251517
83.23343	5.25071	2.41698e-09	-5.253347
83.35631	5.25346	2.40974e-09	-5.256089
83.39727	5.25437	2.4073e-09	-5.257003
83.43823	5.25528	2.40486e-09	-5.257916
83.47919	5.2562	2.40241e-09	-5.258829
83.52015	5.25711	2.39994e-09	-5.259741
83.56111	5.25802	2.39747e-09	-5.260654
83.64303	5.25984	2.3925e-09	-5.262477
83.68399	5.26075	2.39e-09	-5.263388
83.72495	5.26167	2.38748e-09	-5.264299
83.76591	5.26258	2.38496e-09	-5.26521
83.80687	5.26349	2.38243e-09	-5.266121
83.84783	5.2644	2.37989e-09	-5.267031
83.92975	5.26622	2.37478e-09	-5.26885
83.97071	5.26713	2.37221e-09	-5.269759
84.01167	5.26803	2.36963e-09	-5.270668
84.05263	5.26894	2.36705e-09	-5.271576
84.09359	5.26985	2.36446e-09	-5.272485
84.13455	5.27076	2.36185e-09	-5.273392
84.21647	5.27257	2.35661e-09	-5.275207
84.25743	5.27348	2.35398e-09	-5.276114
84.29839	5.27439	2.35134e-09	-5.277021
84.33935	5.27529	2.34869e-09	-5.277927
84.38031	5.2762	2.34603e-09	-5.278833
84.42127	5.27711	2.34336e-09	-5.279739
84.50319	5.27892	2.338e-09	-5.28155
84.54415	5.27982	2.33531e-09	-5.282455
84.58511	5.28073	2.3326e-09	-5.283359
84.62607	5.28163	2.3299e-09	-5.284263
84.66703	5.28253	2.32717e-09	-5.285167
84.70799	5.28344	2.32444e-09	-5.286071
84.78991	5.28524	2.31897e-09	-5.287877
84.83087	5.28615	2.31621e-09	-5.28878
84.87183	5.28705	2.31345e-09	-5.289682
84.91279	5.28795	2.31068e-09	-5.290584
84.95375	5.28885	2.3079e-09	-5.291486
84.99471	5.28975	2.30512e-09	-5.292387
85.07663	5.29156	2.29952e-09	-5.294189
85.11759	5.29246	2.29671e-09	-5.29509
85.15855	5.29336	2.29389e-09	-5.29599
85.19951	5.29426	2.29106e-09	-5.29689
85.24047	5.29516	2.28823e-09	-5.29779
85.28143	5.29605	2.28538e-09	-5.298689
85.36335	5.29785	2.27967e-09	-5.300487
85.40431	5.29875	2.2768e-09	-5.301385
85.44527	5.29965	2.27393e-09	-5.302284
85.48623	5.30055	2.27105e-09	-5.303181
85.52719	5.30144	2.26817e-09	-5.304079
85.56815	5.30234	2.26526e-09	-5.304976
85.65007	5.30414	2.25945e-09	-5.30677
85.69103	5.30503	2.25653e-09	-5.307666
85.73199	5.30593	2.2536e-09	-5.308562
85.77295	5.30682	2.25067e-09	-5.309458
85.81391	5.30772	2.24773e-09	-5.310353
85.85487	5.30861	2.24478e-09	-5.311248
85.93679	5.3104	2.23886e-09	-5.313038
85.97775	5.3113	2.23589e-09	-5.313932
86.01871	5.31219	2.23291e-09	-5.314826
86.05967	5.31309	2.22992e-09	-5.31572
86.10063	5.31398	2.22694e-09	-5.316613
86.14159	5.31487	2.22394e-09	-5.317506
86.22351	5.31666	2.21791e-09	-5.319291
86.26447	5.31755	2.21489e-09	-5.320184
86.30543	5.31844	2.21187e-09	-5.321075
86.34639	5.31933	2.20883e-09	-5.321967
86.38735	5.32022	2.20579e-09	-5.322858
86.42831	5.32111	2.20275e-09	-5.323749
86.51023	5.32289	2.19663e-09	-5.32553
86.55119	5.32379	2.19356e-09	-5.326421
86.59215	5.32468	2.19049e-09	-5.32731
86.63311	5.32557	2.18741e-09	-5.3282
86.67407	5.32645	2.18432e-09	-5.329089
86.71503	5.32734	2.18123e-09	-5.329978
86.79695	5.32912	2.17502e-09	-5.331755
86.83791	5.33001	2.17191e-09	-5.332643
86.8672234	5.33064	2.16968e-09	-5.333279
87.00175	5.33356	2.1727e-09	-5.336192
87.12463	5.33622	2.17534e-09	-5.338851
87.24751	5.33887	2.17788e-09	-5.341507
87.37039	5.34153	2.18029e-09	-5.344161
87.49327	5.34418	2.18262e-09	-5.346812
87.65711	5.34771	2.18553e-09	-5.350343
87.82095	5.35123	2.18827e-09	-5.353869
87.98479	5.35475	2.1908e-09	-5.35739
88.14863	5.35827	2.19316e-09	-5.360907
88.35343	5.36266	2.19584e-09	-5.365297
88.55823	5.36705	2.19824e-09	-5.36968
88.80399	5.37229	2.20073e-09	-5.374929
89.09071	5.37841	2.20313e-09	-5.381041
89.37743	5.3845	2.205e-09	-5.387139
89.66415	5.39059	2.20633e-09	-5.393224
89.95087	5.39666	2.20714e-09	-5.399294
90.23759	5.40272	2.20743e-09	-5.405352
90.52431	5.40876	2.20722e-09	-5.411396
90.81103	5.41479	2.2065e-09	-5.417426
91.09775	5.42081	2.20529e-09	-5.423443
91.38447	5.42681	2.2036e-09	-5.429447
91.67119	5.4328	2.20143e-09	-5.435438
91.95791	5.43878	2.1988e-09	-5.441415
92.24463	5.44474	2.19572e-09	-5.44738
92.44943	5.449	2.19323e-09	-5.451632
92.65423	5.45324	2.19052e-09	-5.455878
92.81807	5.45663	2.18819e-09	-5.45927
92.98191	5.46002	2.18573e-09	-5.462658
93.14575	5.4634	2.18312e-09	-5.466041
93.30959	5.46678	2.18037e-09	-5.469421
93.47343	5.47016	2.17749e-09	-5.472796
93.59631	5.47269	2.17523e-09	-5.475325
93.71919	5.47522	2.17291e-09	-5.477851
93.84207	5.47774	2.1705e-09	-5.480375
93.96495	5.48026	2.16803e-09	-5.482897
94.08783	5.48278	2.16548e-09	-5.485416
94.25167	5.48614	2.16196e-09	-5.488772
94.37455	5.48865	2.15925e-09	-5.491286
94.53839	5.492	2.15551e-09	-5.494635
94.66127	5.49451	2.15263e-09	-5.497143
94.82511	5.49785	2.14867e-09	-5.500485
94.94799	5.50035	2.14563e-09	-5.502988
95.11183	5.50368	2.14146e-09	-5.506322
95.23471	5.50618	2.13825e-09	-5.508821
95.31663	5.50785	2.13607e-09	-5.510485
95.39855	5.50951	2.13387e-09	-5.512148
95.48047	5.51117	2.13164e-09	-5.51381
95.56239	5.51283	2.12937e-09	-5.515471
95.68527	5.51532	2.12592e-09	-5.517961
95.76719	5.51698	2.12359e-09	-5.51962
95.84911	5.51864	2.12123e-09	-5.521277
95.93103	5.5203	2.11883e-09	-5.522934
96.01295	5.52195	2.11642e-09	-5.52459
96.09487	5.52361	2.11397e-09	-5.526244
96.17679	5.52526	2.11149e-09	-5.527898
96.25871	5.52691	2.10899e-09	-5.529551
96.34063	5.52857	2.10645e-09	-5.531203
96.42255	5.53022	2.1039e-09	-5.532853
96.50447	5.53187	2.10131e-09	-5.534503
96.58639	5.53352	2.0987e-09	-5.536152
96.66831	5.53516	2.09606e-09	-5.5378
96.75023	5.53681	2.09339e-09	-5.539446
96.83215	5.53845	2.0907e-09	-5.541092
96.91407	5.5401	2.08798e-09	-5.542737
96.99599	5.54174	2.08524e-09	-5.544381
97.07791	5.54339	2.08246e-09	-5.546024
97.15983	5.54503	2.07967e-09	-5.547666
97.24175	5.54667	2.07685e-09	-5.549307
97.32367	5.54831	2.074e-09	-5.550947
97.40559	5.54995	2.07112e-09	-5.552586
97.48751	5.55159	2.06823e-09	-5.554224
97.56943	5.55322	2.06531e-09	-5.555861
97.65135	5.55486	2.06236e-09	-5.557497
97.73327	5.55649	2.05939e-09	-5.559132
97.81519	5.55813	2.05639e-09	-5.560766
97.89711	5.55976	2.05337e-09	-5.562399
97.97903	5.5614	2.05033e-09	-5.564032
98.06095	5.56303	2.04726e-09	-5.565663
98.14287	5.56466	2.04417e-09	-5.567293
98.22479	5.56629	2.04105e-09	-5.568923
98.30671	5.56791	2.03792e-09	-5.570551
98.38863	5.56954	2.03476e-09	-5.572179
98.47055	5.57117	2.03158e-09	-5.573805
98.55247	5.57279	2.02837e-09	-5.575431
98.63439	5.57442	2.02514e-09	-5.577056
98.71631	5.57604	2.02189e-09	-5.578679
98.79823	5.57766	2.01861e-09	-5.580302
98.88015	5.57929	2.01532e-09	-5.581924
98.96207	5.58091	2.012e-09	-5.583545
99.04399	5.58253	2.00866e-09	-5.585165
99.12591	5.58415	2.0053e-09	-5.586784
99.20783	5.58577	2.00192e-09	-5.588402
99.28975	5.58738	1.99851e-09	-5.590019
99.37167	5.589	1.99509e-09	-5.591635
99.45359	5.59061	1.99164e-09	-5.59325
99.53551	5.59223	1.98818e-09	-5.594864
99.61743	5.59384	1.98469e-09	-5.596478
99.69935	5.59545	1.98118e-09	-5.59809
99.78127	5.59706	1.97765e-09	-5.599702
99.86319	5.59868	1.97411e-09	-5.601312
99.94511	5.60029	1.97054e-09	-5.602922
100.02703	5.60189	1.96695e-09	-5.604531
100.10895	5.6035	1.96334e-09	-5.606139
100.19087	5.60511	1.95972e-09	-5.607745
100.27279	5.60671	1.95607e-09	-5.609351
100.35471	5.60832	1.95241e-09	-5.610956
100.43663	5.60992	1.94873e-09	-5.61256
100.51855	5.61153	1.94502e-09	-5.614164
100.60047	5.61313	1.9413e-09	-5.615766
100.68239	5.61473	1.93756e-09	-5.617367
100.76431	5.61633	1.9338e-09	-5.618968
100.84623	5.61793	1.93003e-09	-5.620567
100.92815	5.61953	1.92624e-09	-5.622166
101.01007	5.62113	1.92243e-09	-5.623764
101.09199	5.62272	1.9186e-09	-5.62536
101.17391	5.62432	1.91475e-09	-5.626956
101.25583	5.62591	1.91088e-09	-5.628551
101.33775	5.62751	1.907e-09	-5.630145
101.41967	5.6291	1.90311e-09	-5.631738
101.50159	5.63069	1.89919e-09	-5.633331
101.58351	5.63228	1.89525e-09	-5.634922
101.66543	5.63387	1.89131e-09	-5.636513
101.74735	5.63546	1.88735e-09	-5.638102
101.82927	5.63705	1.88336e-09	-5.639691
101.91119	5.63864	1.87937e-09	-5.641279
101.99311	5.64023	1.87535e-09	-5.642865
102.07503	5.64181	1.87133e-09	-5.644451
102.15695	5.6434	1.86728e-09	-5.646036
102.23887	5.64498	1.86322e-09	-5.647621
102.32079	5.64657	1.85915e-09	-5.649204
102.40271	5.64815	1.85506e-09	-5.650786
102.48463	5.64973	1.85095e-09	-5.652368
102.56655	5.65131	1.84683e-09	-5.653948
102.64847	5.65289	1.84269e-09	-5.655528
102.73039	5.65447	1.83855e-09	-5.657107
102.81231	5.65605	1.83438e-09	-5.658685
102.89423	5.65762	1.8302e-09	-5.660262
102.97615	5.6592	1.82602e-09	-5.661838
103.05807	5.66078	1.82181e-09	-5.663413
103.13999	5.66235	1.81759e-09	-5.664988
103.22191	5.66392	1.81335e-09	-5.666561
103.30383	5.6655	1.80911e-09	-5.668134
103.38575	5.66707	1.80485e-09	-5.669706
103.46767	5.66864	1.80058e-09	-5.671277
103.54959	5.67021	1.79629e-09	-5.672847
103.63151	5.67178	1.79199e-09	-5.674416
103.71343	5.67335	1.78768e-09	-5.675984
103.79535	5.67491	1.78335e-09	-5.677552
103.87727	5.67648	1.77901e-09	-5.679118
103.95919	5.67805	1.77466e-09	-5.680684
104.04111	5.67961	1.7703e-09	-5.682249
104.12303	5.68117	1.76593e-09	-5.683813
104.20495	5.68274	1.76154e-09	-5.685376
104.28687	5.6843	1.75714e-09	-5.686938
104.36879	5.68586	1.75273e-09	-5.688499
104.45071	5.68742	1.74831e-09	-5.69006
104.53263	5.68898	1.74388e-09	-5.691619
104.61455	5.69054	1.73943e-09	-5.693178
104.69647	5.6921	1.73497e-09	-5.694736
104.77839	5.69365	1.73051e-09	-5.696293
104.86031	5.69521	1.72603e-09	-5.697849
104.94223	5.69677	1.72154e-09	-5.699405
105.02415	5.69832	1.71704e-09	-5.700959
105.10607	5.69987	1.71254e-09	-5.702513
105.18799	5.70143	1.70802e-09	-5.704066
105.26991	5.70298	1.70349e-09	-5.705617
105.35183	5.70453	1.69895e-09	-5.707169
105.43375	5.70608	1.6944e-09	-5.708719
105.51567	5.70763	1.68984e-09	-5.710268
105.59759	5.70918	1.68527e-09	-5.711817
105.67951	5.71073	1.6807e-09	-5.713364
105.76143	5.71227	1.67611e-09	-5.714911
105.84335	5.71382	1.67151e-09	-5.716457
105.92527	5.71536	1.6669e-09	-5.718002
106.00719	5.71691	1.66229e-09	-5.719547
106.08911	5.71845	1.65767e-09	-5.72109
106.17103	5.71999	1.65304e-09	-5.722633
106.25295	5.72154	1.64839e-09	-5.724175
106.33487	5.72308	1.64375e-09	-5.725716
106.41679	5.72462	1.63908e-09	-5.727256
106.49871	5.72616	1.63442e-09	-5.728795
106.58063	5.72769	1.62974e-09	-5.730334
106.66255	5.72923	1.62506e-09	-5.731871
106.74447	5.73077	1.62037e-09	-5.733408
106.82639	5.7323	1.61568e-09	-5.734944
106.90831	5.73384	1.61097e-09	-5.736479
106.99023	5.73537	1.60626e-09	-5.738014
107.07215	5.73691	1.60153e-09	-5.739547
107.15407	5.73844	1.59681e-09	-5.74108
107.23599	5.73997	1.59208e-09	-5.742611
107.31791	5.7415	1.58734e-09	-5.744142
107.39983	5.74303	1.58259e-09	-5.745673
107.48175	5.74456	1.57784e-09	-5.747202
107.56367	5.74609	1.57307e-09	-5.748731
107.64559	5.74762	1.5683e-09	-5.750258
107.72751	5.74915	1.56353e-09	-5.751785
107.80943	5.75067	1.55875e-09	-5.753311
107.838743	5.75122	1.55704e-09	-5.753857
108.13711	5.75677	1.55909e-09	-5.759408
108.46479	5.76285	1.56101e-09	-5.765491
108.79247	5.76892	1.56257e-09	-5.771561
109.12015	5.77498	1.56378e-09	-5.777618
109.44783	5.78102	1.56466e-09	-5.783663
109.77551	5.78706	1.56519e-09	-5.789695
110.10319	5.79307	1.56539e-09	-5.795714
110.43087	5.79908	1.56528e-09	-5.801721
110.75855	5.80508	1.56483e-09	-5.807715
111.08623	5.81106	1.56407e-09	-5.813696
111.41391	5.81702	1.563e-09	-5.819665
111.74159	5.82298	1.56162e-09	-5.825622
112.06927	5.82893	1.55994e-09	-5.831567
112.39695	5.83486	1.55796e-09	-5.837499
112.64271	5.8393	1.55628e-09	-5.84194
112.88847	5.84373	1.55446e-09	-5.846374
113.13423	5.84816	1.55246e-09	-5.850802
113.37999	5.85258	1.5503e-09	-5.855222
113.62575	5.857	1.548e-09	-5.859636
113.78959	5.85993	1.54638e-09	-5.862575
113.95343	5.86287	1.54468e-09	-5.865511
114.11727	5.8658	1.54293e-09	-5.868444
114.28111	5.86873	1.5411e-09	-5.871374
114.44495	5.87166	1.53921e-09	-5.874301
114.60879	5.87458	1.53726e-09	-5.877225
114.77263	5.87751	1.53524e-09	-5.880146
114.93647	5.88042	1.53315e-09	-5.883064
115.10031	5.88334	1.53101e-09	-5.88598
115.26415	5.88625	1.5288e-09	-5.888892
115.42799	5.88916	1.52653e-09	-5.891801
115.59183	5.89207	1.5242e-09	-5.894708
115.75567	5.89497	1.5218e-09	-5.897611
115.91951	5.89787	1.51935e-09	-5.900512
116.08335	5.90077	1.51684e-09	-5.90341
116.24719	5.90366	1.51427e-09	-5.906305
116.41103	5.90656	1.51164e-09	-5.909197
116.57487	5.90945	1.50895e-09	-5.912086
116.73871	5.91233	1.50621e-09	-5.914972
116.90255	5.91521	1.50341e-09	-5.917855
117.06639	5.9181	1.50055e-09	-5.920736
117.23023	5.92097	1.49764e-09	-5.923614
117.39407	5.92385	1.49467e-09	-5.926488
117.47599	5.92528	1.49317e-09	-5.927925
117.55791	5.92672	1.49165e-09	-5.92936
117.63983	5.92816	1.49012e-09	-5.930796
117.72175	5.92959	1.48858e-09	-5.93223
117.80367	5.93102	1.48702e-09	-5.933663
117.88559	5.93246	1.48545e-09	-5.935096
117.96751	5.93389	1.48386e-09	-5.936528
118.04943	5.93532	1.48227e-09	-5.93796
118.13135	5.93675	1.48066e-09	-5.93939
118.21327	5.93818	1.47904e-09	-5.94082
118.29519	5.93961	1.4774e-09	-5.94225
118.37711	5.94104	1.47575e-09	-5.943678
118.45903	5.94247	1.4741e-09	-5.945106
118.54095	5.94389	1.47242e-09	-5.946534
118.62287	5.94532	1.47074e-09	-5.94796
118.70479	5.94674	1.46904e-09	-5.949386
118.78671	5.94817	1.46733e-09	-5.950811
118.86863	5.94959	1.4656e-09	-5.952235
118.95055	5.95102	1.46387e-09	-5.953659
119.03247	5.95244	1.46212e-09	-5.955082
119.11439	5.95386	1.46036e-09	-5.956505
119.19631	5.95528	1.45859e-09	-5.957926
119.27823	5.95671	1.45681e-09	-5.959347
119.36015	5.95813	1.45501e-09	-5.960768
119.44207	5.95955	1.45321e-09	-5.962187
119.52399	5.96097	1.45139e-09	-5.963606
119.60591	5.96238	1.44956e-09	-5.965024
119.68783	5.9638	1.44772e-09	-5.966442
119.76975	5.96522	1.44587e-09	-5.967859
119.85167	5.96663	1.444e-09	-5.969275
119.93359	5.96805	1.44213e-09	-5.97069
120.01551	5.96946	1.44024e-09	-5.972105
120.09743	5.97088	1.43834e-09	-5.973519
120.17935	5.97229	1.43643e-09	-5.974933
120.26127	5.97371	1.43451e-09	-5.976346
120.34319	5.97512	1.43258e-09	-5.977758
120.42511	5.97653	1.43063e-09	-5.979169
120.50703	5.97794	1.42868e-09	-5.98058
120.58895	5.97935	1.42672e-09	-5.98199
120.67087	5.98076	1.42474e-09	-5.983399
120.75279	5.98217	1.42276e-09	-5.984808
120.83471	5.98358	1.42076e-09	-5.986216
120.91663	5.98498	1.41875e-09	-5.987623
120.99855	5.98639	1.41673e-09	-5.98903
121.08047	5.9878	1.41471e-09	-5.990436
121.16239	5.9892	1.41267e-09	-5.991841
121.24431	5.99061	1.41062e-09	-5.993246
121.32623	5.99201	1.40856e-09	-5.99465
121.40815	5.99341	1.40649e-09	-5.996053
121.49007	5.99482	1.40441e-09	-5.997456
121.57199	5.99622	1.40233e-09	-5.998858
121.65391	5.99762	1.40023e-09	-6.000259
121.73583	5.99902	1.39812e-09	-6.00166
121.81775	6.00042	1.396e-09	-6.00306
121.89967	6.00182	1.39387e-09	-6.004459
121.98159	6.00322	1.39173e-09	-6.005858
122.06351	6.00462	1.38959e-09	-6.007256
122.14543	6.00601	1.38743e-09	-6.008653
122.22735	6.00741	1.38526e-09	-6.01005
122.30927	6.00881	1.38309e-09	-6.011446
122.39119	6.0102	1.3809e-09	-6.012841
122.47311	6.0116	1.37871e-09	-6.014236
122.55503	6.01299	1.3765e-09	-6.01563
122.63695	6.01438	1.37429e-09	-6.017023
122.71887	6.01578	1.37207e-09	-6.018416
122.80079	6.01717	1.36984e-09	-6.019808
122.88271	6.01856	1.3676e-09	-6.021199
122.96463	6.01995	1.36535e-09	-6.02259
123.04655	6.02134	1.36309e-09	-6.02398
123.12847	6.02273	1.36083e-09	-6.025369
123.21039	6.02412	1.35855e-09	-6.026758
123.29231	6.0255	1.35627e-09	-6.028146
123.37423	6.02689	1.35398e-09	-6.029534
123.45615	6.02828	1.35167e-09	-6.03092
123.53807	6.02967	1.34937e-09	-6.032306
123.61999	6.03105	1.34705e-09	-6.033692
123.70191	6.03244	1.34472e-09	-6.035077
123.78383	6.03382	1.34239e-09	-6.036461
123.86575	6.0352	1.34005e-09	-6.037845
123.94767	6.03659	1.3377e-09	-6.039227
124.02959	6.03797	1.33534e-09	-6.04061
124.11151	6.03935	1.33297e-09	-6.041991
124.19343	6.04073	1.3306e-09	-6.043372
124.27535	6.04211	1.32821e-09	-6.044753
124.35727	6.04349	1.32582e-09	-6.046132
124.43919	6.04487	1.32343e-09	-6.047511
124.52111	6.04625	1.32102e-09	-6.04889
124.60303	6.04763	1.31861e-09	-6.050267
124.68495	6.049	1.31619e-09	-6.051645
124.76687	6.05038	1.31376e-09	-6.053021
124.84879	6.05176	1.31133e-09	-6.054397
124.93071	6.05313	1.30888e-09	-6.055772
125.01263	6.05451	1.30643e-09	-6.057147
125.09455	6.05588	1.30397e-09	-6.058521
125.17647	6.05725	1.30151e-09	-6.059894
125.25839	6.05863	1.29904e-09	-6.061266
125.34031	6.06	1.29656e-09	-6.062638
125.42223	6.06137	1.29408e-09	-6.06401
125.50415	6.06274	1.29158e-09	-6.06538
125.58607	6.06411	1.28908e-09	-6.066751
125.66799	6.06548	1.28657e-09	-6.06812
125.74991	6.06685	1.28406e-09	-6.069489
125.83183	6.06822	1.28154e-09	-6.070857
125.91375	6.06958	1.27902e-09	-6.072225
125.99567	6.07095	1.27648e-09	-6.073592
126.07759	6.07232	1.27395e-09	-6.074958
126.15951	6.07368	1.2714e-09	-6.076324
126.24143	6.07505	1.26885e-09	-6.077689
126.32335	6.07641	1.26628e-09	-6.079053
126.40527	6.07777	1.26373e-09	-6.080417
126.48719	6.07914	1.26115e-09	-6.08178
126.56911	6.0805	1.25857e-09	-6.083143
126.65103	6.08186	1.256e-09	-6.084505
126.73295	6.08322	1.25341e-09	-6.085866
126.81487	6.08458	1.2508e-09	-6.087226
126.89679	6.08595	1.2482e-09	-6.088587
126.97871	6.0873	1.2456e-09	-6.089946
127.06063	6.08866	1.24299e-09	-6.091305
127.14255	6.09002	1.24036e-09	-6.092663
127.22447	6.09138	1.23775e-09	-6.094021
127.30639	6.09274	1.23511e-09	-6.095378
127.38831	6.09409	1.23248e-09	-6.096734
127.47023	6.09545	1.22983e-09	-6.09809
127.55215	6.0968	1.22719e-09	-6.099445
127.63407	6.09816	1.22454e-09	-6.100799
127.71599	6.09951	1.22188e-09	-6.102153
127.79791	6.10086	1.21921e-09	-6.103506
127.87983	6.10222	1.21655e-09	-6.104859
127.96175	6.10357	1.21387e-09	-6.106211
128.04367	6.10492	1.21119e-09	-6.107562
128.12559	6.10627	1.20851e-09	-6.108913
128.20751	6.10762	1.20582e-09	-6.110263
128.28943	6.10897	1.20313e-09	-6.111613
128.37135	6.11032	1.20043e-09	-6.112962
128.45327	6.11167	1.19772e-09	-6.11431
128.53519	6.11302	1.19502e-09	-6.115658
128.61711	6.11436	1.19231e-09	-6.117005
128.69903	6.11571	1.18959e-09	-6.118352
128.78095	6.11706	1.18687e-09	-6.119698
129.19055	6.12378	1.18651e-09	-6.126418
129.60015	6.13048	1.18691e-09	-6.133124
130.00975	6.13717	1.18702e-09	-6.139814
130.41935	6.14385	1.18685e-09	-6.14649
130.82895	6.15051	1.18639e-09	-6.15315
131.23855	6.15715	1.18566e-09	-6.159796
131.64815	6.16378	1.18468e-09	-6.166427
132.05775	6.1704	1.18342e-09	-6.173044
132.38543	6.17569	1.18223e-09	-6.178327
132.71311	6.18096	1.18087e-09	-6.1836
133.04079	6.18622	1.17935e-09	-6.188865
133.28655	6.19017	1.17811e-09	-6.192807
133.53231	6.1941	1.17678e-09	-6.196744
133.77807	6.19803	1.17536e-09	-6.200676
134.02383	6.20196	1.17386e-09	-6.204603
134.26959	6.20588	1.17227e-09	-6.208524
134.51535	6.2098	1.17059e-09	-6.212441
134.76111	6.21371	1.16883e-09	-6.216352
134.92495	6.21631	1.16761e-09	-6.218957
135.08879	6.21892	1.16637e-09	-6.22156
135.25263	6.22152	1.16508e-09	-6.22416
135.41647	6.22412	1.16375e-09	-6.226758
135.58031	6.22671	1.16239e-09	-6.229354
135.74415	6.22931	1.161e-09	-6.231948
135.90799	6.2319	1.15956e-09	-6.234539
136.07183	6.23449	1.1581e-09	-6.237128
136.23567	6.23707	1.1566e-09	-6.239716
136.39951	6.23966	1.15507e-09	-6.2423
136.56335	6.24224	1.1535e-09	-6.244883
136.72719	6.24482	1.1519e-09	-6.247463
136.89103	6.2474	1.15027e-09	-6.250042
137.05487	6.24998	1.1486e-09	-6.252618
137.21871	6.25255	1.1469e-09	-6.255191
137.38255	6.25512	1.14517e-09	-6.257763
137.54639	6.25769	1.14341e-09	-6.260333
137.71023	6.26026	1.14162e-09	-6.2629
137.87407	6.26282	1.13979e-09	-6.265465
138.03791	6.26539	1.13793e-09	-6.268028
138.20175	6.26795	1.13605e-09	-6.270589
138.36559	6.2705	1.13413e-09	-6.273148
138.52943	6.27306	1.13219e-09	-6.275704
138.69327	6.27562	1.13021e-09	-6.278258
138.85711	6.27817	1.1282e-09	-6.280811
139.02095	6.28072	1.12616e-09	-6.283361
139.18479	6.28327	1.12409e-09	-6.285909
139.34863	6.28581	1.122e-09	-6.288455
139.51247	6.28836	1.11987e-09	-6.290998
139.67631	6.2909	1.11772e-09	-6.29354
139.84015	6.29344	1.11554e-09	-6.296079
140.00399	6.29597	1.11333e-09	-6.298617
140.16783	6.29851	1.1111e-09	-6.301152
140.24975	6.29978	1.10997e-09	-6.302419
140.33167	6.30104	1.10883e-09	-6.303685
140.41359	6.30231	1.1077e-09	-6.304951
140.49551	6.30357	1.10655e-09	-6.306216
140.57743	6.30484	1.10539e-09	-6.307481
140.65935	6.3061	1.10423e-09	-6.308745
140.74127	6.30737	1.10306e-09	-6.310009
140.82319	6.30863	1.10189e-09	-6.311272
140.90511	6.30989	1.10071e-09	-6.312534
140.98703	6.31115	1.09952e-09	-6.313796
141.06895	6.31241	1.09832e-09	-6.315058
141.15087	6.31368	1.09713e-09	-6.316319
141.23279	6.31494	1.09592e-09	-6.31758
141.31471	6.3162	1.09471e-09	-6.31884
141.39663	6.31746	1.09348e-09	-6.320099
141.47855	6.31872	1.09226e-09	-6.321358
141.56047	6.31997	1.09103e-09	-6.322617
141.64239	6.32123	1.08979e-09	-6.323875
141.72431	6.32249	1.08854e-09	-6.325132
141.80623	6.32375	1.0873e-09	-6.326389
141.88815	6.325	1.08604e-09	-6.327646
141.97007	6.32626	1.08477e-09	-6.328901
142.05199	6.32751	1.0835e-09	-6.330157
142.13391	6.32877	1.08223e-09	-6.331412
142.21583	6.33002	1.08095e-09	-6.332666
142.29775	6.33128	1.07966e-09	-6.33392
142.37967	6.33253	1.07837e-09	-6.335173
142.46159	6.33378	1.07707e-09	-6.336426
142.54351	6.33504	1.07576e-09	-6.337678
142.62543	6.33629	1.07445e-09	-6.33893
142.70735	6.33754	1.07314e-09	-6.340181
142.78927	6.33879	1.07181e-09	-6.341432
142.87119	6.34004	1.07049e-09	-6.342682
142.95311	6.34129	1.06915e-09	-6.343932
143.03503	6.34254	1.06781e-09	-6.345181
143.11695	6.34379	1.06647e-09	-6.34643
143.19887	6.34504	1.06512e-09	-6.347678
143.28079	6.34628	1.06376e-09	-6.348926
143.36271	6.34753	1.0624e-09	-6.350173
143.44463	6.34878	1.06103e-09	-6.35142
143.52655	6.35002	1.05966e-09	-6.352666
143.60847	6.35127	1.05828e-09	-6.353912
143.69039	6.35251	1.0569e-09	-6.355157
143.77231	6.35376	1.05551e-09	-6.356401
143.85423	6.355	1.05411e-09	-6.357646
143.93615	6.35625	1.05271e-09	-6.358889
144.01807	6.35749	1.05131e-09	-6.360132
144.09999	6.35873	1.0499e-09	-6.361375
144.18191	6.35997	1.04848e-09	-6.362617
144.26383	6.36122	1.04706e-09	-6.363859
144.34575	6.36246	1.04564e-09	-6.3651
144.42767	6.3637	1.04421e-09	-6.366341
144.50959	6.36494	1.04277e-09	-6.367581
144.59151	6.36618	1.04133e-09	-6.36882
144.67343	6.36742	1.03988e-09	-6.37006
144.75535	6.36865	1.03843e-09	-6.371298
144.83727	6.36989	1.03698e-09	-6.372536
144.91919	6.37113	1.03551e-09	-6.373774
145.00111	6.37237	1.03405e-09	-6.375011
145.08303	6.3736	1.03258e-09	-6.376248
145.16495	6.37484	1.0311e-09	-6.377484
145.24687	6.37608	1.02962e-09	-6.37872
145.32879	6.37731	1.02813e-09	-6.379955
145.41071	6.37855	1.02664e-09	-6.38119
145.49263	6.37978	1.02515e-09	-6.382424
145.57455	6.38101	1.02365e-09	-6.383657
145.65647	6.38225	1.02214e-09	-6.384891
145.73839	6.38348	1.02063e-09	-6.386123
145.82031	6.38471	1.01912e-09	-6.387355
145.90223	6.38594	1.0176e-09	-6.388587
145.98415	6.38717	1.01608e-09	-6.389818
146.06607	6.3884	1.01455e-09	-6.391049
146.14799	6.38964	1.01302e-09	-6.392279
146.22991	6.39086	1.01148e-09	-6.393509
146.31183	6.39209	1.00994e-09	-6.394738
146.39375	6.39332	1.0084e-09	-6.395967
146.47567	6.39455	1.00685e-09	-6.397195
146.55759	6.39578	1.00529e-09	-6.398423
146.63951	6.39701	1.00373e-09	-6.39965
146.72143	6.39823	1.00217e-09	-6.400877
146.80335	6.39946	1.0006e-09	-6.402104
146.88527	6.40069	9.99034e-10	-6.403329
146.96719	6.40191	9.97458e-10	-6.404555
147.04911	6.40314	9.95879e-10	-6.40578
147.13103	6.40436	9.94295e-10	-6.407004
147.21295	6.40558	9.92708e-10	-6.408228
147.29487	6.40681	9.91117e-10	-6.409451
147.37679	6.40803	9.8952e-10	-6.410674
147.45871	6.40925	9.87921e-10	-6.411897
147.54063	6.41047	9.86316e-10	-6.413119
147.62255	6.4117	9.84708e-10	-6.41434
147.70447	6.41292	9.83097e-10	-6.415561
147.78639	6.41414	9.81481e-10	-6.416782
147.86831	6.41536	9.79861e-10	-6.418002
147.95023	6.41658	9.78237e-10	-6.419221
148.03215	6.4178	9.7661e-10	-6.42044
148.11407	6.41901	9.74979e-10	-6.421659
148.19599	6.42023	9.73344e-10	-6.422877
148.27791	6.42145	9.71705e-10	-6.424095
148.35983	6.42267	9.70063e-10	-6.425312
148.44175	6.42388	9.68416e-10	-6.426528
148.52367	6.4251	9.66766e-10	-6.427745
148.60559	6.42632	9.65113e-10	-6.42896
148.68751	6.42753	9.63456e-10	-6.430176
148.76943	6.42875	9.61795e-10	-6.43139
148.85135	6.42996	9.60132e-10	-6.432605
148.93327	6.43117	9.58463e-10	-6.433818
149.01519	6.43239	9.56792e-10	-6.435032
149.09711	6.4336	9.55117e-10	-6.436245
149.17903	6.43481	9.53439e-10	-6.437457
149.26095	6.43602	9.51758e-10	-6.438669
149.34287	6.43724	9.50073e-10	-6.43988
149.42479	6.43845	9.48385e-10	-6.441091
149.50671	6.43966	9.46693e-10	-6.442302
149.58863	6.44087	9.44998e-10	-6.443512
149.67055	6.44208	9.433e-10	-6.444721
149.75247	6.44329	9.41599e-10	-6.44593
150.24399	6.45053	9.40862e-10	-6.453175
150.73551	6.45776	9.40492e-10	-6.460403
151.22703	6.46497	9.39883e-10	-6.467613
151.71855	6.47216	9.39042e-10	-6.474808
152.21007	6.47934	9.37968e-10	-6.481985
152.61967	6.48531	9.36902e-10	-6.487954
152.94735	6.49008	9.35942e-10	-6.492721
153.27503	6.49484	9.34884e-10	-6.49748
153.60271	6.49959	9.33731e-10	-6.502233
153.84847	6.50315	9.32796e-10	-6.505792
154.09423	6.5067	9.31818e-10	-6.509347
154.33999	6.51025	9.30782e-10	-6.512899
154.58575	6.5138	9.29695e-10	-6.516446
154.83151	6.51735	9.28559e-10	-6.51999
155.07727	6.52088	9.27368e-10	-6.523529
155.32303	6.52442	9.26136e-10	-6.527064
155.56879	6.52795	9.24848e-10	-6.530596
155.81455	6.53148	9.23508e-10	-6.534123
156.06031	6.535	9.2212e-10	-6.537646
156.22415	6.53735	9.21177e-10	-6.539993
156.38799	6.53969	9.20202e-10	-6.542338
156.55183	6.54204	9.19211e-10	-6.544681
156.71567	6.54438	9.18196e-10	-6.547023
156.87951	6.54672	9.17164e-10	-6.549362
157.04335	6.54906	9.1611e-10	-6.5517
157.20719	6.55139	9.15033e-10	-6.554036
157.37103	6.55373	9.13939e-10	-6.556371
157.53487	6.55606	9.12823e-10	-6.558704
157.69871	6.55839	9.11686e-10	-6.561035
157.86255	6.56072	9.10532e-10	-6.563364
158.02639	6.56305	9.09357e-10	-6.565692
158.19023	6.56537	9.0816e-10	-6.568017
158.35407	6.5677	9.06948e-10	-6.570342
158.51791	6.57002	9.05714e-10	-6.572664
158.68175	6.57234	9.04466e-10	-6.574985
158.84559	6.57466	9.0319e-10	-6.577304
159.00943	6.57698	9.01901e-10	-6.579621
159.17327	6.57929	9.00591e-10	-6.581937
159.33711	6.58161	8.99266e-10	-6.584251
159.50095	6.58392	8.97921e-10	-6.586563
159.66479	6.58623	8.96556e-10	-6.588873
159.82863	6.58854	8.95177e-10	-6.591182
159.99247	6.59084	8.93774e-10	-6.593489
160.15631	6.59315	8.92357e-10	-6.595795
160.32015	6.59545	8.90925e-10	-6.598098
160.48399	6.59776	8.8947e-10	-6.600401
160.64783	6.60006	8.88002e-10	-6.602701
160.81167	6.60236	8.86514e-10	-6.605
160.97551	6.60465	8.85009e-10	-6.607297
161.13935	6.60695	8.8349e-10	-6.609592
161.30319	6.60924	8.81953e-10	-6.611886
161.46703	6.61153	8.80398e-10	-6.614178
161.63087	6.61382	8.78827e-10	-6.616468
161.79471	6.61611	8.77242e-10	-6.618757
161.95855	6.6184	8.7564e-10	-6.621044
162.12239	6.62068	8.7402e-10	-6.623329
162.28623	6.62297	8.72384e-10	-6.625613
162.45007	6.62525	8.70732e-10	-6.627895
162.61391	6.62753	8.69066e-10	-6.630176
162.77775	6.62981	8.67385e-10	-6.632455
162.94159	6.63209	8.65688e-10	-6.634732
163.10543	6.63436	8.63978e-10	-6.637007
163.18735	6.6355	8.63113e-10	-6.638145
163.26927	6.63664	8.62249e-10	-6.639281
163.35119	6.63777	8.61381e-10	-6.640418
163.43311	6.63891	8.60508e-10	-6.641554
163.51503	6.64004	8.59631e-10	-6.642689
163.59695	6.64118	8.58751e-10	-6.643824
163.67887	6.64231	8.57865e-10	-6.644959
163.76079	6.64345	8.56979e-10	-6.646093
163.84271	6.64458	8.56087e-10	-6.647227
163.92463	6.64572	8.55192e-10	-6.648361
164.00655	6.64685	8.54294e-10	-6.649494
164.08847	6.64798	8.53393e-10	-6.650627
164.17039	6.64911	8.52486e-10	-6.651759
164.25231	6.65025	8.51576e-10	-6.652891
164.33423	6.65138	8.50664e-10	-6.654022
164.41615	6.65251	8.49748e-10	-6.655153
164.49807	6.65364	8.4883e-10	-6.656284
164.57999	6.65477	8.47905e-10	-6.657414
164.66191	6.6559	8.46981e-10	-6.658544
164.74383	6.65703	8.46051e-10	-6.659674
164.82575	6.65816	8.45115e-10	-6.660803
164.90767	6.65929	8.4418e-10	-6.661931
164.98959	6.66041	8.43239e-10	-6.66306
165.07151	6.66154	8.42295e-10	-6.664188
165.15343	6.66267	8.41348e-10	-6.665315
165.23535	6.6638	8.40398e-10	-6.666442
165.31727	6.66492	8.39446e-10	-6.667569
165.39919	6.66605	8.38488e-10	-6.668695
165.48111	6.66718	8.37527e-10	-6.669821
165.56303	6.6683	8.36565e-10	-6.670947
165.64495	6.66943	8.35599e-10	-6.672072
165.72687	6.67055	8.34627e-10	-6.673196
165.80879	6.67167	8.33656e-10	-6.674321
165.89071	6.6728	8.3268e-10	-6.675444
165.97263	6.67392	8.31701e-10	-6.676568
166.05455	6.67504	8.30717e-10	-6.677691
166.13647	6.67617	8.29732e-10	-6.678814
166.21839	6.67729	8.28743e-10	-6.679936
166.30031	6.67841	8.27751e-10	-6.681058
166.38223	6.67953	8.26756e-10	-6.68218
166.46415	6.68065	8.25757e-10	-6.683301
166.54607	6.68178	8.24757e-10	-6.684421
166.62799	6.6829	8.23752e-10	-6.685542
166.70991	6.68402	8.22745e-10	-6.686662
166.79183	6.68513	8.21735e-10	-6.687781
166.87375	6.68625	8.20721e-10	-6.6889
166.95567	6.68737	8.19703e-10	-6.690019
167.03759	6.68849	8.18684e-10	-6.691137
167.11951	6.68961	8.17662e-10	-6.692255
167.20143	6.69073	8.16637e-10	-6.693373
167.28335	6.69184	8.15609e-10	-6.69449
167.36527	6.69296	8.14579e-10	-6.695607
167.44719	6.69408	8.13545e-10	-6.696723
167.52911	6.69519	8.12507e-10	-6.697839
167.61103	6.69631	8.11469e-10	-6.698955
167.69295	6.69742	8.10425e-10	-6.70007
167.77487	6.69854	8.0938e-10	-6.701185
167.85679	6.69965	8.08332e-10	-6.7023
167.93871	6.70077	8.07281e-10	-6.703414
168.02063	6.70188	8.06227e-10	-6.704527
168.10255	6.70299	8.05171e-10	-6.705641
168.18447	6.70411	8.04112e-10	-6.706754
168.26639	6.70522	8.0305e-10	-6.707866
168.34831	6.70633	8.01985e-10	-6.708978
168.43023	6.70744	8.00918e-10	-6.71009
168.51215	6.70855	7.99849e-10	-6.711201
168.59407	6.70967	7.98776e-10	-6.712312
168.67599	6.71078	7.977e-10	-6.713423
168.75791	6.71189	7.96622e-10	-6.714533
168.83983	6.713	7.95541e-10	-6.715643
168.92175	6.71411	7.94458e-10	-6.716752
169.00367	6.71521	7.93372e-10	-6.717861
169.08559	6.71632	7.92284e-10	-6.71897
169.16751	6.71743	7.91193e-10	-6.720078
169.24943	6.71854	7.90099e-10	-6.721186
169.33135	6.71965	7.89003e-10	-6.722294
169.41327	6.72075	7.87904e-10	-6.723401
169.49519	6.72186	7.86804e-10	-6.724508
169.57711	6.72297	7.857e-10	-6.725614
169.65903	6.72407	7.84594e-10	-6.72672
169.74095	6.72518	7.83485e-10	-6.727826
169.82287	6.72628	7.82375e-10	-6.728931
169.90479	6.72739	7.81262e-10	-6.730036
169.98671	6.72849	7.80146e-10	-6.73114
170.06863	6.7296	7.79027e-10	-6.732244
170.15055	6.7307	7.77907e-10	-6.733348
170.23247	6.7318	7.76785e-10	-6.734451
170.31439	6.73291	7.75659e-10	-6.735554
170.39631	6.73401	7.74532e-10	-6.736657
170.47823	6.73511	7.73401e-10	-6.737759
170.56015	6.73621	7.72269e-10	-6.738861
170.64207	6.73732	7.71135e-10	-6.739962
170.72399	6.73842	7.69998e-10	-6.741063
170.88783	6.74062	7.72353e-10	-6.743264
170.96975	6.74172	7.74034e-10	-6.744364
171.05167	6.74282	7.75714e-10	-6.745463
171.13359	6.74392	7.77394e-10	-6.746563
171.21551	6.74502	7.79074e-10	-6.747662
171.29743	6.74611	7.80752e-10	-6.74876
171.37935	6.74721	7.8243e-10	-6.749858
171.46127	6.74831	7.84108e-10	-6.750955
171.54319	6.74941	7.85785e-10	-6.752053
171.62511	6.7505	7.87461e-10	-6.75315
171.70703	6.7516	7.89137e-10	-6.754246
171.78895	6.7527	7.90812e-10	-6.755342
171.87087	6.75379	7.92486e-10	-6.756438
171.95279	6.75489	7.9416e-10	-6.757534
172.03471	6.75598	7.95833e-10	-6.758629
172.11663	6.75708	7.97506e-10	-6.759723
172.19855	6.75817	7.99177e-10	-6.760817
172.28047	6.75926	8.00849e-10	-6.761911
172.36239	6.76036	8.02519e-10	-6.763005
172.44431	6.76145	8.04189e-10	-6.764098
172.52623	6.76254	8.05858e-10	-6.765191
172.60815	6.76364	8.07527e-10	-6.766283
172.69007	6.76473	8.09194e-10	-6.767375
172.85391	6.76691	8.12528e-10	-6.769558
172.93583	6.768	8.14194e-10	-6.770649
173.01775	6.76909	8.15859e-10	-6.77174
173.09967	6.77018	8.17523e-10	-6.77283
173.18159	6.77127	8.19187e-10	-6.77392
173.26351	6.77236	8.2085e-10	-6.775009
173.34543	6.77345	8.22512e-10	-6.776098
173.42735	6.77454	8.24174e-10	-6.777187
173.50927	6.77563	8.25835e-10	-6.778276
173.59119	6.77672	8.27495e-10	-6.779364
173.67311	6.7778	8.29154e-10	-6.780451
173.75503	6.77889	8.30813e-10	-6.781538
173.83695	6.77998	8.32471e-10	-6.782625
173.91887	6.78107	8.34128e-10	-6.783712
174.00079	6.78215	8.35784e-10	-6.784798
174.08271	6.78324	8.3744e-10	-6.785884
174.16463	6.78432	8.39095e-10	-6.786969
174.24655	6.78541	8.40749e-10	-6.788054
174.32847	6.78649	8.42402e-10	-6.789139
174.41039	6.78758	8.44055e-10	-6.790223
174.49231	6.78866	8.45706e-10	-6.791307
174.57423	6.78974	8.47357e-10	-6.792391
174.65615	6.79083	8.49008e-10	-6.793474
174.73807	6.79191	8.50657e-10	-6.794557
174.81999	6.79299	8.52306e-10	-6.79564
174.90191	6.79408	8.53953e-10	-6.796722
174.98383	6.79516	8.556e-10	-6.797803
175.06575	6.79624	8.57247e-10	-6.798885
175.14767	6.79732	8.58892e-10	-6.799966
175.22959	6.7984	8.60537e-10	-6.801047
175.31151	6.79948	8.6218e-10	-6.802127
175.39343	6.80056	8.63823e-10	-6.803207
175.47535	6.80164	8.65465e-10	-6.804286
175.55727	6.80272	8.67106e-10	-6.805366
175.63919	6.8038	8.68747e-10	-6.806445
175.72111	6.80488	8.70386e-10	-6.807523
175.80303	6.80595	8.72025e-10	-6.808601
175.88495	6.80703	8.73663e-10	-6.809679
175.96687	6.80811	8.753e-10	-6.810757
176.04879	6.80919	8.76936e-10	-6.811834
176.13071	6.81026	8.78571e-10	-6.81291
176.21263	6.81134	8.80206e-10	-6.813987
176.29455	6.81242	8.81839e-10	-6.815063
176.37647	6.81349	8.83472e-10	-6.816138
176.45839	6.81457	8.85103e-10	-6.817214
176.54031	6.81564	8.86734e-10	-6.818289
176.62223	6.81672	8.88364e-10	-6.819363
176.70415	6.81779	8.89993e-10	-6.820437
176.78607	6.81886	8.91621e-10	-6.821511
176.86799	6.81994	8.93249e-10	-6.822585
176.94991	6.82101	8.94875e-10	-6.823658
177.03183	6.82208	8.965e-10	-6.824731
177.11375	6.82316	8.98125e-10	-6.825803
177.19567	6.82423	8.99749e-10	-6.826875
177.27759	6.8253	9.01371e-10	-6.827947
177.35951	6.82637	9.02993e-10	-6.829019
177.44143	6.82744	9.04614e-10	-6.830089
177.52335	6.82851	9.06234e-10	-6.83116
177.60527	6.82958	9.07853e-10	-6.83223
177.68719	6.83065	9.09471e-10	-6.8333
177.76911	6.83172	9.11088e-10	-6.83437
177.85103	6.83279	9.12704e-10	-6.835439
177.93295	6.83386	9.14319e-10	-6.836508
178.01487	6.83493	9.15933e-10	-6.837577
178.09679	6.836	9.17546e-10	-6.838645
178.17871	6.83707	9.19159e-10	-6.839713
178.26063	6.83813	9.2077e-10	-6.84078
178.34255	6.8392	9.2238e-10	-6.841847
178.42447	6.84027	9.2399e-10	-6.842914
178.50639	6.84133	9.25598e-10	-6.843981
178.58831	6.8424	9.27205e-10	-6.845047
178.67023	6.84347	9.28812e-10	-6.846113
178.75215	6.84453	9.30417e-10	-6.847178
178.83407	6.8456	9.32022e-10	-6.848243
178.91599	6.84666	9.33625e-10	-6.849308
178.99791	6.84773	9.35228e-10	-6.850372
179.07983	6.84879	9.36829e-10	-6.851436
179.16175	6.84985	9.38429e-10	-6.8525
179.24367	6.85092	9.40029e-10	-6.853563
179.32559	6.85198	9.41627e-10	-6.854626
179.40751	6.85304	9.43224e-10	-6.855689
179.48943	6.8541	9.44821e-10	-6.856751
179.57135	6.85517	9.46416e-10	-6.857813
179.65327	6.85623	9.4801e-10	-6.858874
179.73519	6.85729	9.49604e-10	-6.859935
179.81711	6.85835	9.51196e-10	-6.860996
179.89903	6.85941	9.52787e-10	-6.862057
179.98095	6.86047	9.54377e-10	-6.863117
180.06287	6.86153	9.55966e-10	-6.864177
180.14479	6.86259	9.57554e-10	-6.865236
180.22671	6.86365	9.59141e-10	-6.866295
180.30863	6.86471	9.60727e-10	-6.867354
180.39055	6.86577	9.62312e-10	-6.868413
180.47247	6.86682	9.63896e-10	-6.869471
180.55439	6.86788	9.65479e-10	-6.870528
180.63631	6.86894	9.6706e-10	-6.871586
180.71823	6.87	9.68641e-10	-6.872643
180.80015	6.87105	9.7022e-10	-6.8737
180.88207	6.87211	9.71799e-10	-6.874756
180.96399	6.87317	9.73376e-10	-6.875812
181.04591	6.87422	9.74952e-10	-6.876868
181.12783	6.87528	9.76528e-10	-6.877923
181.20975	6.87633	9.78102e-10	-6.878978
181.29167	6.87739	9.79675e-10	-6.880033
181.37359	6.87844	9.81246e-10	-6.881087
181.45551	6.87949	9.82817e-10	-6.882141
181.53743	6.88055	9.84387e-10	-6.883195
181.61935	6.8816	9.85955e-10	-6.884248
181.70127	6.88265	9.87523e-10	-6.885301
181.78319	6.88371	9.89089e-10	-6.886354
181.86511	6.88476	9.90655e-10	-6.887406
181.94703	6.88581	9.92219e-10	-6.888458
182.02895	6.88686	9.93782e-10	-6.889509
182.11087	6.88791	9.95344e-10	-6.890561
182.19279	6.88897	9.96904e-10	-6.891612
182.27471	6.89002	9.98464e-10	-6.892662
182.35663	6.89107	1.00002e-09	-6.893713
182.43855	6.89212	1.00158e-09	-6.894762
182.52047	6.89317	1.00314e-09	-6.895812
182.60239	6.89421	1.00469e-09	-6.896861
182.68431	6.89526	1.00624e-09	-6.89791
182.76623	6.89631	1.0078e-09	-6.898959
182.84815	6.89736	1.00935e-09	-6.900007
182.93007	6.89841	1.0109e-09	-6.901055
183.01199	6.89946	1.01245e-09	-6.902102
183.09391	6.9005	1.014e-09	-6.903149
183.17583	6.90155	1.01554e-09	-6.904196
183.25775	6.9026	1.01709e-09	-6.905243
183.33967	6.90364	1.01863e-09	-6.906289
183.42159	6.90469	1.02018e-09	-6.907335
183.50351	6.90573	1.02172e-09	-6.908381
183.58543	6.90678	1.02326e-09	-6.909426
183.66735	6.90782	1.0248e-09	-6.910471
183.74927	6.90887	1.02634e-09	-6.911515
183.83119	6.90991	1.02788e-09	-6.912559
183.99503	6.912	1.03095e-09	-6.914647
184.07695	6.91304	1.03248e-09	-6.91569
184.15887	6.91409	1.03402e-09	-6.916733
184.24079	6.91513	1.03555e-09	-6.917775
184.32271	6.91617	1.03708e-09	-6.918818
184.40463	6.91721	1.03861e-09	-6.919859
184.56847	6.9193	1.04166e-09	-6.921942
184.65039	6.92034	1.04319e-09	-6.922983
184.73231	6.92138	1.04471e-09	-6.924024
184.81423	6.92242	1.04623e-09	-6.925064
184.89615	6.92346	1.04776e-09	-6.926104
184.97807	6.9245	1.04928e-09	-6.927143
185.14191	6.92657	1.05231e-09	-6.929221
185.22383	6.92761	1.05383e-09	-6.93026
185.30575	6.92865	1.05535e-09	-6.931298
185.38767	6.92969	1.05686e-09	-6.932336
185.46959	6.93073	1.05838e-09	-6.933374
185.55151	6.93176	1.05989e-09	-6.934411
185.71535	6.93384	1.06291e-09	-6.936484
185.79727	6.93487	1.06442e-09	-6.937521
185.87919	6.93591	1.06592e-09	-6.938556
185.96111	6.93695	1.06743e-09	-6.939592
186.04303	6.93798	1.06893e-09	-6.940627
186.12495	6.93902	1.07044e-09	-6.941662
186.28879	6.94108	1.07344e-09	-6.943731
186.37071	6.94212	1.07494e-09	-6.944765
186.45263	6.94315	1.07644e-09	-6.945799
186.53455	6.94419	1.07793e-09	-6.946832
186.61647	6.94522	1.07943e-09	-6.947865
186.69839	6.94625	1.08092e-09	-6.948898
186.86223	6.94832	1.08391e-09	-6.950962
186.94415	6.94935	1.0854e-09	-6.951994
187.02607	6.95038	1.08689e-09	-6.953025
187.10799	6.95141	1.08838e-09	-6.954056
187.18991	6.95244	1.08986e-09	-6.955087
187.27183	6.95347	1.09135e-09	-6.956117
187.43567	6.95553	1.09432e-09	-6.958177
187.51759	6.95656	1.0958e-09	-6.959207
187.59951	6.95759	1.09728e-09	-6.960236
187.68143	6.95862	1.09876e-09	-6.961265
187.76335	6.95965	1.10024e-09	-6.962293
187.84527	6.96067	1.10171e-09	-6.963321
188.00911	6.96273	1.10466e-09	-6.965376
188.09103	6.96376	1.10613e-09	-6.966404
188.17295	6.96478	1.1076e-09	-6.96743
188.25487	6.96581	1.10907e-09	-6.968457
188.33679	6.96684	1.11054e-09	-6.969483
188.41871	6.96786	1.11201e-09	-6.970509
188.58255	6.96991	1.11494e-09	-6.97256
188.66447	6.97094	1.1164e-09	-6.973585
188.74639	6.97196	1.11787e-09	-6.974609
188.82831	6.97299	1.11933e-09	-6.975634
188.91023	6.97401	1.12079e-09	-6.976658
188.99215	6.97503	1.12224e-09	-6.977681
189.15599	6.97708	1.12516e-09	-6.979728
189.23791	6.9781	1.12661e-09	-6.98075
189.31983	6.97913	1.12806e-09	-6.981773
189.40175	6.98015	1.12951e-09	-6.982795
189.48367	6.98117	1.13096e-09	-6.983816
189.56559	6.98219	1.13241e-09	-6.984838
189.72943	6.98423	1.1353e-09	-6.98688
189.81135	6.98525	1.13675e-09	-6.9879
189.89327	6.98627	1.13819e-09	-6.98892
189.97519	6.98729	1.13963e-09	-6.98994
190.05711	6.98831	1.14107e-09	-6.99096
190.13903	6.98933	1.14251e-09	-6.991979
190.30287	6.99137	1.14539e-09	-6.994016
190.38479	6.99239	1.14682e-09	-6.995035
190.46671	6.99341	1.14826e-09	-6.996053
190.54863	6.99442	1.14969e-09	-6.99707
190.63055	6.99544	1.15112e-09	-6.998088
190.71247	6.99646	1.15255e-09	-6.999105
190.87631	6.99849	1.1554e-09	-7.001138
190.95823	6.99951	1.15683e-09	-7.002154
191.04015	7.00052	1.15825e-09	-7.00317
191.12207	7.00154	1.15968e-09	-7.004185
191.20399	7.00255	1.1611e-09	-7.0052
191.28591	7.00357	1.16252e-09	-7.006215
191.44975	7.0056	1.16535e-09	-7.008244
191.53167	7.00661	1.16677e-09	-7.009258
191.61359	7.00762	1.16818e-09	-7.010271
191.69551	7.00864	1.1696e-09	-7.011284
191.77743	7.00965	1.17101e-09	-7.012297
191.85935	7.01066	1.17242e-09	-7.01331
192.02319	7.01269	1.17523e-09	-7.015334
192.10511	7.0137	1.17664e-09	-7.016346
192.18703	7.01471	1.17805e-09	-7.017357
192.26895	7.01572	1.17945e-09	-7.018368
192.35087	7.01673	1.18085e-09	-7.019379
192.43279	7.01774	1.18225e-09	-7.02039
192.59663	7.01976	1.18505e-09	-7.02241
192.67855	7.02077	1.18644e-09	-7.023419
192.76047	7.02178	1.18784e-09	-7.024428
192.84239	7.02279	1.18923e-09	-7.025437
192.92431	7.0238	1.19062e-09	-7.026446
193.00623	7.02481	1.19201e-09	-7.027454
193.17007	7.02682	1.19479e-09	-7.02947
193.25199	7.02783	1.19618e-09	-7.030477
193.33391	7.02884	1.19756e-09	-7.031485
193.41583	7.02984	1.19895e-09	-7.032491
193.49775	7.03085	1.20033e-09	-7.033498
193.57967	7.03186	1.20171e-09	-7.034504
193.74351	7.03387	1.20447e-09	-7.036515
193.82543	7.03487	1.20584e-09	-7.037521
193.90735	7.03588	1.20722e-09	-7.038526
193.98927	7.03688	1.20859e-09	-7.03953
194.07119	7.03789	1.20996e-09	-7.040534
194.15311	7.03889	1.21133e-09	-7.041538
194.31695	7.0409	1.21407e-09	-7.043546
194.39887	7.0419	1.21544e-09	-7.044549
194.48079	7.04291	1.2168e-09	-7.045552
194.56271	7.04391	1.21817e-09	-7.046554
194.64463	7.04491	1.21953e-09	-7.047556
194.72655	7.04591	1.22089e-09	-7.048558
194.89039	7.04791	1.22361e-09	-7.050561
194.97231	7.04892	1.22496e-09	-7.051562
195.05423	7.04992	1.22632e-09	-7.052563
195.13615	7.05092	1.22767e-09	-7.053563
195.21807	7.05192	1.22902e-09	-7.054563
195.29999	7.05292	1.23037e-09	-7.055563
195.46383	7.05492	1.23307e-09	-7.057562
195.54575	7.05591	1.23441e-09	-7.05856
195.62767	7.05691	1.23576e-09	-7.059559
195.70959	7.05791	1.2371e-09	-7.060557
195.79151	7.05891	1.23844e-09	-7.061555
195.87343	7.05991	1.23978e-09	-7.062553
196.03727	7.0619	1.24246e-09	-7.064547
196.11919	7.0629	1.2438e-09	-7.065544
196.20111	7.06389	1.24513e-09	-7.066541
196.28303	7.06489	1.24646e-09	-7.067537
196.36495	7.06589	1.2478e-09	-7.068533
196.44687	7.06688	1.24913e-09	-7.069528
196.61071	7.06887	1.25178e-09	-7.071519
196.69263	7.06987	1.25311e-09	-7.072513
196.77455	7.07086	1.25443e-09	-7.073508
196.85647	7.07186	1.25575e-09	-7.074502
196.93839	7.07285	1.25708e-09	-7.075496
197.02031	7.07384	1.2584e-09	-7.076489
197.18415	7.07583	1.26103e-09	-7.078475
197.26607	7.07682	1.26235e-09	-7.079468
197.34799	7.07781	1.26366e-09	-7.08046
197.42991	7.07881	1.26497e-09	-7.081452
197.51183	7.0798	1.26628e-09	-7.082444
197.59375	7.08079	1.26759e-09	-7.083435
197.75759	7.08277	1.27021e-09	-7.085417
197.83951	7.08376	1.27151e-09	-7.086408
197.92143	7.08475	1.27282e-09	-7.087398
198.00335	7.08574	1.27412e-09	-7.088388
198.08527	7.08673	1.27542e-09	-7.089378
198.16719	7.08772	1.27672e-09	-7.090367
198.33103	7.0897	1.27931e-09	-7.092345
198.41295	7.09069	1.28061e-09	-7.093333
198.49487	7.09168	1.2819e-09	-7.094322
198.57679	7.09266	1.28319e-09	-7.095309
198.65871	7.09365	1.28448e-09	-7.096297
198.74063	7.09464	1.28577e-09	-7.097284
198.90447	7.09661	1.28834e-09	-7.099258
198.98639	7.0976	1.28963e-09	-7.100244
199.15023	7.09957	1.29219e-09	-7.102216
199.31407	7.10154	1.29475e-09	-7.104187
199.47791	7.10351	1.2973e-09	-7.106157
199.64175	7.10548	1.29985e-09	-7.108125
199.80559	7.10745	1.30239e-09	-7.110093
200.05135	7.11039	1.30619e-09	-7.113041
200.21519	7.11236	1.30871e-09	-7.115006
200.37903	7.11432	1.31123e-09	-7.116969
200.62479	7.11727	1.315e-09	-7.119912
200.78863	7.11923	1.3175e-09	-7.121872
200.95247	7.12118	1.32e-09	-7.123831
201.19823	7.12412	1.32374e-09	-7.126768
201.36207	7.12608	1.32622e-09	-7.128725
201.52591	7.12803	1.3287e-09	-7.13068
201.77167	7.13096	1.3324e-09	-7.13361
201.93551	7.13292	1.33486e-09	-7.135563
202.09935	7.13487	1.33732e-09	-7.137514
202.34511	7.13779	1.34099e-09	-7.140439
202.50895	7.13974	1.34343e-09	-7.142387
202.67279	7.14169	1.34587e-09	-7.144334
202.91855	7.14461	1.34951e-09	-7.147253
203.08239	7.14655	1.35192e-09	-7.149198
203.24623	7.14849	1.35434e-09	-7.151141
203.49199	7.15141	1.35795e-09	-7.154054
203.65583	7.15335	1.36034e-09	-7.155994
203.81967	7.15529	1.36274e-09	-7.157934
204.06543	7.15819	1.36631e-09	-7.16084
204.22927	7.16013	1.36869e-09	-7.162777
204.39311	7.16207	1.37106e-09	-7.164713
204.63887	7.16497	1.3746e-09	-7.167613
204.80271	7.1669	1.37696e-09	-7.169546
204.96655	7.16883	1.37931e-09	-7.171478
205.21231	7.17173	1.38282e-09	-7.174373
205.37615	7.17366	1.38515e-09	-7.176302
205.53999	7.17558	1.38748e-09	-7.178229
205.78575	7.17847	1.39096e-09	-7.181119
205.94959	7.1804	1.39327e-09	-7.183044
206.11343	7.18232	1.39558e-09	-7.184967
206.35919	7.1852	1.39903e-09	-7.187851
206.52303	7.18713	1.40132e-09	-7.189772
206.68687	7.18905	1.4036e-09	-7.191692
206.93263	7.19192	1.40702e-09	-7.19457
207.09647	7.19384	1.40929e-09	-7.196487
207.26031	7.19576	1.41155e-09	-7.198403
207.50607	7.19863	1.41493e-09	-7.201275
207.66991	7.20054	1.41718e-09	-7.203189
207.83375	7.20245	1.41942e-09	-7.205101
208.07951	7.20532	1.42278e-09	-7.207967
208.24335	7.20723	1.425e-09	-7.209877
208.40719	7.20914	1.42722e-09	-7.211786
208.65295	7.212	1.43054e-09	-7.214646
208.81679	7.21391	1.43275e-09	-7.216552
208.98063	7.21581	1.43495e-09	-7.218457
209.22639	7.21867	1.43823e-09	-7.221312
209.39023	7.22057	1.44042e-09	-7.223214
209.55407	7.22247	1.44259e-09	-7.225115
209.79983	7.22532	1.44585e-09	-7.227964
209.96367	7.22722	1.44801e-09	-7.229863
210.12751	7.22911	1.45016e-09	-7.23176
210.37327	7.23196	1.45339e-09	-7.234604
210.53711	7.23385	1.45553e-09	-7.236498
210.70095	7.23575	1.45766e-09	-7.238392
210.94671	7.23858	1.46085e-09	-7.24123
211.11055	7.24047	1.46297e-09	-7.243121
211.27439	7.24236	1.46508e-09	-7.245011
211.52015	7.2452	1.46824e-09	-7.247843
211.68399	7.24708	1.47034e-09	-7.249731
211.84783	7.24897	1.47243e-09	-7.251617
