#beta	transition energy [Ry]	dipole strength	initial state energy [Ry]
2e-07	0.034724	0.0397006	-0.062501
1.75e-05	0.034757	0.0397006	-0.062535
4.75e-05	0.034818	0.0397006	-0.062594
6.75e-05	0.03486	0.0397006	-0.062634
8.75e-05	0.034902	0.0397006	-0.062673
0.0001075	0.034944	0.0397006	-0.062712
0.0001275	0.034986	0.03966	-0.06275
0.0001475	0.035029	0.0395553	-0.062788
0.0001675	0.035072	0.0394144	-0.062826
0.0001875	0.035116	0.0392511	-0.062864
0.0002075	0.035161	0.0390512	-0.062902
0.0002275	0.035205	0.0388404	-0.062939
0.0002475	0.03525	0.0385931	-0.062976
0.0002675	0.035294	0.0383395	-0.063012
0.0002875	0.035341	0.0380498	-0.063049
0.0003075	0.035387	0.0378276	-0.063085
0.0003275	0.035434	0.0374901	-0.063122
0.0003475	0.035482	0.0371516	-0.063158
0.0003675	0.035528	0.0367796	-0.063193
0.0003875	0.035576	0.0364073	-0.063228
0.0004075	0.035625	0.0360018	-0.063264
0.0004275	0.035674	0.0355968	-0.063299
0.0004475	0.035722	0.0351593	-0.063333
0.0004675	0.035771	0.0347233	-0.063367
0.0004875	0.035822	0.0342555	-0.063402
0.0005075	0.035872	0.0337902	-0.063436
0.0005275	0.035922	0.0332938	-0.063469
0.0005475	0.035974	0.0328012	-0.063503
0.0005675	0.036025	0.0322783	-0.063536
0.0005875	0.036077	0.0317603	-0.063569
0.0006075	0.036128	0.0312131	-0.063601
0.0006275	0.036181	0.0306718	-0.063634
0.0006475	0.036233	0.0301024	-0.063666
0.0006675	0.036286	0.0295401	-0.063698
0.0006875	0.036339	0.0289508	-0.063729
0.0007075	0.036392	0.0283698	-0.06376
0.0007275	0.036447	0.0277629	-0.063792
0.0007475	0.036502	0.0271655	-0.063823
0.0007675	0.036557	0.0265432	-0.063854
0.0007875	0.036611	0.0259319	-0.063884
0.0008075	0.036666	0.0252968	-0.063914
0.0008275	0.036721	0.0246739	-0.063944
0.0008475	0.036778	0.0240284	-0.063974
0.0008675	0.036834	0.0233964	-0.064004
0.0008875	0.03689	0.0227429	-0.064033
0.0009075	0.036947	0.0221044	-0.064062
0.0009275	0.037004	0.0214454	-0.064091
0.0009475	0.037061	0.0208029	-0.064119
0.0009675	0.037119	0.020141	-0.064148
0.0009875	0.037177	0.0194969	-0.064176
0.0010075	0.037235	0.0188346	-0.064204
0.0010275	0.037293	0.0181916	-0.064231
0.0010475	0.037352	0.0175314	-0.064259
0.0010675	0.03741	0.016892	-0.064286
0.0010875	0.037469	0.0162365	-0.064313
0.0011075	0.037528	0.0156033	-0.064339
0.0011275	0.037588	0.014955	-0.064366
0.0011475	0.037647	0.0143306	-0.064392
0.0011675	0.037707	0.0136922	-0.064418
0.0011875	0.037767	0.0130791	-0.064444
0.0012075	0.037827	0.0124531	-0.064469
0.0012275	0.037887	0.011854	-0.064494
0.0012475	0.037948	0.0112429	-0.064519
0.0012675	0.038009	0.0106579	-0.064544
0.0012875	0.03807	0.0100635	-0.064569
0.0013075	0.038131	0.0095012	-0.064593
0.0013275	0.038193	0.00892788	-0.064617
0.0013475	0.038254	0.00838623	-0.064641
0.0013675	0.038316	0.00783558	-0.064665
0.0013875	0.038379	0.00731821	-0.064689
0.0014075	0.038441	0.00679279	-0.064712
0.0014275	0.038503	0.00630228	-0.064735
0.0014475	0.038565	0.00580465	-0.064757
0.0014675	0.038627	0.00534357	-0.064779
0.0014875	0.03869	0.00487627	-0.064802
0.0015075	0.038753	0.0044472	-0.064824
0.0015275	0.038816	0.00401279	-0.064846
0.0015475	0.038878	0.00361829	-0.064867
0.0015675	0.038942	0.0032193	-0.064889
0.0015875	0.039005	0.00286192	-0.06491
0.0016075	0.039068	0.00250089	-0.064931
0.0016275	0.039132	0.00218319	-0.064952
0.0016475	0.039197	0.00186266	-0.064973
0.0016675	0.03926	0.00158718	-0.064993
0.0016875	0.039324	0.00135399	-0.065013
0.0017075	0.039388	0.00107895	-0.065033
0.0017275	0.039452	0.000846961	-0.065053
0.0017475	0.039516	0.000663555	-0.065072
0.0017675	0.03958	0.00047962	-0.065091
0.0017875	0.039645	0.000346049	-0.06511
0.0018075	0.039709	0.000212678	-0.065129
0.0018475	0.039839	5.11767e-05	-0.065166
0.0018675	0.039903	2.48625e-05	-0.065184
0.0018875	0.039968	1.50215e-07	-0.065202
0.0019075	0.040032	3.12529e-05	-0.065219
0.0019275	0.040098	6.46314e-05	-0.065237
0.0019475	0.040162	0.000155676	-0.065254
0.0019675	0.040229	0.000310154	-0.065272
0.0019875	0.040293	0.000403164	-0.065288
0.0020075	0.040358	0.000560247	-0.065305
0.0020275	0.040423	0.000778752	-0.065321
0.0020475	0.040489	0.00100145	-0.065338
0.0020675	0.040554	0.00128748	-0.065354
0.0020875	0.04062	0.00157831	-0.06537
0.0021275	0.040751	0.00229588	-0.065401
0.0021475	0.040816	0.00272456	-0.065416
0.0021675	0.040882	0.00315922	-0.065431
0.0021875	0.040948	0.00366304	-0.065446
0.0022075	0.041014	0.00417341	-0.065461
0.0022275	0.041079	0.00475493	-0.065475
0.0022475	0.041144	0.00542077	-0.065489
0.0022675	0.04121	0.00600623	-0.065503
0.0022875	0.041276	0.00675643	-0.065517
0.0023075	0.041343	0.00742146	-0.065531
0.0023275	0.041408	0.0082564	-0.065544
0.0023475	0.041475	0.00900439	-0.065558
0.0023675	0.041541	0.00992771	-0.065571
0.0023875	0.041607	0.0107613	-0.065584
0.0024075	0.041673	0.0117756	-0.065596
0.0024275	0.041739	0.0126973	-0.065609
0.0024475	0.041805	0.0138052	-0.065621
0.0024675	0.041871	0.0148177	-0.065633
0.0024875	0.041938	0.0160218	-0.065645
0.0025075	0.042004	0.0171277	-0.065657
0.0025275	0.04207	0.0184307	-0.065668
0.0025475	0.042135	0.0196327	-0.065679
0.0025675	0.042202	0.0210373	-0.06569
0.0025875	0.042268	0.0223379	-0.065701
0.0026075	0.042334	0.0238467	-0.065712
0.0026275	0.042401	0.0252488	-0.065723
0.0026475	0.042467	0.0268645	-0.065733
0.0026675	0.042533	0.0283707	-0.065743
0.0026875	0.0426	0.0300961	-0.065753
0.0027075	0.042666	0.0317091	-0.065763
0.0027275	0.042732	0.0335471	-0.065772
0.0027475	0.042797	0.0352696	-0.065781
0.0027675	0.042864	0.0372227	-0.065791
0.0027875	0.04293	0.0390577	-0.0658
0.0028075	0.042996	0.0411287	-0.065809
0.0028275	0.043063	0.043079	-0.065818
0.0028475	0.043129	0.0452709	-0.065826
0.0028675	0.043195	0.047339	-0.065834
0.0028875	0.043261	0.0496545	-0.065842
0.0029075	0.043328	0.0518436	-0.06585
0.0029275	0.043394	0.0542856	-0.065858
0.0029475	0.04346	0.0565983	-0.065865
0.0029675	0.043527	0.0591698	-0.065873
0.0029875	0.043594	0.0616092	-0.065881
0.0030075	0.04366	0.064313	-0.065888
0.0030275	0.043725	0.0668819	-0.065894
0.0030475	0.043792	0.069721	-0.065901
0.0030675	0.043858	0.0724223	-0.065908
0.0030875	0.043924	0.0753998	-0.065914
0.0031075	0.04399	0.0782365	-0.06592
0.0031275	0.044057	0.0813552	-0.065927
0.0031475	0.044124	0.0843303	-0.065933
0.0031675	0.044189	0.0875933	-0.065938
0.0031875	0.044255	0.09071	-0.065943
0.0032075	0.044322	0.0941203	-0.065949
0.0032275	0.044388	0.0973815	-0.065954
0.0032475	0.044456	0.100942	-0.06596
0.0032675	0.044522	0.10435	-0.065965
0.0032875	0.044588	0.108064	-0.065969
0.0033075	0.044653	0.111624	-0.065973
0.0033275	0.04472	0.115494	-0.065978
0.0033475	0.044786	0.119207	-0.065982
0.0033675	0.044852	0.123238	-0.065986
0.0033875	0.044918	0.127108	-0.06599
0.0034075	0.044984	0.131301	-0.065994
0.0034275	0.045051	0.135331	-0.065998
0.0034475	0.045117	0.13969	-0.066001
0.0034675	0.045183	0.143883	-0.066004
0.0034875	0.045249	0.148411	-0.066007
0.0035075	0.045315	0.15277	-0.06601
0.0035275	0.045382	0.15747	-0.066013
0.0035475	0.045448	0.161999	-0.066016
0.0035675	0.045514	0.166874	-0.066018
0.0035875	0.04558	0.171576	-0.06602
0.0036075	0.045647	0.17663	-0.066023
0.0036275	0.045713	0.181507	-0.066025
0.0036475	0.045779	0.186744	-0.066027
0.0036675	0.045845	0.1918	-0.066029
0.0036875	0.045911	0.197221	-0.06603
0.0037075	0.045977	0.20246	-0.066031
0.0037275	0.046044	0.20807	-0.066033
0.0037475	0.04611	0.213494	-0.066034
0.0037675	0.046176	0.219295	-0.066035
0.0037875	0.046241	0.224907	-0.066035
0.0038075	0.046307	0.230903	-0.066036
0.0038275	0.046373	0.236706	-0.066036
0.0038475	0.04644	0.2429	-0.066037
0.0038675	0.046506	0.248899	-0.066037
0.0038875	0.046573	0.255293	-0.066038
0.0039075	0.046639	0.26149	-0.066038
0.0039275	0.046705	0.268087	-0.066038
0.0039475	0.04677	0.274486	-0.066037
0.0039675	0.046837	0.28129	-0.066037
0.0039875	0.046903	0.287894	-0.066036
0.0040075	0.046968	0.294909	-0.066035
0.0040275	0.047034	0.30172	-0.066034
0.0040475	0.0471	0.308949	-0.066033
0.0040675	0.047167	0.31597	-0.066032
0.0040875	0.047234	0.323415	-0.066031
0.0041075	0.0473	0.33065	-0.06603
0.0041275	0.047366	0.338314	-0.066028
0.0041475	0.047431	0.345766	-0.066026
0.0041675	0.047497	0.353652	-0.066024
0.0041875	0.047563	0.361322	-0.066022
0.0042075	0.047629	0.369434	-0.06602
0.0042275	0.047696	0.377328	-0.066018
0.0042475	0.047762	0.385667	-0.066016
0.0042675	0.047829	0.393785	-0.066014
0.0042875	0.047895	0.402355	-0.066011
0.0043075	0.04796	0.410701	-0.066008
0.0043275	0.048026	0.419504	-0.066005
0.0043475	0.048093	0.428082	-0.066002
0.0043675	0.048159	0.437121	-0.065999
0.0043875	0.048224	0.445931	-0.065995
0.0044075	0.048291	0.455209	-0.065992
0.0044275	0.048358	0.464255	-0.065989
0.0044475	0.048424	0.473773	-0.065985
0.0044675	0.048489	0.483058	-0.065981
0.0044875	0.048555	0.492819	-0.065977
0.0045075	0.048622	0.502346	-0.065973
0.0045275	0.048688	0.512352	-0.065969
0.0045475	0.048754	0.522121	-0.065965
0.0045675	0.04882	0.532376	-0.06596
0.0045875	0.048887	0.54239	-0.065956
0.0046075	0.048953	0.552894	-0.065951
0.0046275	0.049019	0.563157	-0.065946
0.0046475	0.049085	0.573913	-0.065941
0.0046675	0.049151	0.584423	-0.065936
0.0046875	0.049218	0.595433	-0.065931
0.0047075	0.049284	0.606195	-0.065926
0.0047275	0.049351	0.61746	-0.065921
0.0047475	0.049416	0.628475	-0.065915
0.0047675	0.049482	0.639997	-0.065909
0.0047875	0.049549	0.651266	-0.065904
0.0048075	0.049615	0.663046	-0.065898
0.0048275	0.049681	0.674572	-0.065892
0.0048475	0.049748	0.686611	-0.065886
0.0048675	0.049814	0.698395	-0.06588
0.0048875	0.04988	0.710695	-0.065873
0.0049075	0.049946	0.722736	-0.065866
0.0049275	0.050013	0.735297	-0.06586
0.0049475	0.05008	0.747599	-0.065854
0.0049675	0.050146	0.760423	-0.065847
0.0049875	0.050212	0.772985	-0.06584
0.0050075	0.050279	0.786072	-0.065833
0.0050275	0.050345	0.798895	-0.065826
0.0050475	0.050412	0.812245	-0.065819
0.0050675	0.050477	0.82533	-0.065811
0.0050875	0.050544	0.838943	-0.065804
0.0051075	0.050611	0.852291	-0.065797
0.0051275	0.050677	0.866167	-0.065789
0.0051475	0.050743	0.879777	-0.065781
0.0051675	0.05081	0.893918	-0.065773
0.0051875	0.050876	0.90779	-0.065765
0.0052075	0.050943	0.922193	-0.065757
0.0052275	0.051009	0.936327	-0.065749
0.0052475	0.051076	0.950995	-0.065741
0.0052675	0.051142	0.96539	-0.065732
0.0052875	0.051209	0.980319	-0.065724
0.0053075	0.051277	0.994976	-0.065716
0.0053275	0.051343	1.01017	-0.065707
0.0053475	0.051409	1.02508	-0.065698
0.0053675	0.051477	1.04053	-0.06569
0.0053875	0.051544	1.05571	-0.065681
0.0054075	0.05161	1.07142	-0.065672
0.0054275	0.051676	1.08685	-0.065662
0.0054475	0.051744	1.10282	-0.065653
0.0054675	0.05181	1.1185	-0.065643
0.0054875	0.051877	1.13472	-0.065634
0.0055075	0.051944	1.15067	-0.065625
0.0055275	0.052011	1.16715	-0.065615
0.0055475	0.052078	1.18334	-0.065606
0.0055675	0.052145	1.20007	-0.065596
0.0055875	0.052212	1.21652	-0.065586
0.0056075	0.052279	1.23349	-0.065576
0.0056275	0.052346	1.25019	-0.065566
0.0056475	0.052413	1.26741	-0.065556
0.0056675	0.05248	1.28435	-0.065546
0.0056875	0.052547	1.30181	-0.065535
0.0057075	0.052613	1.31899	-0.065524
0.0057275	0.052681	1.33669	-0.065514
0.0057475	0.052748	1.35412	-0.065503
0.0057675	0.052815	1.37206	-0.065492
0.0057875	0.052882	1.38972	-0.065481
0.0058075	0.05295	1.40789	-0.065471
0.0058275	0.053017	1.42578	-0.06546
0.0058475	0.053084	1.44417	-0.065449
0.0058675	0.053151	1.46229	-0.065437
0.0058875	0.053219	1.48091	-0.065426
0.0059075	0.053286	1.49926	-0.065415
0.0059275	0.053352	1.5181	-0.065403
0.0059475	0.053419	1.53666	-0.065391
0.0059675	0.053487	1.55572	-0.06538
0.0059875	0.053554	1.5745	-0.065368
0.0060075	0.053623	1.59377	-0.065357
0.0060275	0.05369	1.61277	-0.065345
0.0060475	0.053758	1.63224	-0.065333
0.0060675	0.053825	1.65144	-0.065321
0.0060875	0.053893	1.67111	-0.065309
0.0061075	0.05396	1.69063	-0.065297
0.0061475	0.054094	1.7301	-0.065272
0.0061675	0.054162	1.75002	-0.06526
0.0061875	0.054229	1.7698	-0.065247
0.0062075	0.054297	1.79005	-0.065235
0.0062275	0.054365	1.81001	-0.065222
0.0062475	0.054433	1.83043	-0.065209
0.0062675	0.0545	1.85058	-0.065196
0.0062875	0.054568	1.87116	-0.065183
0.0063075	0.054635	1.89148	-0.06517
0.0063275	0.054703	1.91222	-0.065157
0.0063475	0.054771	1.93271	-0.065144
0.0063675	0.054839	1.95362	-0.065131
0.0063875	0.054907	1.97439	-0.065118
0.0064275	0.055042	2.01623	-0.065091
0.0064475	0.055111	2.0373	-0.065078
0.0064675	0.055178	2.05824	-0.065064
0.0064875	0.055245	2.07958	-0.06505
0.0065075	0.055313	2.10065	-0.065036
0.0065275	0.055382	2.12211	-0.065023
0.0065475	0.05545	2.14331	-0.065009
0.0065675	0.055518	2.16489	-0.064995
0.0065875	0.055586	2.18622	-0.064981
0.0066075	0.055654	2.20791	-0.064967
0.0066275	0.055722	2.22935	-0.064953
0.0066475	0.055791	2.25115	-0.064939
0.0066675	0.055858	2.27284	-0.064924
0.0067075	0.055994	2.31638	-0.064895
0.0067275	0.056063	2.33822	-0.064881
0.0067475	0.05613	2.35996	-0.064866
0.0067675	0.056198	2.38203	-0.064852
0.0067875	0.056267	2.40385	-0.064838
0.0068075	0.056335	2.42598	-0.064823
0.0068275	0.056403	2.44788	-0.064808
0.0068475	0.056471	2.47048	-0.064793
0.0068875	0.056608	2.5147	-0.064763
0.0069075	0.056676	2.53632	-0.064748
0.0069275	0.056745	2.55862	-0.064733
0.0069475	0.056813	2.58083	-0.064718
0.0069875	0.05695	2.62527	-0.064687
0.0070075	0.057018	2.6475	-0.064672
0.0070275	0.057086	2.66979	-0.064656
0.0070675	0.057224	2.71434	-0.064626
0.0070875	0.057292	2.7366	-0.06461
0.0071075	0.05736	2.75892	-0.064594
0.0071675	0.057566	2.82612	-0.064547
0.0071875	0.057634	2.8481	-0.064531
0.0072275	0.057771	2.89266	-0.064499
0.0072475	0.057839	2.91488	-0.064483
0.0072675	0.057908	2.93718	-0.064467
0.0073075	0.058045	2.98163	-0.064434
0.0073275	0.058113	3.00378	-0.064418
0.0073475	0.058182	3.02602	-0.064402
0.0073875	0.058319	3.07031	-0.064369
0.0074075	0.058387	3.09263	-0.064352
0.0074675	0.058593	3.15853	-0.064302
0.0074875	0.058661	3.1807	-0.064285
0.0075475	0.058867	3.24618	-0.064235
0.0075675	0.058936	3.26815	-0.064218
0.0076275	0.059142	3.33312	-0.064167
0.0076475	0.059211	3.35487	-0.06415
0.0077075	0.059416	3.41922	-0.064098
0.0077275	0.059485	3.44072	-0.064081
0.0077875	0.059691	3.50438	-0.064029
0.0078075	0.059759	3.52559	-0.064011
0.0078675	0.059965	3.58845	-0.063959
0.0078875	0.060033	3.60935	-0.063941
0.0079475	0.060238	3.67132	-0.063887
0.0079675	0.060307	3.69189	-0.063869
0.0080275	0.060512	3.75291	-0.063815
0.0080475	0.06058	3.7731	-0.063797
0.0081075	0.060786	3.83309	-0.063743
0.0081275	0.060855	3.85289	-0.063725
0.0081875	0.06106	3.91176	-0.06367
0.0082075	0.061129	3.93116	-0.063652
0.0082675	0.061334	3.98885	-0.063597
0.0082875	0.061402	4.00781	-0.063578
0.0083475	0.061607	4.06426	-0.063522
0.0083675	0.061676	4.08277	-0.063504
0.0084275	0.06188	4.13793	-0.063447
0.0084475	0.061948	4.15608	-0.063428
0.0085275	0.062222	4.22769	-0.063353
0.0085875	0.062426	4.27972	-0.063296
0.0086075	0.062494	4.29683	-0.063277
0.0086875	0.062766	4.36448	-0.0632
0.0087475	0.06297	4.41375	-0.063142
0.0087675	0.063038	4.42977	-0.063123
0.0088475	0.063309	4.49327	-0.063045
0.0089075	0.063513	4.53964	-0.062987
0.0089275	0.06358	4.55455	-0.062967
0.0090075	0.063851	4.61379	-0.062889
0.0090675	0.064054	4.65715	-0.06283
0.0090875	0.064121	4.6707	-0.06281
0.0091675	0.064391	4.72481	-0.062731
0.0092475	0.06466	4.77756	-0.062651
0.0093275	0.064929	4.82884	-0.062571
0.0093875	0.06513	4.86647	-0.06251
0.0094075	0.065197	4.878	-0.06249
0.0095475	0.065664	4.95849	-0.062348
0.0095675	0.065731	4.9687	-0.062328
0.0096475	0.065999	5.01059	-0.062247
0.0097075	0.066198	5.04163	-0.062185
0.0097275	0.066265	5.05118	-0.062165
0.0097875	0.066463	5.08022	-0.062103
0.0098075	0.06653	5.08925	-0.062083
0.0098675	0.06673	5.11677	-0.062022
0.0098875	0.066796	5.1253	-0.062001
0.0099475	0.066995	5.15132	-0.06194
0.0099675	0.06706	5.15935	-0.061919
0.0100275	0.067258	5.18451	-0.061857
0.0101075	0.067522	5.2148	-0.061774
0.0101275	0.067588	5.22168	-0.061753
0.0101875	0.067785	5.24398	-0.061691
0.0102675	0.068047	5.27059	-0.061608
0.0102875	0.068112	5.27657	-0.061587
0.0103475	0.068309	5.29616	-0.061524
0.0104275	0.06857	5.31927	-0.061441
0.0105075	0.068831	5.34142	-0.061357
0.0105875	0.069092	5.36125	-0.061274
0.0106675	0.069351	5.3802	-0.06119
0.0107475	0.06961	5.39695	-0.061106
0.0108275	0.069869	5.41291	-0.061022
0.0109075	0.070127	5.42682	-0.060938
0.0109875	0.070385	5.44	-0.060854
0.0110675	0.070642	5.45128	-0.060769
0.0111475	0.070899	5.46281	-0.060685
0.0112275	0.071155	5.4728	-0.060601
0.0113075	0.071411	5.48049	-0.060517
0.0113875	0.071667	5.48602	-0.060433
0.0114675	0.071922	5.49275	-0.060349
0.0115475	0.072177	5.49845	-0.060265
0.0116275	0.072432	5.50215	-0.060181
0.0117075	0.072686	5.50398	-0.060097
0.0117875	0.072939	5.50627	-0.060013
0.0118675	0.073192	5.50752	-0.059929
0.0119475	0.073445	5.50851	-0.059845
0.0120275	0.073699	5.50833	-0.059762
0.0121075	0.073951	5.50795	-0.059678
0.0121875	0.074204	5.5065	-0.059595
0.0122675	0.074456	5.50491	-0.059512
0.0123475	0.074708	5.50234	-0.059429
0.0124275	0.07496	5.49968	-0.059346
0.0125075	0.075212	5.49613	-0.059264
0.0126675	0.075715	5.48816	-0.059099
0.0127475	0.075966	5.48378	-0.059017
0.0128275	0.076218	5.47865	-0.058935
0.0129075	0.07647	5.47359	-0.058854
0.0129875	0.07672	5.46784	-0.058772
0.0130675	0.076972	5.46219	-0.058691
0.0131675	0.077286	5.45392	-0.05859
0.0132275	0.077474	5.44952	-0.058529
0.0133275	0.077788	5.44102	-0.058429
0.0133875	0.077977	5.43628	-0.058369
0.0134875	0.078291	5.42738	-0.058269
0.0135475	0.078479	5.42236	-0.058209
0.0137075	0.078983	5.40798	-0.058051
0.0138075	0.079298	5.39846	-0.057953
0.0138675	0.079488	5.39305	-0.057895
0.0139675	0.079803	5.38343	-0.057797
0.0140275	0.079992	5.37788	-0.057738
0.0141275	0.080309	5.36817	-0.057642
0.0141875	0.080498	5.36253	-0.057584
0.0142875	0.080814	5.35269	-0.057488
0.0143675	0.081068	5.34497	-0.057412
0.0144475	0.081322	5.33731	-0.057336
0.0145075	0.081513	5.33164	-0.05728
0.0146075	0.081831	5.32202	-0.057186
0.0146875	0.082086	5.31438	-0.057111
0.0147675	0.082341	5.30673	-0.057036
0.0148275	0.082533	5.30099	-0.056981
0.0149275	0.082853	5.29177	-0.056889
0.0150075	0.08311	5.28436	-0.056816
0.0150875	0.083367	5.27684	-0.056743
0.0151475	0.08356	5.27116	-0.056689
0.0152475	0.083882	5.26247	-0.056599
0.0153275	0.084139	5.2554	-0.056527
0.0154075	0.084398	5.24813	-0.056456
0.0154675	0.084592	5.2426	-0.056403
0.0155675	0.084916	5.23411	-0.056315
0.0156275	0.085112	5.22893	-0.056263
0.0157275	0.085437	5.22074	-0.056175
0.0157875	0.085632	5.21571	-0.056123
0.0158875	0.08596	5.20785	-0.056038
0.0159475	0.086156	5.203	-0.055986
0.0160475	0.086485	5.19549	-0.055902
0.0161075	0.086682	5.19083	-0.055851
0.0162075	0.087012	5.1837	-0.055767
0.0162675	0.08721	5.17923	-0.055717
0.0163675	0.087542	5.1725	-0.055635
0.0164275	0.08774	5.16826	-0.055585
0.0165275	0.088073	5.16193	-0.055504
0.0165875	0.088273	5.15791	-0.055455
0.0166875	0.088608	5.15201	-0.055375
0.0167475	0.088809	5.14824	-0.055327
0.0168475	0.089145	5.14278	-0.055248
0.0169075	0.089347	5.13925	-0.055201
0.0170075	0.089684	5.13424	-0.055122
0.0170675	0.089887	5.13097	-0.055075
0.0171675	0.090227	5.12642	-0.054999
0.0172275	0.090431	5.12342	-0.054953
0.0173075	0.090704	5.11992	-0.054892
0.0173875	0.090977	5.1166	-0.054831
0.0174675	0.091252	5.11347	-0.054772
0.0175475	0.091526	5.11052	-0.054712
0.0176275	0.091802	5.10776	-0.054653
0.0177275	0.092148	5.10483	-0.05458
0.0177875	0.092357	5.10279	-0.054537
0.0178675	0.092633	5.10057	-0.054478
0.0179475	0.092912	5.09854	-0.054421
0.0180275	0.093192	5.09668	-0.054364
0.0181075	0.093472	5.095	-0.054308
0.0181875	0.093753	5.09349	-0.054252
0.0182675	0.094035	5.09215	-0.054196
0.0183475	0.094317	5.09098	-0.054141
0.0184275	0.0946	5.08995	-0.054086
0.0185075	0.094884	5.08909	-0.054031
0.0185875	0.095169	5.08837	-0.053977
0.0186675	0.095455	5.08779	-0.053924
0.0187475	0.095742	5.08735	-0.053871
0.0188275	0.096029	5.08704	-0.053818
0.0189075	0.096317	5.08684	-0.053766
0.0189875	0.096607	5.08675	-0.053715
0.0190675	0.096897	5.08676	-0.053663
0.0191475	0.097187	5.08686	-0.053612
0.0192275	0.097479	5.08704	-0.053561
0.0193075	0.097771	5.08728	-0.053511
0.0193875	0.098065	5.08758	-0.053462
0.0194675	0.098359	5.08792	-0.053412
0.0195475	0.098654	5.08829	-0.053363
0.0196275	0.098949	5.08868	-0.053314
0.0197075	0.099246	5.08905	-0.053266
0.0197875	0.099545	5.08941	-0.053219
0.0198675	0.099843	5.08975	-0.053171
0.0199475	0.100142	5.09004	-0.053124
0.0200475	0.100518	5.09026	-0.053066
0.0201875	0.101045	5.09043	-0.052985
0.0202875	0.101424	5.09026	-0.052928
0.0204275	0.101956	5.08973	-0.052849
0.0205875	0.102568	5.0884	-0.052761
0.0207475	0.103183	5.08617	-0.052674
0.0209075	0.103802	5.08289	-0.052588
0.0210875	0.104502	5.07761	-0.052493
0.0212275	0.105048	5.0724	-0.05242
0.0213875	0.105679	5.06511	-0.05234
0.0214875	0.106073	5.05912	-0.052289
0.0216275	0.106627	5.05012	-0.052219
0.0217075	0.106945	5.04421	-0.05218
0.0217875	0.107264	5.03776	-0.052141
0.0218675	0.107583	5.03076	-0.052102
0.0219475	0.107903	5.02345	-0.052063
0.0220275	0.108225	5.01509	-0.052026
0.0221075	0.108547	5.0062	-0.051988
0.0221875	0.10887	4.99677	-0.051951
0.0222675	0.109192	4.98668	-0.051913
0.0223475	0.109516	4.97591	-0.051876
0.0224275	0.109841	4.96444	-0.05184
0.0225075	0.110167	4.95253	-0.051804
0.0225875	0.110493	4.93947	-0.051768
0.0226675	0.11082	4.92574	-0.051732
0.0227475	0.111147	4.91135	-0.051697
0.0228475	0.111557	4.89166	-0.051653
0.0229075	0.111804	4.88025	-0.051627
0.0229875	0.112132	4.86353	-0.051592
0.0230675	0.112462	4.84624	-0.051558
0.0231475	0.112793	4.82774	-0.051524
0.0231675	0.112875	4.82276	-0.051515
0.0232275	0.113123	4.80851	-0.05149
0.0232475	0.113206	4.8034	-0.051482
0.0233075	0.113455	4.78853	-0.051457
0.0233275	0.113538	4.78303	-0.051449
0.0234075	0.113869	4.76166	-0.051415
0.0234675	0.114119	4.74609	-0.051391
0.0234875	0.114202	4.74016	-0.051383
0.0235675	0.114535	4.71711	-0.05135
0.0236275	0.114785	4.70055	-0.051326
0.0237275	0.115202	4.66923	-0.051286
0.0237875	0.115453	4.6512	-0.051262
0.0238075	0.115537	4.64442	-0.051254
0.0238875	0.115871	4.61801	-0.051222
0.0239475	0.116122	4.59877	-0.051199
0.0239675	0.116206	4.59115	-0.051191
0.0240475	0.116541	4.56141	-0.05116
0.0241275	0.116876	4.53255	-0.051129
0.0242675	0.117465	4.48419	-0.051077
0.0242875	0.117549	4.47568	-0.051069
0.0244475	0.11822	4.41072	-0.051009
0.0245875	0.118809	4.35706	-0.050957
0.0246075	0.118894	4.34823	-0.05095
0.0247475	0.119483	4.28909	-0.050899
0.0247675	0.119568	4.27992	-0.050892
0.0249075	0.120158	4.2184	-0.050842
0.0249275	0.120242	4.20891	-0.050835
0.0250675	0.120832	4.14516	-0.050786
0.0250875	0.120916	4.13537	-0.050779
0.0252275	0.121506	4.06956	-0.05073
0.0252475	0.12159	4.05971	-0.050723
0.0253075	0.121843	4.03104	-0.050703
0.0253875	0.12218	3.99181	-0.050676
0.0254075	0.122264	3.98172	-0.050669
0.0254675	0.122517	3.95232	-0.050649
0.0255675	0.122938	3.90128	-0.050616
0.0256275	0.123191	3.8718	-0.050596
0.0257075	0.123528	3.83085	-0.05057
0.0257275	0.123612	3.82036	-0.050563
0.0257875	0.123863	3.78975	-0.050543
0.0258675	0.124199	3.74815	-0.050517
0.0258875	0.124284	3.73751	-0.050511
0.0259475	0.124536	3.70644	-0.050492
0.0260275	0.124872	3.66431	-0.050466
0.0260475	0.124956	3.65356	-0.05046
0.0261075	0.125207	3.62214	-0.050441
0.0261875	0.125543	3.57962	-0.050416
0.0262075	0.125627	3.5688	-0.05041
0.0262675	0.125879	3.53712	-0.050392
0.0263475	0.126213	3.49435	-0.050367
0.0263675	0.126297	3.48349	-0.050361
0.0264275	0.126548	3.45167	-0.050343
0.0265075	0.126881	3.4088	-0.050318
0.0265275	0.126964	3.39793	-0.050312
0.0265875	0.127215	3.36607	-0.050294
0.0266675	0.12755	3.32323	-0.050271
0.0266875	0.127633	3.31238	-0.050265
0.0267475	0.127883	3.2806	-0.050247
0.0268275	0.128216	3.23791	-0.050224
0.0268475	0.128299	3.22713	-0.050218
0.0269075	0.128548	3.1955	-0.0502
0.0269875	0.12888	3.15311	-0.050177
0.0270075	0.128963	3.14242	-0.050171
0.0270675	0.129212	3.11104	-0.050154
0.0271475	0.129544	3.06906	-0.050132
0.0271675	0.129626	3.0585	-0.050126
0.0272275	0.129874	3.02746	-0.050109
0.0273075	0.130206	2.98601	-0.050087
0.0273275	0.130288	2.9756	-0.050081
0.0273875	0.130535	2.94499	-0.050064
0.0274675	0.130865	2.90417	-0.050042
0.0274875	0.130948	2.89393	-0.050037
0.0275475	0.131195	2.86382	-0.050021
0.0276275	0.131524	2.82373	-0.049999
0.0276475	0.131607	2.81369	-0.049994
0.0277075	0.131853	2.78415	-0.049978
0.0277875	0.132181	2.74488	-0.049956
0.0278075	0.132263	2.73505	-0.049951
0.0278675	0.132508	2.70614	-0.049935
0.0279475	0.132836	2.66775	-0.049914
0.0279675	0.132918	2.65816	-0.049909
0.0280275	0.133164	2.62992	-0.049894
0.0281075	0.13349	2.59249	-0.049873
0.0281275	0.133572	2.58315	-0.049868
0.0281875	0.133817	2.55563	-0.049853
0.0282675	0.134142	2.51919	-0.049832
0.0282875	0.134223	2.51012	-0.049827
0.0283475	0.134468	2.48336	-0.049812
0.0284275	0.134793	2.44796	-0.049792
0.0284475	0.134874	2.43915	-0.049787
0.0285075	0.135117	2.41318	-0.049772
0.0285875	0.135442	2.37887	-0.049753
0.0286075	0.135523	2.37033	-0.049748
0.0286675	0.135767	2.34517	-0.049734
0.0287475	0.13609	2.31195	-0.049715
0.0287675	0.136171	2.3037	-0.04971
0.0288275	0.136414	2.27935	-0.049696
0.0289075	0.136737	2.24724	-0.049677
0.0289275	0.136817	2.23927	-0.049672
0.0289875	0.137059	2.21576	-0.049658
0.0290675	0.137381	2.18476	-0.049639
0.0290875	0.137461	2.17708	-0.049634
0.0291475	0.137703	2.15438	-0.04962
0.0292275	0.138025	2.1245	-0.049602
0.0292475	0.138105	2.1171	-0.049597
0.0293075	0.138346	2.09524	-0.049584
0.0293875	0.138666	2.06648	-0.049565
0.0294075	0.138746	2.05935	-0.049561
0.0294675	0.138987	2.0383	-0.049548
0.0295475	0.139308	2.01062	-0.04953
0.0295675	0.139388	2.00377	-0.049526
0.0296275	0.139628	1.98353	-0.049513
0.0297075	0.139947	1.95693	-0.049495
0.0297275	0.140027	1.95035	-0.049491
0.0297875	0.140267	1.9309	-0.049478
0.0298675	0.140585	1.90535	-0.04946
0.0298875	0.140665	1.89904	-0.049456
0.0299475	0.140905	1.88036	-0.049443
0.0300275	0.141223	1.85584	-0.049426
0.0300475	0.141303	1.84978	-0.049422
0.0301075	0.141542	1.83186	-0.04941
0.0301875	0.14186	1.80833	-0.049393
0.0302075	0.14194	1.80252	-0.049389
0.0302675	0.142178	1.78533	-0.049377
0.0303475	0.142495	1.76277	-0.04936
0.0303675	0.142575	1.7572	-0.049356
0.0304275	0.142813	1.74073	-0.049344
0.0305075	0.14313	1.7191	-0.049328
0.0305275	0.143209	1.71376	-0.049324
0.0305875	0.143447	1.69798	-0.049312
0.0306675	0.143764	1.67726	-0.049296
0.0306875	0.143843	1.67214	-0.049292
0.0307475	0.14408	1.65701	-0.04928
0.0308275	0.144397	1.63716	-0.049265
0.0308475	0.144476	1.63227	-0.049261
0.0309875	0.14503	1.59875	-0.049235
0.0310075	0.145109	1.59405	-0.049231
0.0310675	0.145346	1.58016	-0.04922
0.0311475	0.145662	1.56195	-0.049205
0.0311675	0.145741	1.55746	-0.049201
0.0312275	0.145977	1.54415	-0.04919
0.0313075	0.146292	1.52671	-0.049175
0.0313275	0.14637	1.5224	-0.049171
0.0313875	0.146607	1.50966	-0.04916
0.0314875	0.147001	1.48885	-0.049142
0.0315475	0.147237	1.47662	-0.049131
0.0316275	0.147552	1.46061	-0.049117
0.0316475	0.14763	1.45666	-0.049113
0.0317075	0.147866	1.44495	-0.049103
0.0317875	0.14818	1.42962	-0.049088
0.0318075	0.148259	1.42584	-0.049085
0.0318675	0.148495	1.41463	-0.049075
0.0319475	0.148809	1.39993	-0.049061
0.0319675	0.148887	1.39631	-0.049057
0.0321075	0.149437	1.37146	-0.049033
0.0321275	0.149516	1.36799	-0.04903
0.0322675	0.150064	1.34417	-0.049006
0.0322875	0.150143	1.34085	-0.049003
0.0324275	0.150692	1.318	-0.04898
0.0324475	0.150771	1.31481	-0.048977
0.0325875	0.151319	1.2929	-0.048954
0.0326075	0.151397	1.28984	-0.048951
0.0327475	0.151946	1.26881	-0.048929
0.0327675	0.152024	1.26587	-0.048926
0.0329075	0.152572	1.24567	-0.048904
0.0329275	0.15265	1.24286	-0.048901
0.0330675	0.153198	1.22347	-0.04888
0.0330875	0.153276	1.22076	-0.048877
0.0332275	0.153824	1.20213	-0.048856
0.0332475	0.153902	1.19952	-0.048853
0.0333875	0.15445	1.18161	-0.048832
0.0334075	0.154528	1.17911	-0.048829
0.0335475	0.155075	1.16189	-0.048809
0.0335675	0.155153	1.15948	-0.048806
0.0337075	0.1557	1.14292	-0.048786
0.0337275	0.155778	1.1406	-0.048783
0.0338675	0.156325	1.12465	-0.048763
0.0338875	0.156403	1.12242	-0.04876
0.0340275	0.15695	1.10706	-0.048741
0.0340475	0.157028	1.10491	-0.048738
0.0341875	0.157574	1.09013	-0.048719
0.0342075	0.157652	1.08806	-0.048716
0.0343475	0.158199	1.07379	-0.048698
0.0343675	0.158277	1.0718	-0.048695
0.0345075	0.158824	1.05805	-0.048677
0.0345275	0.158902	1.05612	-0.048674
0.0346675	0.159449	1.04286	-0.048657
0.0346875	0.159527	1.041	-0.048654
0.0348275	0.160072	1.0282	-0.048636
0.0348475	0.16015	1.02641	-0.048633
0.0349875	0.160697	1.01403	-0.048616
0.0350075	0.160774	1.0123	-0.048613
0.0351475	0.16132	1.00035	-0.048596
0.0351675	0.161399	0.99868	-0.048594
0.0353075	0.161945	0.98713	-0.048577
0.0353275	0.162023	0.98551	-0.048575
0.0354675	0.162569	0.974339	-0.048558
0.0354875	0.162647	0.972772	-0.048556
0.0356275	0.163193	0.961962	-0.048539
0.0356475	0.163271	0.960445	-0.048537
0.0357875	0.163817	0.949981	-0.048521
0.0358075	0.163895	0.948511	-0.048519
0.0359475	0.164442	0.9384	-0.048504
0.0361275	0.165144	0.925783	-0.048484
0.0362675	0.16569	0.916226	-0.048469
0.0362875	0.165768	0.914888	-0.048467
0.0364275	0.166314	0.905651	-0.048452
0.0364475	0.166392	0.904353	-0.04845
0.0365875	0.166939	0.895388	-0.048435
0.0366075	0.167017	0.894128	-0.048433
0.0367475	0.167563	0.885424	-0.048419
0.0367675	0.167641	0.8842	-0.048417
0.0369075	0.168188	0.875746	-0.048403
0.0369275	0.168266	0.874556	-0.048401
0.0370675	0.168812	0.86636	-0.048387
0.0372475	0.169515	0.856094	-0.04837
0.0373875	0.170062	0.848303	-0.048357
0.0374075	0.17014	0.847211	-0.048355
0.0375675	0.170764	0.838604	-0.04834
0.0377075	0.171311	0.831224	-0.048328
0.0377275	0.171389	0.83019	-0.048326
0.0378875	0.172013	0.822025	-0.048311
0.0380275	0.17256	0.815023	-0.048299
0.0380475	0.172638	0.81404	-0.048297
0.0383475	0.173811	0.799633	-0.048272
0.0383675	0.173889	0.798696	-0.04827
0.0385275	0.174514	0.791315	-0.048257
0.0386675	0.175062	0.78498	-0.048246
0.0386875	0.17514	0.784089	-0.048244
0.0388475	0.175765	0.777055	-0.048231
0.0389875	0.176312	0.771016	-0.04822
0.0390075	0.176391	0.770166	-0.048219
0.0391675	0.177015	0.763452	-0.048206
0.0393075	0.177563	0.757699	-0.048196
0.0394875	0.178267	0.750455	-0.048183
0.0396275	0.178815	0.744953	-0.048173
0.0398075	0.179519	0.738019	-0.04816
0.0399475	0.180067	0.732751	-0.04815
0.0401275	0.180772	0.726104	-0.048138
0.0402675	0.18132	0.721051	-0.048129
0.0404475	0.182025	0.714672	-0.048117
0.0405875	0.182573	0.70982	-0.048108
0.0407675	0.183278	0.703688	-0.048097
0.0409075	0.183826	0.699024	-0.048088
0.0410875	0.184531	0.693124	-0.048077
0.0412275	0.18508	0.688634	-0.048069
0.0414075	0.185785	0.682958	-0.048058
0.0417275	0.187039	0.673147	-0.04804
0.0418675	0.187589	0.668967	-0.048033
0.0420475	0.188295	0.663675	-0.048023
0.0421875	0.188844	0.659643	-0.048016
0.0423675	0.189551	0.654528	-0.048007
0.0425075	0.1901	0.650631	-0.048
0.0426875	0.190806	0.645682	-0.047991
0.0428275	0.191355	0.64191	-0.047984
0.0430075	0.192062	0.637119	-0.047976
0.0431475	0.192611	0.633466	-0.047969
0.0433275	0.193318	0.628821	-0.047961
0.0434675	0.193869	0.62528	-0.047955
0.0436475	0.194577	0.620775	-0.047948
0.0439675	0.195833	0.612965	-0.047934
0.0441075	0.196384	0.609628	-0.047929
0.0442875	0.197092	0.605378	-0.047922
0.0446075	0.19835	0.598004	-0.04791
0.0447475	0.198901	0.594851	-0.047905
0.0449275	0.199608	0.590829	-0.047898
0.0452475	0.200867	0.583845	-0.047887
0.0453875	0.201419	0.580858	-0.047883
0.0455675	0.202127	0.577043	-0.047877
0.0458875	0.203387	0.570413	-0.047867
0.0460275	0.203939	0.567575	-0.047863
0.0462075	0.204648	0.563946	-0.047858
0.0465275	0.205909	0.557636	-0.047849
0.0466675	0.206461	0.554934	-0.047845
0.0468475	0.20717	0.551474	-0.04784
0.0471675	0.208433	0.545456	-0.047833
0.0473075	0.208984	0.542877	-0.047829
0.0474875	0.209694	0.539572	-0.047825
0.0478075	0.210956	0.533822	-0.047818
0.0479475	0.211508	0.531357	-0.047815
0.0481275	0.212218	0.528185	-0.047811
0.0484475	0.213481	0.522662	-0.047805
0.0487675	0.214744	0.517271	-0.047799
0.0490875	0.216009	0.512009	-0.047794
0.0492275	0.216561	0.509751	-0.047791
0.0494075	0.217272	0.506831	-0.047788
0.0497275	0.218537	0.501744	-0.047784
0.0500475	0.219801	0.496771	-0.047779
0.0503675	0.221066	0.491912	-0.047775
0.0505075	0.221619	0.489827	-0.047773
0.0506875	0.222331	0.487125	-0.047771
0.0510075	0.223597	0.482412	-0.047768
0.0516475	0.226129	0.473294	-0.047762
0.0517875	0.226683	0.471357	-0.047761
0.0519675	0.227395	0.468844	-0.047759
0.0522875	0.228661	0.464459	-0.047757
0.0526075	0.229928	0.460166	-0.047755
0.0529275	0.231195	0.455964	-0.047753
0.0530675	0.23175	0.454157	-0.047753
0.0532475	0.232463	0.451795	-0.047752
0.0538875	0.234998	0.443622	-0.04775
0.0545275	0.237535	0.435773	-0.047749
0.0551675	0.240072	0.428236	-0.047748
0.0556275	0.241897	0.423015	-0.047749
0.0558075	0.242611	0.42093	-0.047749
0.0564475	0.245149	0.413728	-0.04775
0.0570875	0.247689	0.406794	-0.047752
0.0577275	0.25023	0.400119	-0.047755
0.0581875	0.252057	0.395484	-0.047758
0.0583675	0.252772	0.393646	-0.047759
0.0590075	0.255314	0.387288	-0.047763
0.0594675	0.257142	0.382866	-0.047767
0.0596475	0.257857	0.381129	-0.047768
0.0602875	0.2604	0.375115	-0.047773
0.0607475	0.262228	0.370927	-0.047777
0.0609275	0.262944	0.369282	-0.047779
0.0615675	0.265489	0.363583	-0.047786
0.0620275	0.267318	0.35961	-0.04779
0.0622075	0.268034	0.358051	-0.047792
0.0628475	0.27058	0.352641	-0.0478
0.0633075	0.272411	0.348868	-0.047806
0.0634875	0.273127	0.347386	-0.047808
0.0641275	0.275674	0.342245	-0.047816
0.0645875	0.277505	0.338656	-0.047822
0.0647675	0.278221	0.337248	-0.047824
0.0654075	0.280769	0.332355	-0.047833
0.0658675	0.282601	0.328937	-0.04784
0.0660475	0.283318	0.327596	-0.047843
0.0666875	0.285867	0.322934	-0.047852
0.0671475	0.287699	0.319675	-0.047859
0.0673275	0.288416	0.318397	-0.047862
0.0684275	0.292799	0.310845	-0.04788
0.0686075	0.293516	0.309622	-0.047883
0.0692475	0.296067	0.305377	-0.047894
0.0697075	0.2979	0.302405	-0.047902
0.0698875	0.298617	0.301241	-0.047905
0.0705275	0.301168	0.297185	-0.047916
0.0709875	0.303003	0.294344	-0.047925
0.0711675	0.303721	0.29323	-0.047928
0.0718075	0.306272	0.28935	-0.047939
0.0722675	0.308107	0.286638	-0.047948
0.0730875	0.311377	0.281852	-0.047963
0.0735475	0.313212	0.279253	-0.047972
0.0743675	0.316484	0.274669	-0.047988
0.0748275	0.318319	0.272177	-0.047997
0.0756475	0.321591	0.267784	-0.048013
0.0761075	0.323426	0.265393	-0.048022
0.0769275	0.326699	0.261177	-0.048039
0.0773875	0.328534	0.258882	-0.048048
0.0782075	0.331807	0.254836	-0.048065
0.0786675	0.333644	0.252631	-0.048075
0.0794875	0.336918	0.248744	-0.048092
0.0799475	0.338755	0.246623	-0.048102
0.0807675	0.342029	0.242888	-0.048119
0.0812275	0.343866	0.240853	-0.048129
0.0825075	0.348978	0.235299	-0.048156
0.0833275	0.352253	0.231833	-0.048174
0.0837875	0.35409	0.229946	-0.048184
0.0850675	0.359204	0.224796	-0.048212
0.0858875	0.36248	0.221582	-0.04823
0.0863475	0.364318	0.219827	-0.04824
0.0876275	0.369433	0.215041	-0.048269
0.0884475	0.37271	0.212054	-0.048287
0.0889075	0.374548	0.21042	-0.048297
0.0901875	0.379664	0.205962	-0.048326
0.0910075	0.382941	0.203181	-0.048344
0.0914675	0.384779	0.201657	-0.048354
0.0927475	0.389896	0.1975	-0.048383
0.0940275	0.395013	0.193477	-0.048412
0.0953075	0.400131	0.189586	-0.048441
0.0961275	0.403409	0.18716	-0.048459
0.0965875	0.405248	0.185824	-0.048469
0.0978675	0.410367	0.18218	-0.048498
0.0991475	0.415485	0.178653	-0.048527
0.1004275	0.420604	0.175241	-0.048556
0.1012475	0.423883	0.173113	-0.048574
0.1017075	0.425723	0.171934	-0.048584
0.1029875	0.430843	0.168719	-0.048613
0.1042675	0.435962	0.165606	-0.048641
0.1063675	0.444363	0.160714	-0.048688
0.1068275	0.446203	0.159672	-0.048698
0.1081075	0.451323	0.156829	-0.048726
0.1089275	0.454603	0.155053	-0.048744
0.1093875	0.456443	0.154069	-0.048754
0.1106675	0.461564	0.151386	-0.048782
0.1114875	0.464845	0.149711	-0.0488
0.1119475	0.466685	0.148781	-0.04881
0.1132275	0.471807	0.146247	-0.048838
0.1140475	0.475088	0.144663	-0.048856
0.1157875	0.482049	0.141388	-0.048893
0.1166075	0.485331	0.139891	-0.048911
0.1170675	0.487172	0.139058	-0.048921
0.1183475	0.492293	0.136789	-0.048948
0.1191675	0.495574	0.135371	-0.048965
0.1196275	0.497415	0.134581	-0.048975
0.1209075	0.502537	0.13243	-0.049002
0.1217275	0.505818	0.131086	-0.049019
0.1221875	0.507659	0.130337	-0.049029
0.1242875	0.516064	0.127018	-0.049073
0.1247475	0.517905	0.126307	-0.049083
0.1268475	0.526309	0.123154	-0.049126
0.1273075	0.52815	0.122478	-0.049135
0.1294075	0.536554	0.119479	-0.049178
0.1298675	0.538395	0.118836	-0.049187
0.1319675	0.546799	0.115981	-0.049229
0.1324275	0.54864	0.115367	-0.049238
0.1345275	0.557045	0.112648	-0.04928
0.1349875	0.558886	0.112063	-0.049289
0.1370875	0.567293	0.109469	-0.049331
0.1375475	0.569134	0.108911	-0.04934
0.1396475	0.577539	0.106435	-0.049381
0.1401075	0.57938	0.105902	-0.04939
0.1422075	0.587786	0.103537	-0.04943
0.1426675	0.589627	0.103027	-0.049439
0.1447675	0.598033	0.100765	-0.049479
0.1452275	0.599875	0.100277	-0.049488
0.1473275	0.60828	0.0981138	-0.049527
0.1477875	0.610122	0.0976467	-0.049536
0.1498875	0.618528	0.0955748	-0.049575
0.1503475	0.620369	0.0951272	-0.049583
0.1524475	0.628776	0.0931419	-0.049622
0.1529075	0.630617	0.0927128	-0.04963
0.1550075	0.639023	0.0908091	-0.049668
0.1554675	0.640864	0.0903973	-0.049676
0.1575675	0.649271	0.0885705	-0.049714
0.1580275	0.651112	0.0881752	-0.049722
0.1601275	0.659519	0.0864211	-0.049759
0.1605875	0.66136	0.0860413	-0.049767
0.1626875	0.669767	0.084356	-0.049804
0.1631475	0.671608	0.0839909	-0.049812
0.1652475	0.680014	0.0823707	-0.049848
0.1657075	0.681856	0.0820195	-0.049856
0.1678075	0.690262	0.0804608	-0.049892
0.1682675	0.692104	0.0801228	-0.0499
0.1703675	0.70051	0.0786225	-0.049935
0.1708275	0.702352	0.0782971	-0.049943
0.1729275	0.710759	0.0768522	-0.049978
0.1733875	0.712601	0.0765386	-0.049986
0.1754875	0.721007	0.0751462	-0.05002
0.1759475	0.722848	0.074844	-0.050027
0.1780475	0.731255	0.0735015	-0.050061
0.1785075	0.733097	0.07321	-0.050069
0.1806075	0.741504	0.0719151	-0.050103
0.1810675	0.743345	0.0716338	-0.05011
0.1831675	0.751751	0.070384	-0.050143
0.1836275	0.753592	0.0701124	-0.05015
0.1857275	0.761999	0.0689057	-0.050183
0.1861875	0.76384	0.0686434	-0.05019
0.1882875	0.772248	0.0674775	-0.050223
0.1887475	0.774089	0.067224	-0.05023
0.1908475	0.782496	0.0660973	-0.050262
0.1913075	0.784337	0.0658523	-0.050269
0.1934075	0.792744	0.0647628	-0.050301
0.1938675	0.794585	0.0645258	-0.050308
0.1959675	0.802992	0.0634718	-0.05034
0.1964275	0.804834	0.0632425	-0.050347
0.1985275	0.813241	0.0622226	-0.050378
0.1989875	0.815083	0.0620005	-0.050385
0.2010875	0.823488	0.0610131	-0.050415
0.2015475	0.82533	0.0607981	-0.050422
0.2036475	0.833737	0.0598417	-0.050452
0.2041075	0.835579	0.0596334	-0.050459
0.2062075	0.843985	0.0587067	-0.050489
0.2066675	0.845826	0.0585048	-0.050495
0.2087675	0.854233	0.0576065	-0.050525
0.2092275	0.856074	0.0574108	-0.050531
0.2113275	0.864481	0.0565398	-0.050561
0.2117875	0.866322	0.0563499	-0.050567
0.2138875	0.87473	0.055505	-0.050597
0.2143475	0.876571	0.0553208	-0.050603
0.2164475	0.884978	0.0545008	-0.050632
0.2169075	0.886819	0.0543221	-0.050638
0.2190075	0.895226	0.0535262	-0.050667
0.2194675	0.897067	0.0533526	-0.050673
0.2215675	0.905474	0.0525797	-0.050701
0.2220275	0.907315	0.0524111	-0.050707
0.2241275	0.915722	0.0516603	-0.050735
0.2245875	0.917563	0.0514965	-0.050741
0.2266875	0.92597	0.0507694	-0.050769
0.2292475	0.936218	0.0498991	-0.050802
0.2297075	0.938059	0.0497439	-0.050808
0.2318075	0.946465	0.0490543	-0.050835
0.2322675	0.948307	0.0489038	-0.050841
0.2343675	0.956713	0.0482332	-0.050868
0.2348275	0.958555	0.0480868	-0.050874
0.2369275	0.96696	0.0474343	-0.0509
0.2373875	0.968802	0.0472909	-0.050906
0.2399475	0.979049	0.0465138	-0.050937
0.2420475	0.987455	0.0459001	-0.050963
0.2425075	0.989297	0.0457651	-0.050969
0.2446075	0.997704	0.0451653	-0.050995
0.2471675	1.00795	0.0444458	-0.051026
0.2476275	1.00979	0.0443173	-0.051031
0.2497275	1.0182	0.0437461	-0.051056
0.2501875	1.02004	0.0436213	-0.051062
0.2522875	1.02845	0.0430647	-0.051087
0.2527475	1.03029	0.042943	-0.051092
0.2548475	1.03869	0.0424005	-0.051117
0.2553075	1.04053	0.0422811	-0.051122
0.2578675	1.05078	0.0416335	-0.051152
0.2599675	1.05919	0.0411212	-0.051176
0.2604275	1.06103	0.0410084	-0.051181
0.2625275	1.06944	0.0405068	-0.051206
0.2650875	1.07968	0.0399042	-0.051235
0.2655475	1.08152	0.0397964	-0.05124
0.2676475	1.08993	0.0393188	-0.051263
0.2702075	1.10018	0.0387446	-0.051292
0.2706675	1.10202	0.0386419	-0.051297
0.2727675	1.11043	0.0381867	-0.05132
0.2757875	1.12251	0.0375383	-0.051352
0.2778875	1.13092	0.0371069	-0.051375
0.2804475	1.14117	0.0365844	-0.051403
0.2809075	1.14301	0.0364909	-0.051408
0.2830075	1.15141	0.0360762	-0.05143
0.2855675	1.16166	0.035577	-0.051457
0.2860275	1.1635	0.0354877	-0.051462
0.2881275	1.17191	0.0350914	-0.051484
0.2906875	1.18215	0.0346142	-0.05151
0.2911475	1.184	0.0345282	-0.051515
0.2958075	1.20265	0.0336933	-0.051562
0.2962675	1.20449	0.033611	-0.051567
0.3009275	1.22314	0.0328116	-0.051613
0.3013875	1.22498	0.0327328	-0.051618
0.3060475	1.24363	0.031967	-0.051664
0.3065075	1.24548	0.0318916	-0.051668
0.3111675	1.26413	0.0311574	-0.051714
0.3116275	1.26597	0.031085	-0.051718
0.3162875	1.28462	0.0303808	-0.051762
0.3167475	1.28646	0.0303113	-0.051766
0.3214075	1.30511	0.0296352	-0.05181
0.3218675	1.30696	0.0295685	-0.051814
0.3265275	1.32561	0.0289191	-0.051858
0.3269875	1.32745	0.028855	-0.051862
0.3316475	1.3461	0.0282307	-0.051904
0.3321075	1.34794	0.0281691	-0.051908
0.3367675	1.36659	0.0275687	-0.05195
0.3372275	1.36843	0.0275094	-0.051954
0.3418875	1.38709	0.0269315	-0.051995
0.3423475	1.38893	0.0268745	-0.051999
0.3470075	1.40758	0.0263182	-0.052039
0.3474675	1.40942	0.0262633	-0.052043
0.3521275	1.42807	0.0257272	-0.052082
0.3525875	1.42991	0.0256743	-0.052086
0.3572475	1.44856	0.0251576	-0.052125
0.3577075	1.4504	0.0251065	-0.052129
0.3623675	1.46905	0.0246082	-0.052168
0.3628275	1.47089	0.024559	-0.052172
0.3674875	1.48954	0.0240781	-0.052209
0.3679475	1.49138	0.0240306	-0.052213
0.3726075	1.51004	0.0235665	-0.052251
0.3730675	1.51188	0.0235206	-0.052255
0.3777275	1.53053	0.0230722	-0.052291
0.3781875	1.53237	0.0230279	-0.052295
0.3828475	1.55102	0.0225946	-0.052331
0.3833075	1.55286	0.0225518	-0.052335
0.3879675	1.57151	0.0221329	-0.05237
0.3884275	1.57335	0.0220915	-0.052374
0.3930875	1.592	0.0216864	-0.052409
0.3935475	1.59384	0.0216464	-0.052413
0.3982075	1.61249	0.0212544	-0.052448
0.3986675	1.61433	0.0212156	-0.052451
0.4033275	1.63298	0.0208362	-0.052485
0.4037875	1.63482	0.0207987	-0.052488
0.4084475	1.65347	0.0204312	-0.052523
0.4089075	1.65531	0.0203949	-0.052526
0.4135675	1.67396	0.0200389	-0.052559
0.4140275	1.6758	0.0200037	-0.052562
0.4186875	1.69445	0.0196587	-0.052596
0.4191475	1.69629	0.0196245	-0.052599
0.4238075	1.71494	0.01929	-0.052631
0.4242675	1.71678	0.019257	-0.052634
0.4289275	1.73543	0.0189326	-0.052667
0.4293875	1.73727	0.0189005	-0.05267
0.4340475	1.75592	0.0185858	-0.052702
0.4345075	1.75776	0.0185546	-0.052705
0.4391675	1.77641	0.0182513	-0.052736
0.4442875	1.7969	0.0179224	-0.05277
0.4447475	1.79874	0.0178929	-0.052773
0.4494075	1.81739	0.0176048	-0.052804
0.4498675	1.81923	0.0175763	-0.052807
0.4545275	1.83788	0.0172964	-0.052837
0.4549875	1.83972	0.0172687	-0.05284
0.4596475	1.85837	0.0169967	-0.05287
0.4601075	1.86021	0.0169698	-0.052873
0.4647675	1.87886	0.0167054	-0.052902
0.4652275	1.8807	0.0166792	-0.052905
0.4698875	1.89935	0.016422	-0.052934
0.4703475	1.90119	0.0163965	-0.052937
0.4750075	1.91984	0.0161481	-0.052966
0.4801275	1.94033	0.0158783	-0.052997
0.4805875	1.94217	0.0158541	-0.053
0.4852475	1.96082	0.0156172	-0.053028
0.4857075	1.96266	0.0155937	-0.053031
0.4903675	1.98131	0.015363	-0.053059
0.4908275	1.98315	0.0153402	-0.053062
0.4954875	2.0018	0.0151155	-0.053089
0.4959475	2.00364	0.0150933	-0.053092
0.5006075	2.02229	0.0148745	-0.053119
0.5010675	2.02413	0.0148528	-0.053122
0.5057275	2.04277	0.0146396	-0.053148
0.5061875	2.04461	0.0146185	-0.053151
0.5108475	2.06326	0.014412	-0.053177
0.5164275	2.08559	0.0141655	-0.053209
0.5210875	2.10424	0.0139711	-0.053235
0.5262075	2.12473	0.0137576	-0.053263
0.5266675	2.12657	0.0137384	-0.053266
0.5313275	2.14522	0.0135516	-0.053291
0.5364475	2.1657	0.0133484	-0.053319
0.5369075	2.16754	0.0133301	-0.053321
0.5415675	2.18619	0.0131522	-0.053346
0.5466875	2.20668	0.0129586	-0.053373
0.5471475	2.20852	0.012941	-0.053375
0.5569275	2.24766	0.0125869	-0.053427
0.5573875	2.2495	0.0125703	-0.053429
0.5620475	2.26814	0.0124084	-0.053453
0.5671675	2.28863	0.0122321	-0.053479
0.5676275	2.29047	0.0122163	-0.053481
0.5722875	2.30912	0.0120617	-0.053504
0.5774075	2.32961	0.0118933	-0.05353
0.5778675	2.33145	0.0118782	-0.053532
0.5825275	2.35009	0.0117305	-0.053555
0.5881075	2.37242	0.0115538	-0.053582
0.5927675	2.39107	0.0114136	-0.053605
0.5983475	2.4134	0.0112446	-0.053632
0.6030075	2.43204	0.0111105	-0.053654
0.6085875	2.45437	0.0109486	-0.05368
0.6132475	2.47302	0.0108201	-0.053701
0.6188275	2.49534	0.0106651	-0.053727
0.6234875	2.51399	0.0105419	-0.053748
0.6290675	2.53632	0.0103932	-0.053774
0.6337275	2.55497	0.0102749	-0.053795
0.6393075	2.57729	0.0101323	-0.05382
0.6439675	2.59594	0.0100188	-0.05384
0.6495475	2.61827	0.00988189	-0.053864
0.6542075	2.63691	0.00977286	-0.053884
0.6597875	2.65924	0.0096413	-0.053908
0.6644475	2.67788	0.0095365	-0.053928
0.6700275	2.70021	0.00941004	-0.053951
0.6746875	2.71886	0.00930924	-0.053971
0.6802675	2.74119	0.00918761	-0.053994
0.6849275	2.75983	0.00909061	-0.054013
0.6905075	2.78216	0.00897355	-0.054035
0.6951675	2.8008	0.00888015	-0.054054
0.7007475	2.82313	0.00876743	-0.054076
0.7054075	2.84178	0.00867743	-0.054095
0.7109875	2.8641	0.00856884	-0.054117
0.7156475	2.88275	0.00848209	-0.054135
0.7212275	2.90508	0.00837741	-0.054157
0.7258875	2.92372	0.00829375	-0.054175
0.7314675	2.94605	0.00819279	-0.054196
0.7361275	2.96469	0.00811206	-0.054214
0.7417075	2.98702	0.00801464	-0.054235
0.7463675	3.00566	0.0079367	-0.054252
0.7519475	3.02799	0.00784265	-0.054272
0.7566075	3.04663	0.00776738	-0.054289
0.7621875	3.06896	0.00767654	-0.05431
0.7668475	3.08761	0.0076038	-0.054327
0.7724275	3.10993	0.00751603	-0.054347
0.7770875	3.12858	0.00744571	-0.054363
0.7826675	3.1509	0.00736085	-0.054383
0.7873275	3.16955	0.00729284	-0.054399
0.7929075	3.19187	0.00721078	-0.054418
0.7975675	3.21052	0.00714497	-0.054434
0.8031475	3.23285	0.00706557	-0.054453
0.8078075	3.25149	0.00700187	-0.054469
0.8133875	3.27382	0.00692501	-0.054488
0.8180475	3.29246	0.00686333	-0.054504
0.8236275	3.31479	0.0067889	-0.054523
0.8282875	3.33343	0.00672914	-0.054538
0.8338675	3.35576	0.00665704	-0.054556
0.8385275	3.3744	0.00659913	-0.054571
0.8441075	3.39673	0.00652926	-0.054589
0.8487675	3.41537	0.00647312	-0.054604
0.8543475	3.4377	0.00640538	-0.054621
0.8590075	3.45634	0.00635153	-0.054636
0.8692475	3.49731	0.00623309	-0.054668
0.8748275	3.51964	0.00616867	-0.054685
0.8794875	3.53828	0.0061174	-0.0547
0.8850675	3.56061	0.00605555	-0.054717
0.8897275	3.57925	0.00600577	-0.054731
0.8953075	3.60158	0.00594572	-0.054748
0.8999675	3.62022	0.00589738	-0.054762
0.9055475	3.64255	0.00583906	-0.054778
0.9102075	3.66119	0.00579209	-0.054792
0.9157875	3.68351	0.00573544	-0.054808
0.9204475	3.70216	0.0056898	-0.054822
0.9260275	3.72448	0.00563474	-0.054838
0.9306875	3.74313	0.00559084	-0.054852
0.9409275	3.7841	0.00549425	-0.054881
0.9465075	3.80642	0.00544167	-0.054897
0.9511675	3.82507	0.00539971	-0.05491
0.9567475	3.84739	0.00534908	-0.054925
0.9614075	3.86603	0.00530825	-0.054938
0.9669875	3.88836	0.005259	-0.054953
0.9716475	3.907	0.00521927	-0.054966
0.9772275	3.92933	0.00517133	-0.054981
0.9818875	3.94797	0.00513264	-0.054994
0.9874675	3.9703	0.00508598	-0.055009
0.9921275	3.98894	0.00504831	-0.055021
0.9977075	4.01126	0.0050024	-0.055036
1.0126075	4.07088	0.00488658	-0.055075
1.0181875	4.0932	0.00484303	-0.05509
1.0228475	4.11185	0.00480854	-0.055102
1.0330875	4.15281	0.0047326	-0.055128
1.0386675	4.17514	0.00469123	-0.055142
1.0433275	4.19378	0.00465844	-0.055154
1.0535675	4.23475	0.00458624	-0.055179
1.0591475	4.25707	0.00454691	-0.055193
1.0638075	4.27572	0.00451571	-0.055204
1.0796275	4.33901	0.00440929	-0.055243
1.0842875	4.35765	0.00437987	-0.055254
1.0945275	4.39862	0.00431443	-0.055279
1.1001075	4.42094	0.00427878	-0.055292
1.1047675	4.43959	0.00425044	-0.055303
1.1150075	4.48055	0.00418807	-0.055327
1.1205875	4.50288	0.00415407	-0.05534
1.1252475	4.52152	0.00412704	-0.05535
1.1354875	4.56249	0.00406752	-0.055373
1.1410675	4.58481	0.00403479	-0.055386
1.1559675	4.64442	0.00395243	-0.055419
1.1615475	4.66675	0.00392118	-0.055431
1.1764475	4.72636	0.00384246	-0.055464
1.1820275	4.74868	0.0038126	-0.055476
1.1969275	4.80829	0.00373731	-0.055509
1.2025075	4.83061	0.00370875	-0.055521
1.2174075	4.89023	0.00363668	-0.055552
1.2229875	4.91255	0.00360934	-0.055563
1.2378875	4.97216	0.00354031	-0.055594
1.2434675	4.99448	0.00351412	-0.055605
1.2583675	5.05409	0.00344796	-0.055636
1.2639475	5.07641	0.00342286	-0.055647
1.2788475	5.13602	0.00335939	-0.055676
1.2844275	5.15835	0.00333531	-0.055687
1.2993275	5.21796	0.0032744	-0.055716
1.3049075	5.24028	0.00325129	-0.055727
1.3198075	5.29989	0.00319279	-0.055756
1.3253875	5.32221	0.0031706	-0.055766
1.3402875	5.38182	0.00311437	-0.055794
1.3458675	5.40414	0.00309305	-0.055804
1.3607675	5.46375	0.00303899	-0.055832
1.3663475	5.48608	0.00301849	-0.055842
1.3812475	5.54568	0.00296646	-0.055869
1.3868275	5.56801	0.00294674	-0.055879
1.4017275	5.62762	0.00289666	-0.055905
1.4073075	5.64994	0.00287768	-0.055915
1.4222075	5.70955	0.00282945	-0.055941
1.4277875	5.73187	0.00281116	-0.055951
1.4426875	5.79148	0.00276467	-0.055976
1.4482675	5.8138	0.00274705	-0.055986
1.4631675	5.87341	0.00270223	-0.056011
1.4687475	5.89573	0.00268524	-0.05602
1.4836475	5.95534	0.00264201	-0.056045
1.4892275	5.97766	0.00262562	-0.056054
1.5041275	6.03727	0.00258389	-0.056079
1.5097075	6.05959	0.00256808	-0.056088
1.5246075	6.1192	0.00252778	-0.056112
1.5301875	6.14152	0.00251251	-0.056121
1.5450875	6.20113	0.00247358	-0.056144
1.5506675	6.22345	0.00245883	-0.056153
1.5655675	6.28306	0.00242121	-0.056176
1.5711475	6.30538	0.00240696	-0.056184
1.5860475	6.36499	0.00237058	-0.056207
1.5916275	6.38731	0.00235679	-0.056215
1.6065275	6.44692	0.0023216	-0.056238
1.6121075	6.46924	0.00230827	-0.056246
1.6270075	6.52885	0.00227423	-0.056268
1.6325875	6.55117	0.00226133	-0.056276
1.6474875	6.61078	0.00222883	-0.056298
1.6679675	6.69271	0.00218411	-0.056328
1.6735475	6.71503	0.00217185	-0.056336
1.6884475	6.77463	0.00214092	-0.056357
1.6940275	6.79696	0.0021292	-0.056365
1.7089275	6.85656	0.00209922	-0.056385
1.7145075	6.87889	0.00208787	-0.056393
1.7294075	6.93849	0.0020588	-0.056414
1.7349875	6.96082	0.00204779	-0.056421
1.7498875	7.02042	0.0020196	-0.056441
1.7554675	7.04274	0.00200893	-0.056449
1.7703675	7.10235	0.00198156	-0.056469
1.7759475	7.12467	0.00197121	-0.056476
1.7908475	7.18428	0.00194501	-0.056496
1.8113275	7.26621	0.00190895	-0.056523
1.8169075	7.28853	0.00189907	-0.05653
1.8318075	7.34814	0.00187402	-0.056549
1.8373875	7.37046	0.00186455	-0.056556
1.8522875	7.43006	0.00184023	-0.056575
1.8578675	7.45239	0.00183102	-0.056582
1.8727675	7.51199	0.00180738	-0.0566
1.8783475	7.53431	0.00179843	-0.056607
1.8932475	7.59392	0.00177545	-0.056626
1.8988275	7.61624	0.00176666	-0.056633
1.9193075	7.69817	0.00173569	-0.056657
1.9342075	7.75778	0.00171448	-0.056675
1.9546875	7.8397	0.00168494	-0.056699
1.9602675	7.86203	0.00167683	-0.056706
1.9751675	7.92163	0.0016565	-0.056723
1.9956475	8.00356	0.00162851	-0.056747
2.0012275	8.02588	0.00162083	-0.056753
2.0161275	8.08548	0.00160156	-0.05677
2.0366075	8.16741	0.00157502	-0.056793
2.0421875	8.18973	0.00156766	-0.056799
2.0775675	8.33127	0.00152424	-0.056838
2.0831475	8.35359	0.00151734	-0.056844
2.0980475	8.41319	0.00149996	-0.056861
2.1185275	8.49512	0.00147601	-0.056883
2.1241075	8.51744	0.00146945	-0.056889
2.1390075	8.57705	0.00145292	-0.056904
2.1594875	8.65897	0.00143014	-0.056926
2.1650675	8.6813	0.0014239	-0.056932
2.1799675	8.7409	0.00140817	-0.056947
2.2060275	8.84515	0.00138039	-0.056973
2.2209275	8.90475	0.00136555	-0.056988
2.2469875	9.009	0.00133909	-0.057014
2.2618875	9.0686	0.00132494	-0.057029
2.2879475	9.17285	0.0012997	-0.057054
2.3028475	9.23246	0.00128619	-0.057069
2.3289075	9.3367	0.00126211	-0.057094
2.3438075	9.39631	0.0012492	-0.057108
2.3698675	9.50056	0.0012262	-0.057132
2.3847675	9.56016	0.00121386	-0.057146
2.4108275	9.66441	0.00119188	-0.05717
2.4257275	9.72401	0.00118007	-0.057183
2.4517875	9.82826	0.00115904	-0.057206
2.4666875	9.88786	0.00114773	-0.057219
2.4927475	9.99211	0.0011276	-0.057242
2.5076475	10.0517	0.00111677	-0.057255
2.5337075	10.156	0.00109749	-0.057277
2.5486075	10.2156	0.0010871	-0.05729
2.5746675	10.3198	0.00106861	-0.057312
2.5895675	10.3794	0.00105865	-0.057325
2.6156275	10.4837	0.00104092	-0.057346
2.6305275	10.5433	0.00103135	-0.057358
2.6565875	10.6475	0.00101434	-0.057379
2.6714875	10.7071	0.00100515	-0.057391
2.6975475	10.8114	0.000988797	-0.057412
2.7124475	10.871	0.000979964	-0.057424
2.7385075	10.9752	0.000964257	-0.057444
2.7534075	11.0348	0.000955762	-0.057455
2.7794675	11.1391	0.000940659	-0.057475
2.7943675	11.1987	0.000932485	-0.057486
2.8204275	11.3029	0.000917954	-0.057506
2.8353275	11.3625	0.000910084	-0.057517
2.8613875	11.4668	0.000896097	-0.057536
2.8762875	11.5264	0.000888516	-0.057547
2.9023475	11.6306	0.000875044	-0.057565
2.9172475	11.6902	0.000867737	-0.057576
2.9433075	11.7945	0.000854755	-0.057594
2.9582075	11.8541	0.00084771	-0.057605
2.9842675	11.9583	0.000835195	-0.057623
2.9991675	12.0179	0.000828398	-0.057634
3.0252275	12.1222	0.000816325	-0.057652
3.0401275	12.1818	0.000809765	-0.057662
3.0661875	12.286	0.000798114	-0.057679
3.0810875	12.3456	0.000791894	-0.057689
3.1220475	12.5095	0.000774605	-0.057716
3.1481075	12.6137	0.000763546	-0.057733
3.1630075	12.6733	0.000757631	-0.057743
3.1890675	12.7776	0.000747132	-0.05776
3.2039675	12.8372	0.000741413	-0.057769
3.2300275	12.9414	0.000731263	-0.057786
3.2449275	13.001	0.000725731	-0.057795
3.2709875	13.1052	0.000715914	-0.057811
3.2858875	13.1648	0.000710561	-0.05782
3.3119475	13.2691	0.000701063	-0.057836
3.3268475	13.3287	0.00069588	-0.057845
3.3529075	13.4329	0.000686686	-0.057861
3.3678075	13.4925	0.000681752	-0.05787
3.4087675	13.6564	0.000668046	-0.057894
3.4348275	13.7606	0.000659279	-0.057909
3.4497275	13.8202	0.000654645	-0.057918
3.4906875	13.9841	0.000641774	-0.057941
3.5167475	14.0883	0.000633541	-0.057956
3.5316475	14.1479	0.000629182	-0.057964
3.5726075	14.3118	0.000617078	-0.057987
3.5986675	14.416	0.000609244	-0.058001
3.6545275	14.6395	0.000593832	-0.058031
3.6805875	14.7437	0.000586541	-0.058045
3.6954875	14.8033	0.000582669	-0.058053
3.7364475	14.9672	0.000571921	-0.058075
3.7625075	15.0714	0.000565047	-0.058088
3.7774075	15.131	0.000561391	-0.058096
3.8183675	15.2949	0.000551244	-0.058117
3.8444275	15.3991	0.000544754	-0.05813
3.8593275	15.4587	0.000541298	-0.058137
3.9263475	15.7268	0.000525533	-0.058171
3.9412475	15.7864	0.000522301	-0.058178
3.9822075	15.9502	0.000513225	-0.058197
4.0082675	16.0545	0.00050742	-0.05821
4.0231675	16.1141	0.000504321	-0.058217
4.0641275	16.2779	0.000495723	-0.058236
4.0901875	16.3822	0.000490224	-0.058248
4.1050875	16.4418	0.000487285	-0.058255
4.1460475	16.6056	0.000479131	-0.058274
4.1721075	16.7099	0.000473863	-0.058286
4.2279675	16.9333	0.000463385	-0.058311
4.2540275	17.0376	0.000458384	-0.058322
4.3098875	17.261	0.000448428	-0.058347
4.3359475	17.3653	0.000443677	-0.058358
4.3918075	17.5887	0.000434206	-0.058382
4.4178675	17.6929	0.000429689	-0.058393
4.4737275	17.9164	0.000420672	-0.058416
4.4997875	18.0206	0.000416373	-0.058426
4.5556475	18.2441	0.000407779	-0.058449
4.5817075	18.3483	0.000403684	-0.058459
4.6375675	18.5718	0.000395489	-0.058482
4.6636275	18.676	0.000391584	-0.058492
4.7194875	18.8995	0.000383762	-0.058514
4.7455475	19.0037	0.000380037	-0.058524
4.8014075	19.2271	0.000372566	-0.058545
4.8274675	19.3314	0.000369007	-0.058555
4.8833275	19.5548	0.000361865	-0.058575
4.9093875	19.6591	0.000358465	-0.058585
4.9652475	19.8825	0.000351634	-0.058605
4.9913075	19.9868	0.000348382	-0.058614
5.0471675	20.2102	0.000341841	-0.058634
5.0732275	20.3145	0.000338729	-0.058643
5.1290875	20.5379	0.000332464	-0.058663
5.1551475	20.6421	0.000329484	-0.058672
5.2110075	20.8656	0.000323478	-0.058691
5.2370675	20.9698	0.000320622	-0.0587
5.2929275	21.1933	0.000314861	-0.058718
5.3189875	21.2975	0.000312122	-0.058727
5.3748475	21.521	0.000306593	-0.058745
5.4009075	21.6252	0.000303965	-0.058753
5.4567675	21.8487	0.000298655	-0.058771
5.4828275	21.9529	0.000296132	-0.058779
5.5386875	22.1763	0.00029103	-0.058797
5.5647475	22.2806	0.000288606	-0.058805
5.6206075	22.504	0.000283701	-0.058822
5.6466675	22.6083	0.00028137	-0.05883
5.7025275	22.8317	0.000276754	-0.058847
5.7844475	23.1594	0.000269914	-0.058872
5.8105075	23.2637	0.000267711	-0.058879
5.8663675	23.4871	0.000263337	-0.058895
5.8924275	23.5913	0.000261261	-0.058903
5.9482875	23.8148	0.000257046	-0.058919
5.9743475	23.919	0.000255046	-0.058926
6.0302075	24.1425	0.000250984	-0.058942
6.0562675	24.2467	0.000249056	-0.058949
6.1121275	24.4702	0.000245138	-0.058965
6.1381875	24.5744	0.000243279	-0.058972
6.1940475	24.7978	0.000239499	-0.058987
6.2201075	24.9021	0.000237706	-0.058994
6.2759675	25.1255	0.000234129	-0.059008
6.3578875	25.4532	0.000228835	-0.05903
6.3839475	25.5575	0.000227131	-0.059037
6.4398075	25.7809	0.000223793	-0.059051
6.5217275	26.1086	0.000218851	-0.059072
6.5477875	26.2128	0.000217261	-0.059078
6.6036475	26.4363	0.00021414	-0.059092
6.6855675	26.764	0.00020952	-0.059112
6.7116275	26.8682	0.000208015	-0.059118
6.8494075	27.4193	0.000200785	-0.059152
6.8754675	27.5236	0.000199393	-0.059158
6.9313275	27.747	0.000196652	-0.059171
7.0132475	28.0747	0.000192596	-0.059189
7.0393075	28.1789	0.000191291	-0.059195
7.0951675	28.4024	0.000188716	-0.059208
7.1770875	28.7301	0.000184906	-0.059226
7.2031475	28.8343	0.000183681	-0.059232
7.2590075	29.0578	0.00018126	-0.059244
7.3669875	29.4897	0.000176497	-0.059267
7.4228475	29.7131	0.000174245	-0.059279
7.5047675	30.0408	0.000170872	-0.059296
7.5308275	30.1451	0.000169788	-0.059301
7.5866875	30.3685	0.000167637	-0.059313
7.6686075	30.6962	0.000164456	-0.05933
7.6946675	30.8004	0.000163434	-0.059335
7.7505275	31.0239	0.000161404	-0.059347
7.8324475	31.3516	0.000158401	-0.059363
7.8585075	31.4558	0.000157426	-0.059368
7.9962875	32.0069	0.00015268	-0.059394
8.0223475	32.1112	0.000151758	-0.059399
8.1601275	32.6623	0.000147268	-0.059425
8.1861875	32.7665	0.000146396	-0.05943
8.3239675	33.3177	0.000142143	-0.059455
8.3500275	33.4219	0.000141318	-0.05946
8.4878075	33.973	0.000137285	-0.059485
8.5138675	34.0773	0.000136503	-0.059489
8.6516475	34.6284	0.000132675	-0.059513
8.6777075	34.7326	0.000131933	-0.059517
8.8154875	35.2838	0.000128297	-0.059541
8.8415475	35.388	0.000127592	-0.059545
8.9793275	35.9391	0.000124134	-0.059568
9.0053875	36.0434	0.000123465	-0.059572
9.1431675	36.5945	0.000120173	-0.059594
9.1692275	36.6987	0.000119536	-0.059598
9.3070075	37.2499	0.000116402	-0.05962
9.3330675	37.3541	0.000115796	-0.059624
9.4708475	37.9052	0.000112808	-0.059645
9.4969075	38.0095	0.00011223	-0.059649
9.6346875	38.5606	0.000109379	-0.05967
9.6607475	38.6648	0.000108827	-0.059674
9.7985275	39.216	0.000106105	-0.059694
9.8245875	39.3202	0.000105579	-0.059698
9.9623675	39.8713	0.000102978	-0.059717
9.9884275	39.9756	0.000102476	-0.059721
10.1262075	40.5267	9.99889e-05	-0.059741
10.1522675	40.6309	9.95086e-05	-0.059744
10.2900475	41.1821	9.71292e-05	-0.059763
10.3161075	41.2863	9.66696e-05	-0.059766
10.4538875	41.8374	9.44498e-05	-0.059785
10.6177275	42.4928	9.17795e-05	-0.059806
10.6437875	42.597	9.13475e-05	-0.059809
10.7815675	43.1482	8.92549e-05	-0.059827
10.8076275	43.2524	8.88511e-05	-0.05983
10.9454075	43.8035	8.68437e-05	-0.059848
10.9714675	43.9078	8.64564e-05	-0.059851
11.1092475	44.4589	8.45296e-05	-0.059868
11.1353075	44.5631	8.4158e-05	-0.059871
11.2730875	45.1143	8.23075e-05	-0.059888
11.2991475	45.2185	8.19506e-05	-0.059891
11.4369275	45.7696	8.01724e-05	-0.059908
11.4629875	45.8739	7.98296e-05	-0.059911
11.6007675	46.425	7.81599e-05	-0.059927
11.7646075	47.0804	7.6153e-05	-0.059945
11.7906675	47.1846	7.58287e-05	-0.059948
11.9284475	47.7357	7.42818e-05	-0.059964
12.0922875	48.3911	7.24232e-05	-0.059981
12.1183475	48.4953	7.2123e-05	-0.059984
12.2561275	49.0465	7.06871e-05	-0.059999
12.4199675	49.7018	6.8962e-05	-0.060016
12.4460275	49.8061	6.86798e-05	-0.060019
12.7476475	51.0125	6.5744e-05	-0.06005
12.7737075	51.1168	6.54851e-05	-0.060053
12.9114875	51.6679	6.42411e-05	-0.060066
13.0753275	52.3233	6.2747e-05	-0.060082
13.1013875	52.4275	6.25059e-05	-0.060085
13.2391675	52.9786	6.13449e-05	-0.060098
13.4030075	53.634	5.99509e-05	-0.060114
13.4290675	53.7382	5.97259e-05	-0.060116
13.5668475	54.2894	5.86408e-05	-0.060129
13.7567475	55.049	5.71142e-05	-0.060146
13.8945275	55.6001	5.61119e-05	-0.060159
14.0844275	56.3597	5.46835e-05	-0.060176
14.2222075	56.9108	5.37434e-05	-0.060188
14.4121075	57.6704	5.24046e-05	-0.060204
14.5498875	58.2216	5.15217e-05	-0.060216
14.7397875	58.9812	5.02654e-05	-0.060232
14.8775675	59.5323	4.94352e-05	-0.060243
15.0674675	60.2919	4.82545e-05	-0.060258
15.2052475	60.843	4.74727e-05	-0.060269
15.3951475	61.6026	4.63617e-05	-0.060284
15.5329275	62.1537	4.56248e-05	-0.060295
15.7228275	62.9133	4.4578e-05	-0.060309
15.8606075	63.4645	4.38825e-05	-0.060319
16.0505075	64.2241	4.28951e-05	-0.060333
16.1882875	64.7752	4.22379e-05	-0.060343
16.3781875	65.5348	4.13054e-05	-0.060357
16.5159675	66.0859	4.06838e-05	-0.060367
16.7058675	66.8455	3.98023e-05	-0.06038
16.8436475	67.3966	3.92137e-05	-0.060389
17.0335475	68.1562	3.83795e-05	-0.060402
17.1713275	68.7074	3.78215e-05	-0.060411
17.3612275	69.467	3.70313e-05	-0.060424
17.4990075	70.0181	3.6502e-05	-0.060433
17.6889075	70.7777	3.57525e-05	-0.060445
17.8266875	71.3288	3.52499e-05	-0.060454
18.0165875	72.0884	3.45387e-05	-0.060466
18.1543675	72.6395	3.40609e-05	-0.060474
18.3442675	73.3991	3.33851e-05	-0.060486
18.4820475	73.9503	3.29307e-05	-0.060494
18.6719475	74.7099	3.22882e-05	-0.060505
18.8097275	75.261	3.18555e-05	-0.060513
18.9996275	76.0206	3.1244e-05	-0.060524
19.1374075	76.5717	3.08318e-05	-0.060532
19.3273075	77.3313	3.02494e-05	-0.060543
19.4650875	77.8824	2.98563e-05	-0.060551
19.6549875	78.642	2.93012e-05	-0.060561
19.7927675	79.1932	2.89372e-05	-0.060569
20.1204475	80.5039	2.80531e-05	-0.060586
20.3103475	81.2635	2.75327e-05	-0.060596
20.4481275	81.8146	2.71904e-05	-0.060603
20.6380275	82.5742	2.67075e-05	-0.060613
20.7758075	83.1253	2.63801e-05	-0.06062
20.9657075	83.8849	2.59185e-05	-0.06063
21.1034875	84.4361	2.56052e-05	-0.060637
21.2933875	85.1957	2.51635e-05	-0.060646
21.4311675	85.7468	2.48635e-05	-0.060653
21.6210675	86.5064	2.44408e-05	-0.060662
21.7588475	87.0575	2.41534e-05	-0.060668
21.9487475	87.8171	2.37424e-05	-0.060677
22.4142075	89.679	2.28304e-05	-0.060699
22.6041075	90.4386	2.24484e-05	-0.060707
22.7418875	90.9897	2.22013e-05	-0.060713
23.0695675	92.3004	2.16028e-05	-0.060728
23.2594675	93.06	2.1251e-05	-0.060736
23.3972475	93.6111	2.10229e-05	-0.060742
23.7249275	94.9219	2.04704e-05	-0.060756
23.9148275	95.6815	2.01459e-05	-0.060764
24.0526075	96.2326	1.99348e-05	-0.060769
24.5701875	98.3029	1.91209e-05	-0.06079
24.7079675	98.854	1.8928e-05	-0.060796
25.2255475	100.924	1.81739e-05	-0.060816
25.3633275	101.475	1.79947e-05	-0.060821
25.8809075	103.546	1.72946e-05	-0.060841
26.0186875	104.097	1.71278e-05	-0.060846
26.5362675	106.167	1.64768e-05	-0.060864
26.6740475	106.718	1.63213e-05	-0.060869
27.1916275	108.789	1.57148e-05	-0.060887
27.3294075	109.34	1.55696e-05	-0.060892
27.8469875	111.41	1.50037e-05	-0.060909
27.9847675	111.961	1.48679e-05	-0.060914
28.5023475	114.032	1.4339e-05	-0.060931
28.6401275	114.583	1.42118e-05	-0.060935
29.1577075	116.653	1.37168e-05	-0.060952
29.2954875	117.204	1.35975e-05	-0.060956
29.8130675	119.274	1.31336e-05	-0.060971
29.9508475	119.826	1.30215e-05	-0.060975
30.4684275	121.896	1.25862e-05	-0.060991
30.6062075	122.447	1.24808e-05	-0.060995
31.1237875	124.517	1.20717e-05	-0.061009
31.2615675	125.068	1.19724e-05	-0.061013
31.7791475	127.139	1.15875e-05	-0.061027
31.9169275	127.69	1.14939e-05	-0.061031
32.4345075	129.76	1.11313e-05	-0.061045
32.5722875	130.311	1.10431e-05	-0.061049
33.0898675	132.382	1.07011e-05	-0.061062
33.2276475	132.933	1.06177e-05	-0.061066
33.7452275	135.003	1.02948e-05	-0.061079
33.8830075	135.554	1.02159e-05	-0.061082
34.4005875	137.625	9.91076e-06	-0.061095
34.5383675	138.176	9.83876e-06	-0.061098
35.1937275	140.797	9.48633e-06	-0.061114
35.7113075	142.867	9.20316e-06	-0.061126
35.8490875	143.419	9.13604e-06	-0.061129
36.3666675	145.489	8.87684e-06	-0.061141
36.5044475	146.04	8.81313e-06	-0.061144
37.0220275	148.11	8.5672e-06	-0.061155
37.1598075	148.661	8.50666e-06	-0.061158
37.6773875	150.732	8.27311e-06	-0.061169
37.8151675	151.283	8.21555e-06	-0.061172
38.3327475	153.353	7.99357e-06	-0.061183
38.4705275	153.904	7.93879e-06	-0.061186
38.9881075	155.975	7.72763e-06	-0.061196
39.1258875	156.526	7.67713e-06	-0.061199
39.7812475	159.147	7.43081e-06	-0.061212
40.2988275	161.218	7.23319e-06	-0.061222
40.4366075	161.769	7.18723e-06	-0.061225
41.6095475	166.46	6.7829e-06	-0.061247
41.7473275	167.012	6.7417e-06	-0.06125
42.4026875	169.633	6.53747e-06	-0.061261
42.9202675	171.703	6.37375e-06	-0.06127
43.0580475	172.254	6.33537e-06	-0.061273
43.7134075	174.876	6.14864e-06	-0.061284
44.2309875	176.946	5.99901e-06	-0.061293
44.3687675	177.497	5.96381e-06	-0.061295
45.0241275	180.119	5.79265e-06	-0.061306
45.5417075	182.189	5.65365e-06	-0.061314
46.3348475	185.362	5.46594e-06	-0.061327
46.8524275	187.432	5.33831e-06	-0.061335
47.6455675	190.605	5.16539e-06	-0.061347
48.1631475	192.675	5.04795e-06	-0.061355
48.9562875	195.847	4.88831e-06	-0.061366
49.4738675	197.918	4.78001e-06	-0.061374
50.2670075	201.09	4.63233e-06	-0.061385
50.7845875	203.161	4.53225e-06	-0.061392
51.5777275	206.333	4.39539e-06	-0.061402
52.0953075	208.404	4.30273e-06	-0.061409
52.8884475	211.576	4.17567e-06	-0.061419
53.4060275	213.646	4.08971e-06	-0.061426
54.1991675	216.819	3.97155e-06	-0.061436
54.7167475	218.889	3.89167e-06	-0.061442
55.5098875	222.062	3.78159e-06	-0.061451
56.0274675	224.132	3.70724e-06	-0.061457
56.8206075	227.305	3.60454e-06	-0.061467
57.3381875	229.375	3.53522e-06	-0.061473
58.1313275	232.548	3.43925e-06	-0.061482
58.6489075	234.618	3.37453e-06	-0.061488
59.4420475	237.791	3.28472e-06	-0.061496
59.9596275	239.861	3.22421e-06	-0.061502
60.7527675	243.033	3.14006e-06	-0.06151
61.2703475	245.104	3.08339e-06	-0.061515
62.0634875	248.276	3.00444e-06	-0.061523
62.5810675	250.347	2.9513e-06	-0.061528
63.3742075	253.519	2.87713e-06	-0.061536
63.8917875	255.589	2.82725e-06	-0.061541
64.6849275	258.762	2.76024e-06	-0.061548
65.9956475	264.005	2.64664e-06	-0.06156
66.5132275	266.075	2.60077e-06	-0.061565
67.3063675	269.248	2.53885e-06	-0.061572
67.8239475	271.318	2.49727e-06	-0.061576
68.6170875	274.491	2.43882e-06	-0.061583
69.1346675	276.561	2.3996e-06	-0.061588
69.9278075	279.734	2.34439e-06	-0.061595
70.4453875	281.804	2.30671e-06	-0.061599
71.7561075	287.047	2.21919e-06	-0.06161
72.5492475	290.219	2.17073e-06	-0.061616
73.0668275	292.29	2.13761e-06	-0.06162
73.8599675	295.462	2.09242e-06	-0.061626
75.1706875	300.705	2.01606e-06	-0.061636
75.6882675	302.775	1.9853e-06	-0.06164
76.4814075	305.948	1.94457e-06	-0.061645
77.7921275	311.191	1.87582e-06	-0.061655
78.3097075	313.261	1.84815e-06	-0.061659
79.1028475	316.434	1.81133e-06	-0.061664
80.9311475	323.747	1.72365e-06	-0.061677
81.7242875	326.92	1.69085e-06	-0.061682
83.5525875	334.233	1.61142e-06	-0.061693
84.3457275	337.405	1.58157e-06	-0.061698
86.1740275	344.718	1.5094e-06	-0.061709
86.9671675	347.891	1.48217e-06	-0.061714
88.7954675	355.204	1.41641e-06	-0.061724
89.5886075	358.377	1.39151e-06	-0.061729
91.4169075	365.69	1.33144e-06	-0.061739
92.2100475	368.863	1.3086e-06	-0.061744
94.0383475	376.176	1.2536e-06	-0.061754
94.8314875	379.348	1.2326e-06	-0.061758
96.6597875	386.662	1.18212e-06	-0.061767
97.4529275	389.834	1.16279e-06	-0.061771
99.2812275	397.147	1.11635e-06	-0.06178
100.074368	400.32	1.0985e-06	-0.061784
101.902667	407.633	1.0557e-06	-0.061792
102.695808	410.806	1.0392e-06	-0.061796
104.524107	418.119	9.99652e-07	-0.061804
105.317248	421.291	9.84368e-07	-0.061808
107.145547	428.605	9.47771e-07	-0.061816
107.938688	431.777	9.34287e-07	-0.061819
110.560128	442.263	8.88029e-07	-0.06183
112.388427	449.576	8.54968e-07	-0.061837
113.181568	452.749	8.42694e-07	-0.06184
115.009867	460.062	8.13385e-07	-0.061848
115.803008	463.234	8.01939e-07	-0.061851
117.631307	470.548	7.74631e-07	-0.061857
118.424448	473.72	7.63943e-07	-0.06186
120.252747	481.033	7.38463e-07	-0.061867
121.045888	484.206	7.28469e-07	-0.06187
122.874187	491.519	7.04188e-07	-0.061876
125.495627	502.005	6.72828e-07	-0.061884
126.288768	505.177	6.64621e-07	-0.061887
128.910208	515.663	6.3597e-07	-0.061896
130.738507	522.976	6.15555e-07	-0.061902
131.531648	526.149	6.08129e-07	-0.061904
134.153088	536.635	5.82841e-07	-0.061912
135.981387	543.948	5.64836e-07	-0.061918
136.774528	547.121	5.58244e-07	-0.06192
139.395968	557.606	5.35823e-07	-0.061928
141.224267	564.919	5.19605e-07	-0.061933
144.638848	578.578	4.94031e-07	-0.061942
146.467147	585.891	4.79607e-07	-0.061947
149.881728	599.549	4.56732e-07	-0.061955
151.710027	606.863	4.43853e-07	-0.06196
155.124608	620.521	4.23315e-07	-0.061968
156.952907	627.834	4.11772e-07	-0.061972
160.367488	641.492	3.93272e-07	-0.06198
162.195787	648.806	3.82891e-07	-0.061984
165.610368	662.464	3.66172e-07	-0.061992
167.438667	669.777	3.56804e-07	-0.061996
170.853248	683.435	3.4165e-07	-0.062003
172.681547	690.749	3.3317e-07	-0.062006
176.096128	704.407	3.19395e-07	-0.062013
177.924427	711.72	3.11698e-07	-0.062016
181.339008	725.378	2.99144e-07	-0.062023
183.167307	732.692	2.92136e-07	-0.062026
186.581888	746.35	2.80665e-07	-0.062032
188.410187	753.663	2.74271e-07	-0.062035
191.824768	767.322	2.63766e-07	-0.062041
193.653067	774.635	2.57916e-07	-0.062044
197.067648	788.293	2.48804e-07	-0.06205
202.310528	809.265	2.34325e-07	-0.062058
204.138827	816.578	2.29128e-07	-0.062061
207.553408	830.236	2.20966e-07	-0.062066
209.381707	837.549	2.16334e-07	-0.062069
214.624587	858.521	2.04494e-07	-0.062076
218.039168	872.179	1.97695e-07	-0.062081
219.867467	879.492	1.93828e-07	-0.062083
223.282048	893.151	1.87341e-07	-0.062088
225.110347	900.464	1.83748e-07	-0.06209
228.524928	914.122	1.77745e-07	-0.062095
230.353227	921.435	1.74423e-07	-0.062097
233.767808	935.094	1.6909e-07	-0.062101
239.010688	956.065	1.60665e-07	-0.062108
240.838987	963.378	1.57652e-07	-0.06211
244.253568	977.037	1.5301e-07	-0.062114
251.324747	1005.32	1.42981e-07	-0.062121
254.739328	1018.98	1.3901e-07	-0.062125
261.810507	1047.26	1.30248e-07	-0.062132
265.225088	1060.92	1.26751e-07	-0.062136
272.296267	1089.21	1.19057e-07	-0.062143
275.710848	1102.87	1.15964e-07	-0.062146
282.782027	1131.15	1.09176e-07	-0.062152
286.196608	1144.81	1.06428e-07	-0.062155
293.267787	1173.09	1.00411e-07	-0.062161
296.682368	1186.75	9.79608e-08	-0.062164
303.753547	1215.04	9.26052e-08	-0.06217
307.168128	1228.69	9.04114e-08	-0.062173
314.239307	1256.98	8.56272e-08	-0.062178
317.653888	1270.64	8.36569e-08	-0.062181
324.725067	1298.92	7.93672e-08	-0.062186
328.139648	1312.58	7.75913e-08	-0.062188
335.210827	1340.87	7.37314e-08	-0.062193
338.625408	1354.52	7.22318e-08	-0.062195
349.111168	1396.47	6.73972e-08	-0.062202
356.182347	1424.75	6.39535e-08	-0.062206
366.668107	1466.69	5.98125e-08	-0.062212
370.082688	1480.35	5.86431e-08	-0.062214
377.153867	1508.64	5.60372e-08	-0.062218
380.568448	1522.3	5.49354e-08	-0.06222
387.639627	1550.58	5.25578e-08	-0.062224
391.054208	1564.24	5.15491e-08	-0.062226
398.125387	1592.52	4.93743e-08	-0.062229
401.539968	1606.18	4.84484e-08	-0.062231
408.611147	1634.47	4.64547e-08	-0.062234
412.025728	1648.13	4.56497e-08	-0.062236
422.511488	1690.07	4.30798e-08	-0.062241
429.582667	1718.35	4.12647e-08	-0.062244
443.483008	1773.95	3.8427e-08	-0.06225
450.554187	1802.24	3.68854e-08	-0.062253
464.454528	1857.84	3.44496e-08	-0.062259
471.525707	1886.13	3.31299e-08	-0.062262
485.426048	1941.73	3.10252e-08	-0.062267
492.497227	1970.01	2.9888e-08	-0.062269
506.397568	2025.61	2.80592e-08	-0.062274
513.468747	2053.9	2.70735e-08	-0.062276
527.369088	2109.5	2.54754e-08	-0.062281
534.440267	2137.78	2.4616e-08	-0.062283
548.340608	2193.38	2.32127e-08	-0.062287
555.411787	2221.67	2.24596e-08	-0.062289
569.312128	2277.27	2.13172e-08	-0.062293
590.283648	2361.16	1.9507e-08	-0.062299
597.354827	2389.44	1.8874e-08	-0.062301
611.255168	2445.04	1.78975e-08	-0.062304
618.326347	2473.33	1.73764e-08	-0.062306
632.226688	2528.93	1.65045e-08	-0.062309
639.297867	2557.21	1.60275e-08	-0.062311
660.269387	2641.1	1.48195e-08	-0.062315
674.169728	2696.7	1.41393e-08	-0.062318
681.240907	2724.99	1.37564e-08	-0.062319
702.212427	2808.87	1.27778e-08	-0.062323
716.112768	2864.47	1.22573e-08	-0.062326
744.155467	2976.64	1.1108e-08	-0.062331
758.055808	3032.25	1.06759e-08	-0.062334
786.098507	3144.42	9.727e-09	-0.062339
799.998848	3200.02	9.36492e-09	-0.062341
828.041547	3312.19	8.57368e-09	-0.062345
841.941888	3367.79	8.26791e-09	-0.062347
869.984587	3479.96	7.60247e-09	-0.06235
883.884928	3535.56	7.34202e-09	-0.062352
911.927627	3647.73	6.77764e-09	-0.062356
925.827968	3703.33	6.55439e-09	-0.062358
953.870667	3815.51	6.07207e-09	-0.062361
967.771008	3871.11	5.87941e-09	-0.062363
995.813707	3983.28	5.46459e-09	-0.062366
1009.71405	4038.88	5.5447e-09	-0.062367
