#beta	transition energy [Ry]	dipole strength	initial state energy [Ry]
1e-07	0.054236	0.00416035	-0.062501
3.75e-05	0.054327	0.00416035	-0.062574
0.0001025	0.054562	0.00416035	-0.062702
0.0001075	0.054584	0.00421998	-0.062712
0.0001125	0.054606	0.00428261	-0.062721
0.0001175	0.054629	0.00434826	-0.062731
0.0001225	0.054652	0.00441694	-0.06274
0.0001275	0.054676	0.0044887	-0.06275
0.0001325	0.054699	0.00456401	-0.062759
0.0001375	0.054724	0.00464245	-0.062769
0.0001425	0.05475	0.00472403	-0.062779
0.0001475	0.054775	0.0048088	-0.062788
0.0001525	0.054801	0.00489676	-0.062798
0.0001575	0.054827	0.00498796	-0.062807
0.0001625	0.054855	0.00508243	-0.062817
0.0001675	0.054881	0.00518032	-0.062826
0.0001725	0.05491	0.00528154	-0.062836
0.0001775	0.054937	0.00538614	-0.062845
0.0001825	0.054966	0.00549414	-0.062855
0.0001875	0.054994	0.00560558	-0.062864
0.0001925	0.055023	0.00572049	-0.062873
0.0001975	0.055053	0.00583891	-0.062883
0.0002025	0.055084	0.00596088	-0.062893
0.0002075	0.055114	0.00608645	-0.062902
0.0002125	0.055144	0.00621571	-0.062911
0.0002175	0.055176	0.00634863	-0.062921
0.0002225	0.055206	0.00648528	-0.06293
0.0002275	0.055238	0.00662569	-0.062939
0.0002375	0.055301	0.00691797	-0.062957
0.0002425	0.055334	0.00706994	-0.062967
0.0002475	0.055367	0.00722585	-0.062976
0.0002525	0.0554	0.00738581	-0.062985
0.0002575	0.055433	0.00754981	-0.062994
0.0002625	0.055466	0.00771792	-0.063003
0.0002725	0.055535	0.00806667	-0.063022
0.0002775	0.055569	0.00824742	-0.063031
0.0002825	0.055604	0.0084325	-0.06304
0.0002875	0.055638	0.00862197	-0.063049
0.0002925	0.055673	0.00881597	-0.063058
0.0002975	0.055708	0.0090145	-0.063067
0.0003075	0.05578	0.00942529	-0.063085
0.0003175	0.055853	0.0098553	-0.063104
0.0003275	0.055926	0.010305	-0.063122
0.0003375	0.056	0.0107755	-0.06314
0.0003475	0.056074	0.0112674	-0.063158
0.0003575	0.056149	0.0117819	-0.063175
0.0003675	0.056225	0.0123203	-0.063193
0.0003775	0.056302	0.0128844	-0.063211
0.0003875	0.056378	0.0134759	-0.063228
0.0003975	0.056457	0.0140975	-0.063246
0.0004075	0.056536	0.0147521	-0.063264
0.0004175	0.056614	0.0154448	-0.063281
0.0004275	0.056694	0.0161804	-0.063299
0.0004375	0.056774	0.0169672	-0.063316
0.0004475	0.056854	0.0178158	-0.063333
0.0004575	0.056934	0.0187427	-0.06335
0.0004675	0.057015	0.0197708	-0.063367
0.0004775	0.057098	0.0209357	-0.063385
0.0004875	0.05718	0.0222947	-0.063402
0.0004975	0.057262	0.0239444	-0.063419
0.0005075	0.057344	0.0260535	-0.063436
0.0005175	0.057426	0.0289441	-0.063452
0.0005275	0.057509	0.0332858	-0.063469
0.0005375	0.057593	0.0406301	-0.063486
0.0005425	0.057635	0.0464868	-0.063494
0.0005475	0.057679	0.0549118	-0.063503
0.00055	0.057701	0.0604865	-0.063507
0.0005525	0.057723	0.0672045	-0.063511
0.000555	0.057745	0.0751708	-0.063515
0.0005575	0.057769	0.0843636	-0.063519
0.00056	0.057793	0.0944054	-0.063523
0.0005625	0.057819	0.104541	-0.063528
0.00056375	0.057832	0.109322	-0.06353
0.000565	0.057845	0.113737	-0.063532
0.00056625	0.057859	0.117676	-0.063534
0.0005675	0.057872	0.121061	-0.063536
0.00056875	0.057886	0.12385	-0.063538
0.00057125	0.057915	0.127633	-0.063542
0.00057375	0.057944	0.129242	-0.063546
0.00057625	0.057974	0.129068	-0.06355
0.00057875	0.058004	0.127477	-0.063554
0.00058375	0.058066	0.120949	-0.063562
0.00059375	0.058189	0.0941994	-0.063579
0.00059625	0.058218	0.0835354	-0.063583
0.00059875	0.058247	0.070893	-0.063587
0.00060125	0.058275	0.0565945	-0.063591
0.0006025	0.058289	0.0491254	-0.063593
0.00060375	0.058302	0.0417023	-0.063595
0.000605	0.058315	0.034556	-0.063597
0.0006075	0.05834	0.0219467	-0.063601
0.00060875	0.058352	0.0167822	-0.063603
0.00061	0.058364	0.0124591	-0.063605
0.00061125	0.058376	0.00895451	-0.063607
0.0006125	0.058387	0.00619948	-0.063609
0.00061375	0.058398	0.00409912	-0.063611
0.000615	0.058409	0.00255028	-0.063613
0.0006175	0.05843	0.000719914	-0.063617
0.0006225	0.058473	8.63151e-05	-0.063625
0.0006275	0.058515	0.00121326	-0.063634
0.0006325	0.058556	0.00287685	-0.063642
0.0006375	0.058598	0.00463106	-0.06365
0.0006475	0.058682	0.00788854	-0.063666
0.0006525	0.058724	0.00933081	-0.063674
0.0006575	0.058767	0.0106499	-0.063682
0.0006625	0.05881	0.0118555	-0.06369
0.0006675	0.058853	0.0129586	-0.063698
0.0006725	0.058896	0.0139696	-0.063705
0.0006825	0.058984	0.0157525	-0.063721
0.0006875	0.059028	0.0165101	-0.063729
0.0006925	0.059072	0.0172685	-0.063737
0.0007025	0.059162	0.0185658	-0.063753
0.0007125	0.059252	0.0196799	-0.063768
0.0007225	0.059343	0.0206368	-0.063784
0.0007275	0.059389	0.0210454	-0.063792
0.0007325	0.059435	0.0214548	-0.0638
0.0007425	0.059527	0.0221461	-0.063815
0.0007525	0.05962	0.0227175	-0.063831
0.0007625	0.059712	0.0231714	-0.063846
0.0007675	0.059759	0.0233384	-0.063854
0.0007725	0.059805	0.0235061	-0.063862
0.0007925	0.059992	0.0237825	-0.063892
0.0008075	0.060132	0.0234942	-0.063914
0.0008125	0.060179	0.0233989	-0.063922
0.0008325	0.060365	0.0219861	-0.063952
0.0008425	0.060458	0.0206445	-0.063967
0.0008475	0.060504	0.0196356	-0.063974
0.0008525	0.06055	0.0186268	-0.063981
0.0008575	0.060596	0.0172751	-0.063989
0.0008625	0.060641	0.0156412	-0.063996
0.0008675	0.060686	0.0136955	-0.064004
0.0008725	0.060729	0.0114401	-0.064011
0.0008775	0.060772	0.00894316	-0.064018
0.00088	0.060793	0.00765154	-0.064022
0.0008825	0.060815	0.00636946	-0.064026
0.000885	0.060834	0.00513173	-0.064029
0.0008875	0.060855	0.00403241	-0.064033
0.00089	0.060875	0.00293253	-0.064037
0.0008925	0.060894	0.00203264	-0.06404
0.000895	0.060913	0.00129412	-0.064044
0.0008975	0.060933	0.000725852	-0.064048
0.0009	0.060951	0.000327252	-0.064051
0.0009025	0.06097	9.01969e-05	-0.064055
0.0009075	0.061006	4.52921e-05	-0.064062
0.0009125	0.061041	0.000465364	-0.064069
0.0009175	0.061076	0.00123231	-0.064076
0.0009225	0.061112	0.00225684	-0.064084
0.0009275	0.061147	0.00356021	-0.064091
0.0009325	0.061181	0.00486321	-0.064098
0.0009425	0.061251	0.00804345	-0.064112
0.0009525	0.061323	0.0117313	-0.064127
0.0009575	0.061358	0.0137626	-0.064134
0.0009625	0.061395	0.0159191	-0.064141
0.0009675	0.061431	0.0181998	-0.064148
0.0009725	0.061468	0.020602	-0.064155
0.0009775	0.061506	0.023121	-0.064162
0.0009825	0.061544	0.0257493	-0.064169
0.0009875	0.061582	0.0284771	-0.064176
0.0009925	0.061621	0.0312914	-0.064183
0.0009975	0.061661	0.0341772	-0.06419
0.0010025	0.061701	0.0371169	-0.064197
0.0010075	0.061741	0.0400913	-0.064204
0.0010125	0.061782	0.0430802	-0.064211
0.0010175	0.061824	0.0460615	-0.064218
0.0010225	0.061866	0.0490135	-0.064225
0.0010275	0.061907	0.0519143	-0.064231
0.0010325	0.06195	0.0547425	-0.064238
0.0010375	0.061994	0.0574772	-0.064245
0.0010425	0.062037	0.0600985	-0.064252
0.0010475	0.062082	0.0625871	-0.064259
0.0010525	0.062126	0.0649257	-0.064266
0.0010575	0.06217	0.0670956	-0.064272
0.0010675	0.06226	0.0708601	-0.064286
0.0010775	0.06235	0.0737442	-0.064299
0.0010875	0.062442	0.0756109	-0.064313
0.0010975	0.062532	0.0763269	-0.064326
0.0011075	0.062622	0.0757637	-0.064339
0.0011175	0.062712	0.0738301	-0.064353
0.0011225	0.062755	0.0723396	-0.064359
0.0011275	0.062799	0.0705076	-0.064366
0.0011325	0.062842	0.0683521	-0.064373
0.0011375	0.062884	0.0658969	-0.064379
0.0011425	0.062927	0.063177	-0.064386
0.0011475	0.062968	0.0602358	-0.064392
0.0011525	0.063009	0.0571238	-0.064399
0.0011575	0.063048	0.0538956	-0.064405
0.0011625	0.063087	0.0506071	-0.064411
0.0011675	0.063126	0.0473127	-0.064418
0.0011725	0.063164	0.0440632	-0.064424
0.0011775	0.063201	0.0409	-0.064431
0.0011825	0.063238	0.0378577	-0.064437
0.0011875	0.063274	0.0349625	-0.064444
0.0011925	0.06331	0.0322321	-0.06445
0.0011975	0.063344	0.0296766	-0.064456
0.0012025	0.063379	0.0273001	-0.064463
0.0012075	0.063413	0.0251014	-0.064469
0.0012125	0.063447	0.0230762	-0.064475
0.0012175	0.06348	0.0212161	-0.064481
0.0012225	0.063514	0.0195115	-0.064488
0.0012325	0.063578	0.0165271	-0.0645
0.0012425	0.063643	0.0140374	-0.064513
0.0012475	0.063675	0.0130005	-0.064519
0.0012525	0.063706	0.0119623	-0.064525
0.0012625	0.06377	0.0102305	-0.064538
0.0012825	0.063895	0.00756572	-0.064563
0.0012875	0.063926	0.00716616	-0.064569
0.0013225	0.064144	0.00434429	-0.064611
0.0013275	0.064175	0.00408675	-0.064617
0.0013325	0.064206	0.0038287	-0.064623
0.0013425	0.064269	0.00339612	-0.064635
0.0013525	0.064332	0.00303511	-0.064647
0.0013625	0.064396	0.00273655	-0.064659
0.0013675	0.064428	0.00261503	-0.064665
0.0013725	0.06446	0.00249319	-0.064671
0.0013825	0.064525	0.00229897	-0.064683
0.0013925	0.06459	0.00214897	-0.064694
0.0014025	0.064656	0.00203949	-0.064706
0.0014075	0.064689	0.00200381	-0.064712
0.0014125	0.064723	0.0019679	-0.064718
0.0014225	0.064789	0.00193239	-0.064729
0.0014425	0.064925	0.0019665	-0.064751
0.0014475	0.064959	0.0020019	-0.064757
0.0014525	0.064994	0.00203709	-0.064763
0.0014625	0.065064	0.00214556	-0.064774
0.0014725	0.065134	0.00229475	-0.064785
0.0014825	0.065205	0.00248875	-0.064796
0.0014875	0.065241	0.00261097	-0.064802
0.0014925	0.065277	0.00273294	-0.064808
0.0015025	0.065349	0.00303408	-0.064819
0.0015125	0.06542	0.00340052	-0.064829
0.0015225	0.065493	0.00384248	-0.06484
0.0015275	0.06553	0.00410743	-0.064846
0.0015325	0.065565	0.00437208	-0.064851
0.0015525	0.065711	0.00575359	-0.064873
0.0015675	0.06582	0.00747914	-0.064889
0.0015925	0.066001	0.0103513	-0.064915
0.0016075	0.066109	0.0130537	-0.064931
0.0016125	0.066145	0.0139546	-0.064936
0.0016325	0.066289	0.0187125	-0.064957
0.0016475	0.066398	0.0232772	-0.064973
0.0016525	0.066434	0.0248005	-0.064978
0.0016725	0.066578	0.0322701	-0.064998
0.0016825	0.06665	0.0364759	-0.065008
0.0016875	0.066687	0.0387008	-0.065013
0.0016925	0.066723	0.0409284	-0.065018
0.0017025	0.066796	0.0455441	-0.065028
0.0017125	0.066869	0.0502105	-0.065038
0.0017225	0.066943	0.0547874	-0.065048
0.0017275	0.06698	0.0569475	-0.065053
0.0017325	0.067017	0.0591118	-0.065058
0.0017525	0.067166	0.066278	-0.065077
0.0017675	0.067277	0.0693123	-0.065091
0.0017725	0.067314	0.0703317	-0.065096
0.0017825	0.067387	0.0708416	-0.065105
0.0017925	0.06746	0.0702733	-0.065115
0.0018025	0.067531	0.0686629	-0.065124
0.0018075	0.067567	0.0674985	-0.065129
0.0018125	0.067603	0.0661211	-0.065134
0.0018175	0.067637	0.0645527	-0.065138
0.0018225	0.067672	0.0628183	-0.065143
0.0018275	0.067706	0.0609445	-0.065147
0.0018375	0.067775	0.0568867	-0.065157
0.0018425	0.067807	0.0547546	-0.065161
0.0018475	0.067841	0.0525855	-0.065166
0.0018525	0.067874	0.0504022	-0.065171
0.0018575	0.067906	0.048222	-0.065175
0.0018625	0.067939	0.0460613	-0.06518
0.0018725	0.068001	0.0418502	-0.065188
0.0018775	0.068033	0.0398197	-0.065193
0.0018825	0.068063	0.0378488	-0.065197
0.0018875	0.068095	0.0359423	-0.065202
0.0018925	0.068125	0.0341047	-0.065206
0.0018975	0.068156	0.0323367	-0.065211
0.0019075	0.068215	0.0290121	-0.065219
0.0019175	0.068274	0.0259654	-0.065228
0.0019275	0.068333	0.0231847	-0.065237
0.0019375	0.068391	0.0206542	-0.065246
0.0019475	0.068448	0.0183526	-0.065254
0.0019575	0.068505	0.0162601	-0.065263
0.0019675	0.068562	0.0143571	-0.065272
0.0019775	0.068617	0.0126266	-0.06528
0.0019875	0.068672	0.0110506	-0.065288
0.0019975	0.068728	0.00961427	-0.065297
0.0020075	0.068782	0.00836491	-0.065305
0.0020175	0.068836	0.0071102	-0.065313
0.0020375	0.068945	0.00502858	-0.06533
0.0020475	0.068998	0.00417169	-0.065338
0.0020575	0.069052	0.00331003	-0.065346
0.0020775	0.069159	0.00192238	-0.065362
0.0020875	0.069212	0.00149572	-0.06537
0.0021175	0.069371	0.000188173	-0.065393
0.0021275	0.069424	0.000104524	-0.065401
0.0021375	0.069478	1.65476e-05	-0.065409
0.0021575	0.069584	0.000626992	-0.065423
0.0021675	0.069639	0.00138465	-0.065431
0.0021775	0.069694	0.00258361	-0.065439
0.0021875	0.069749	0.00437896	-0.065446
0.0021925	0.069777	0.00556211	-0.06545
0.0021975	0.069805	0.00697464	-0.065453
0.0022025	0.069834	0.00864886	-0.065457
0.0022075	0.069863	0.010618	-0.065461
0.0022125	0.069893	0.012914	-0.065465
0.0022175	0.069923	0.0155646	-0.065468
0.0022225	0.069953	0.0185893	-0.065472
0.0022275	0.069984	0.0219944	-0.065475
0.0022325	0.070016	0.0257632	-0.065479
0.0022375	0.070047	0.0298731	-0.065482
0.0022425	0.070081	0.0342648	-0.065486
0.0022475	0.070114	0.0388636	-0.065489
0.0022525	0.070149	0.0435806	-0.065493
0.0022575	0.070183	0.0483203	-0.065496
0.0022625	0.07022	0.0529895	-0.0655
0.0022675	0.070256	0.0575051	-0.065503
0.0022725	0.070293	0.0617987	-0.065507
0.0022775	0.07033	0.0658193	-0.06551
0.0022825	0.070369	0.0695316	-0.065514
0.0022875	0.070407	0.0729138	-0.065517
0.0022925	0.070445	0.0759543	-0.06552
0.0023025	0.070524	0.080986	-0.065527
0.0023125	0.070603	0.0845784	-0.065534
0.0023225	0.070683	0.086611	-0.065541
0.0023275	0.070722	0.0867057	-0.065544
0.0023325	0.070761	0.0868041	-0.065547
0.0023375	0.070801	0.0860643	-0.065551
0.0023425	0.070839	0.0846621	-0.065554
0.0023475	0.070878	0.0825127	-0.065558
0.0023525	0.070915	0.0795429	-0.065561
0.0023575	0.070952	0.0757155	-0.065564
0.0023625	0.070989	0.0710598	-0.065568
0.0023675	0.071023	0.0656947	-0.065571
0.00237	0.071041	0.0628497	-0.065573
0.0023725	0.071057	0.0598755	-0.065574
0.002375	0.071074	0.056846	-0.065576
0.00238	0.071106	0.0507685	-0.065579
0.0023825	0.071121	0.0477898	-0.06558
0.002385	0.071137	0.0448911	-0.065582
0.0023875	0.071153	0.0420962	-0.065584
0.00239	0.071167	0.0394234	-0.065585
0.0023925	0.071182	0.0368855	-0.065587
0.0023975	0.071211	0.0322416	-0.06559
0.0024025	0.071239	0.0281799	-0.065593
0.0024075	0.071266	0.0246696	-0.065596
0.0024125	0.071294	0.0216569	-0.065599
0.0024175	0.07132	0.0190775	-0.065602
0.0024225	0.071346	0.0168689	-0.065605
0.0024275	0.071373	0.0149734	-0.065609
0.0024375	0.071425	0.0119295	-0.065615
0.0024475	0.071475	0.00963193	-0.065621
0.0024575	0.071525	0.00786135	-0.065627
0.0024675	0.071575	0.00647523	-0.065633
0.0024875	0.071673	0.0044729	-0.065645
0.0025075	0.071771	0.00312704	-0.065657
0.0025275	0.071867	0.00218365	-0.065668
0.0025475	0.071963	0.0015047	-0.065679
0.0025675	0.072058	0.00107861	-0.06569
0.0025875	0.072154	0.000646062	-0.065701
0.0026075	0.072249	0.000426254	-0.065712
0.0026275	0.072345	0.000202051	-0.065723
0.0026475	0.072439	0.000112143	-0.065733
0.0026675	0.072533	1.93121e-05	-0.065743
0.0026875	0.072627	2.05225e-05	-0.065753
0.0027075	0.072721	1.99912e-05	-0.065763
0.0027275	0.072814	0.000116762	-0.065772
0.0027675	0.073002	0.000309715	-0.065791
0.0027875	0.073095	0.000405832	-0.0658
0.0028075	0.073189	0.000568719	-0.065809
0.0028275	0.073282	0.000732782	-0.065818
0.0028475	0.073375	0.000917407	-0.065826
0.0028675	0.073467	0.00110407	-0.065834
0.0028875	0.07356	0.001277	-0.065842
0.0029075	0.073653	0.00145268	-0.06585
0.0029275	0.073747	0.00157452	-0.065858
0.0029475	0.07384	0.00161071	-0.065865
0.0029675	0.073934	0.0014787	-0.065873
0.0029875	0.074029	0.00100988	-0.065881
0.0029975	0.074076	0.000569606	-0.065884
0.0030075	0.074124	6.53632e-05	-0.065888
0.0030125	0.074148	3.85039e-05	-0.06589
0.0030175	0.074172	0.000869012	-0.065891
0.00302	0.074185	0.00219178	-0.065892
0.0030225	0.074198	0.00488415	-0.065893
0.003025	0.074212	0.0100416	-0.065894
0.0030275	0.074226	0.019001	-0.065894
0.00302875	0.074234	0.0250955	-0.065895
0.00303	0.074242	0.0320578	-0.065895
0.00303125	0.07425	0.0394989	-0.065896
0.00303375	0.074268	0.0539796	-0.065897
0.00303625	0.074286	0.0658408	-0.065897
0.00303875	0.074305	0.0746177	-0.065898
0.00304125	0.074325	0.0808936	-0.065899
0.00304625	0.074365	0.0887405	-0.065901
0.0030475	0.074375	0.089857	-0.065901
0.00305125	0.074405	0.0932103	-0.065902
0.00305625	0.074446	0.0960068	-0.065904
0.00306125	0.074487	0.0978778	-0.065905
0.00307125	0.07457	0.100092	-0.065909
0.0030875	0.074705	0.101024	-0.065914
0.00309125	0.074736	0.101242	-0.065915
0.00311125	0.074902	0.0981413	-0.065922
0.00312125	0.074985	0.0921278	-0.065925
0.00312625	0.075026	0.0851653	-0.065927
0.0031275	0.075035	0.0822448	-0.065927
0.00312875	0.075045	0.0793234	-0.065927
0.00313125	0.075065	0.0707456	-0.065928
0.00313375	0.075084	0.0583888	-0.065929
0.003135	0.075092	0.0507272	-0.065929
0.00313625	0.075101	0.0423951	-0.065929
0.0031375	0.07511	0.0339333	-0.06593
0.00313875	0.075117	0.0260011	-0.06593
0.00314	0.075124	0.0191477	-0.06593
0.0031425	0.075139	0.00945957	-0.065931
0.003145	0.075152	0.00426348	-0.065932
0.0031475	0.075166	0.00172834	-0.065933
0.00315	0.075177	0.000577944	-0.065933
0.003155	0.075202	4.08604e-07	-0.065935
0.003165	0.075249	0.000570834	-0.065937
0.0031675	0.075261	0.000743278	-0.065938
0.003185	0.075343	0.00196099	-0.065943
0.0032075	0.07545	0.00278663	-0.065949
0.003225	0.075533	0.0034414	-0.065954
0.003235	0.075581	0.00364468	-0.065957
0.003245	0.075628	0.00379788	-0.065959
0.0032475	0.07564	0.00382423	-0.06596
0.003255	0.075676	0.00390442	-0.065962
0.003265	0.075724	0.00396572	-0.065964
0.003275	0.075772	0.00398256	-0.065966
0.0032875	0.075832	0.00392173	-0.065969
0.003295	0.075869	0.00388626	-0.065971
0.003305	0.075917	0.0037754	-0.065973
0.003325	0.076014	0.00343691	-0.065977
0.0033275	0.076027	0.00337833	-0.065978
0.003345	0.076112	0.00296688	-0.065981
0.003365	0.076211	0.00240435	-0.065986
0.0033675	0.076223	0.00232973	-0.065986
0.003385	0.076309	0.00180309	-0.06599
0.0034075	0.076419	0.00119666	-0.065994
0.003425	0.076504	0.0007124	-0.065997
0.003445	0.076602	0.000323094	-0.066001
0.0034475	0.076613	0.000293671	-0.066001
0.003465	0.076697	8.18505e-05	-0.066004
0.003485	0.076792	3.28144e-08	-0.066007
0.0034875	0.076803	1.00444e-05	-0.066007
0.003505	0.076886	7.57229e-05	-0.06601
0.003525	0.076979	0.000296471	-0.066013
0.0035275	0.07699	0.000340339	-0.066013
0.003545	0.077071	0.000644935	-0.066015
0.003565	0.077163	0.00110229	-0.066018
0.0035675	0.077174	0.00117091	-0.066018
0.003585	0.077253	0.00165057	-0.06602
0.003605	0.077344	0.00227459	-0.066023
0.0036075	0.077355	0.00236034	-0.066023
0.003625	0.077433	0.00296137	-0.066025
0.003645	0.077522	0.00370132	-0.066027
0.0036475	0.077533	0.00380122	-0.066027
0.003685	0.077697	0.00531074	-0.06603
0.0036875	0.077708	0.00541908	-0.06603
0.003725	0.077872	0.00705933	-0.066033
0.0037275	0.077883	0.00717425	-0.066033
0.003765	0.078045	0.00891665	-0.066035
0.0037675	0.078056	0.00903632	-0.066035
0.003805	0.078217	0.0108531	-0.066036
0.0038075	0.078228	0.0109731	-0.066036
0.0038475	0.078399	0.0129211	-0.066037
0.003885	0.07856	0.0147973	-0.066038
0.0038875	0.078571	0.0149062	-0.066038
0.0039275	0.078742	0.0166792	-0.066038
0.003965	0.078901	0.0183953	-0.066037
0.0039675	0.078912	0.0184707	-0.066037
0.0040075	0.079081	0.019706	-0.066035
0.004045	0.07924	0.0209124	-0.066033
0.0040475	0.079251	0.0209335	-0.066033
0.0040875	0.07942	0.02129	-0.066031
0.004125	0.079577	0.0216559	-0.066028
0.0041275	0.079588	0.0216171	-0.066028
0.0041675	0.079755	0.0210014	-0.066024
0.004205	0.079911	0.0204316	-0.06602
0.0042075	0.079922	0.0203555	-0.06602
0.004245	0.080077	0.0192107	-0.066016
0.0042475	0.080088	0.0191177	-0.066016
0.004285	0.080242	0.0177139	-0.066011
0.0042875	0.080253	0.0176105	-0.066011
0.004325	0.080405	0.0160475	-0.066005
0.0043275	0.080416	0.0159397	-0.066005
0.004365	0.080567	0.0143074	-0.065999
0.0043675	0.080578	0.0141999	-0.065999
0.004405	0.080728	0.0125698	-0.065992
0.0044075	0.080738	0.0124658	-0.065992
0.004445	0.080888	0.0108888	-0.065985
0.0044475	0.080898	0.0107905	-0.065985
0.004485	0.081046	0.00929779	-0.065977
0.0044875	0.081056	0.0092061	-0.065977
0.004525	0.081205	0.00781277	-0.06597
0.0045275	0.081214	0.00772781	-0.065969
0.004565	0.081362	0.00643593	-0.065961
0.0045675	0.081371	0.00635719	-0.06596
0.004605	0.081518	0.00515897	-0.065952
0.0046075	0.081527	0.00508541	-0.065951
0.004645	0.081673	0.00396512	-0.065942
0.0046475	0.081682	0.00389529	-0.065941
0.004685	0.081827	0.00283069	-0.065932
0.0046875	0.081836	0.00276582	-0.065931
0.0047275	0.081991	0.00170494	-0.065921
0.004765	0.082134	0.000668003	-0.06591
0.0047675	0.082143	0.000612244	-0.065909
0.004785	0.082211	0.000215478	-0.065904
0.004805	0.082289	1.15361e-06	-0.065899
0.0048075	0.082299	3.68498e-05	-0.065898
0.004815	0.082328	0.000141611	-0.065896
0.004825	0.082367	0.000675201	-0.065893
0.004835	0.082407	0.00202861	-0.06589
0.00484	0.082427	0.00327701	-0.065888
0.004845	0.082448	0.00515915	-0.065887
0.0048475	0.082459	0.00656769	-0.065886
0.00485	0.082469	0.00797537	-0.065885
0.004855	0.082491	0.012134	-0.065884
0.00486	0.082513	0.0181109	-0.065882
0.0048625	0.082525	0.02191	-0.065881
0.004865	0.082537	0.0262785	-0.06588
0.0048675	0.08255	0.0311917	-0.06588
0.00487	0.082562	0.0365761	-0.065879
0.0048725	0.082575	0.0423096	-0.065878
0.004875	0.082588	0.0482323	-0.065877
0.0048775	0.082602	0.0541684	-0.065876
0.00488	0.082616	0.0599508	-0.065875
0.0048825	0.082632	0.0654413	-0.065875
0.0048875	0.082661	0.0752014	-0.065873
0.0048925	0.082692	0.0831364	-0.065871
0.0048975	0.082724	0.0893571	-0.06587
0.0049025	0.082756	0.094132	-0.065868
0.0049125	0.082821	0.10034	-0.065865
0.004925	0.082902	0.103045	-0.065861
0.0049275	0.082918	0.10272	-0.06586
0.00493	0.082934	0.102396	-0.065859
0.004935	0.082967	0.10036	-0.065858
0.00494	0.082997	0.096454	-0.065856
0.004945	0.083027	0.090272	-0.065854
0.0049475	0.083042	0.0861225	-0.065854
0.00495	0.083056	0.0811141	-0.065853
0.0049525	0.08307	0.075946	-0.065852
0.004955	0.083083	0.0701714	-0.065851
0.0049575	0.083096	0.0642015	-0.06585
0.00496	0.083108	0.0582603	-0.065849
0.0049625	0.083121	0.0525497	-0.065849
0.004965	0.083133	0.0472224	-0.065848
0.0049675	0.083144	0.0423706	-0.065847
0.0049725	0.083166	0.0342007	-0.065845
0.0049775	0.083187	0.0279213	-0.065843
0.0049825	0.083208	0.0231611	-0.065842
0.0049875	0.083228	0.01954	-0.06584
0.0049975	0.083268	0.0145705	-0.065837
0.0050075	0.083306	0.0114325	-0.065833
0.0050175	0.083343	0.00932221	-0.065829
0.0050275	0.083382	0.00782351	-0.065826
0.0050475	0.083457	0.00585304	-0.065819
0.0050675	0.083531	0.00461917	-0.065811
0.0050875	0.083605	0.00376965	-0.065804
0.0051075	0.083679	0.00314544	-0.065797
0.0051275	0.083752	0.00271449	-0.065789
0.0051475	0.083825	0.00227822	-0.065781
0.0051675	0.083898	0.00203296	-0.065773
0.0052075	0.084044	0.00153097	-0.065757
0.0052275	0.084117	0.00127403	-0.065749
0.0052475	0.08419	0.00113601	-0.065741
0.0052875	0.084334	0.000852049	-0.065724
0.0053075	0.084407	0.000705946	-0.065716
0.0053275	0.084479	0.00062154	-0.065707
0.0053675	0.084623	0.000446879	-0.06569
0.0053875	0.084695	0.000356485	-0.065681
0.0054075	0.084767	0.000305756	-0.065672
0.0054475	0.084909	0.0001999	-0.065653
0.0054675	0.08498	0.000144649	-0.065643
0.0054875	0.085052	0.000129834	-0.065634
0.0055275	0.085194	9.76979e-05	-0.065615
0.0055675	0.085336	6.17794e-05	-0.065596
0.0056075	0.085477	2.17439e-05	-0.065576
0.0056275	0.085548	8.67081e-08	-0.065566
0.0056475	0.085619	3.22968e-05	-0.065556
0.0056875	0.085759	9.71537e-05	-0.065535
0.0057275	0.085899	0.000162345	-0.065514
0.0057675	0.086038	0.000227603	-0.065492
0.0058075	0.086178	0.000292651	-0.065471
0.0058475	0.086317	0.000357204	-0.065449
0.0058875	0.086455	0.000420969	-0.065426
0.0059275	0.086593	0.000483648	-0.065403
0.0059475	0.086662	0.000514408	-0.065391
0.0059675	0.086732	0.000602815	-0.06538
0.0060075	0.08687	0.000783414	-0.065357
0.0060475	0.087007	0.000969071	-0.065333
0.0060875	0.087144	0.00115956	-0.065309
0.0061675	0.087418	0.00155405	-0.06526
0.0062075	0.087554	0.00175753	-0.065235
0.0062475	0.087689	0.00196481	-0.065209
0.0062675	0.087757	0.00206963	-0.065196
0.0062875	0.087825	0.00222207	-0.065183
0.0063275	0.08796	0.00253365	-0.065157
0.0063675	0.088096	0.00285436	-0.065131
0.0064275	0.088298	0.00335143	-0.065091
0.0064475	0.088366	0.00355756	-0.065078
0.0064875	0.088499	0.00397856	-0.06505
0.0065275	0.088634	0.00441266	-0.065023
0.0065675	0.088767	0.00485963	-0.064995
0.0065875	0.088834	0.00508761	-0.064981
0.0066075	0.088901	0.00535069	-0.064967
0.0066475	0.089035	0.00588878	-0.064939
0.0066675	0.089101	0.00616316	-0.064924
0.0067275	0.089301	0.00708614	-0.064881
0.0067475	0.089367	0.00740276	-0.064866
0.0067675	0.089434	0.00775061	-0.064852
0.0068075	0.089568	0.00846215	-0.064823
0.0068275	0.089634	0.00882576	-0.064808
0.0068475	0.0897	0.00922451	-0.064793
0.0068875	0.089833	0.0100399	-0.064763
0.0069075	0.089899	0.0104564	-0.064748
0.0069275	0.089965	0.0109131	-0.064733
0.0069875	0.090163	0.0123222	-0.064687
0.0070075	0.09023	0.0128468	-0.064672
0.0070675	0.090428	0.0144604	-0.064626
0.0070875	0.090494	0.0150661	-0.06461
0.0071475	0.090692	0.0169237	-0.064563
0.0071675	0.090758	0.0176107	-0.064547
0.0071875	0.090823	0.0183025	-0.064531
0.0072275	0.090955	0.0198001	-0.064499
0.0072475	0.091021	0.0206175	-0.064483
0.0072675	0.091088	0.0214384	-0.064467
0.0073075	0.09122	0.0232467	-0.064434
0.0073275	0.091286	0.0242539	-0.064418
0.0073475	0.091353	0.0252604	-0.064402
0.0073875	0.091487	0.0275125	-0.064369
0.0074075	0.091554	0.0287311	-0.064352
0.0074275	0.091621	0.0299954	-0.064335
0.0074475	0.09169	0.0312812	-0.064319
0.0074675	0.091759	0.0325291	-0.064302
0.0074875	0.091828	0.0336262	-0.064285
0.0074975	0.091864	0.0340588	-0.064277
0.0075075	0.091899	0.034371	-0.064268
0.0075175	0.091935	0.0345197	-0.06426
0.0075275	0.091971	0.0344538	-0.064251
0.0075375	0.092008	0.0341161	-0.064243
0.0075475	0.092045	0.0334471	-0.064235
0.0075575	0.092083	0.0323913	-0.064226
0.0075675	0.092121	0.0309063	-0.064218
0.0075775	0.09216	0.0289726	-0.06421
0.0075875	0.092199	0.0266033	-0.064201
0.0075975	0.092238	0.0238493	-0.064192
0.0076175	0.092317	0.0175797	-0.064175
0.0076475	0.092436	0.0087675	-0.06415
0.0076575	0.092475	0.00584753	-0.064141
0.0076675	0.092514	0.00379985	-0.064133
0.0076775	0.092552	0.00222282	-0.064124
0.0076875	0.092589	0.00110601	-0.064115
0.0076975	0.092627	0.000407295	-0.064107
0.0077075	0.092663	6.55653e-05	-0.064098
0.0077175	0.0927	1.22374e-05	-0.06409
0.0077275	0.092735	0.000180242	-0.064081
0.0077375	0.09277	0.000513011	-0.064072
0.0077475	0.092805	0.000956782	-0.064063
0.0077675	0.092874	0.00202711	-0.064046
0.0077875	0.092943	0.00317587	-0.064029
0.0078075	0.093009	0.00429047	-0.064011
0.0078275	0.093075	0.00532375	-0.063993
0.0078475	0.093142	0.00625235	-0.063976
0.0078675	0.093208	0.00707422	-0.063959
0.0078875	0.093273	0.00779473	-0.063941
0.0079275	0.093402	0.00897205	-0.063905
0.0079675	0.093531	0.00984713	-0.063869
0.0080075	0.093659	0.010486	-0.063833
0.0080475	0.093786	0.0109307	-0.063797
0.0081275	0.094041	0.0113869	-0.063725
0.0082075	0.094294	0.0114254	-0.063652
0.0082875	0.094545	0.0111829	-0.063578
0.0083675	0.094796	0.0107535	-0.063504
0.0084475	0.095044	0.0102045	-0.063428
0.0085275	0.095293	0.00958389	-0.063353
0.0086075	0.095541	0.00892627	-0.063277
0.0086875	0.095788	0.00829569	-0.0632
0.0087675	0.096034	0.00758934	-0.063123
0.0088475	0.096279	0.00698613	-0.063045
0.0089275	0.096523	0.00630851	-0.062967
0.0090075	0.096768	0.00575562	-0.062889
0.0090875	0.097012	0.00513132	-0.06281
0.0091675	0.097255	0.00463572	-0.062731
0.0092475	0.097497	0.00407195	-0.062651
0.0093275	0.097739	0.00372661	-0.062571
0.0094075	0.09798	0.00331541	-0.06249
0.0095675	0.098463	0.00230153	-0.062328
0.0096475	0.098704	0.00225683	-0.062247
0.0097275	0.098945	0.00214646	-0.062165
0.0098075	0.099185	0.00197134	-0.062083
0.0098875	0.099426	0.00173244	-0.062001
0.0099675	0.099666	0.00143087	-0.061919
0.0101275	0.100145	0.000644524	-0.061753
0.0102075	0.100384	0.00016852	-0.06167
0.0102875	0.100624	0.000116748	-0.061587
0.0103675	0.100864	1.20906e-05	-0.061504
0.0104475	0.101103	7.33209e-05	-0.06142
0.0105275	0.101343	8.0899e-05	-0.061337
0.0106075	0.101583	0.00028123	-0.061253
0.0106875	0.101822	0.000428904	-0.061169
0.0107675	0.102062	0.000790686	-0.061085
0.0108475	0.102301	0.00110418	-0.061001
0.0109275	0.102541	0.00163311	-0.060917
0.0110075	0.10278	0.00212317	-0.060832
0.0110875	0.10302	0.00279232	-0.060748
0.0111675	0.103261	0.00344567	-0.060664
0.0113275	0.103742	0.00492249	-0.060496
0.0114075	0.103982	0.00563068	-0.060412
0.0114875	0.104223	0.00636705	-0.060328
0.0116475	0.104704	0.0075851	-0.06016
0.0117275	0.104945	0.0079936	-0.060076
0.0118075	0.105185	0.00845131	-0.059992
0.0118875	0.105424	0.00867113	-0.059908
0.0119675	0.105665	0.00894141	-0.059825
0.0120475	0.105904	0.0089969	-0.059741
0.0121275	0.106145	0.00910079	-0.059658
0.0122075	0.106384	0.00903419	-0.059574
0.0122875	0.106624	0.00901068	-0.059491
0.0123675	0.106864	0.00886348	-0.059408
0.0124475	0.107105	0.00875287	-0.059326
0.0125275	0.107345	0.00855822	-0.059243
0.0126075	0.107584	0.00839375	-0.05916
0.0126875	0.107824	0.00817511	-0.059078
0.0127675	0.108065	0.00798097	-0.058997
0.0128475	0.108305	0.00775364	-0.058915
0.0129275	0.108545	0.007546	-0.058833
0.0130075	0.108785	0.00731925	-0.058752
0.0130875	0.109026	0.00710827	-0.058671
0.0131675	0.109267	0.00688049	-0.05859
0.0132475	0.109508	0.00666323	-0.058509
0.0133275	0.109749	0.0064575	-0.058429
0.0134075	0.109991	0.00626398	-0.058349
0.0134875	0.110232	0.00605966	-0.058269
0.0135675	0.110473	0.00586112	-0.058189
0.0137275	0.110958	0.00548475	-0.058031
0.0138075	0.111202	0.00530248	-0.057953
0.0138875	0.111445	0.0051222	-0.057875
0.0139675	0.111689	0.0049449	-0.057797
0.0140475	0.111932	0.00477153	-0.057719
0.0141275	0.112176	0.0046077	-0.057642
0.0142075	0.112421	0.00444266	-0.057565
0.0142875	0.112665	0.0042775	-0.057488
0.0143675	0.11291	0.0041133	-0.057412
0.0144475	0.113155	0.00398452	-0.057336
0.0145275	0.113402	0.00384704	-0.057261
0.0146075	0.113648	0.00370223	-0.057186
0.0146875	0.113895	0.00355147	-0.057111
0.0147675	0.114141	0.00339603	-0.057036
0.0148475	0.114389	0.00323719	-0.056963
0.0149275	0.114637	0.00307615	-0.056889
0.0150075	0.114885	0.0029141	-0.056816
0.0150875	0.115133	0.00279074	-0.056743
0.0151675	0.115383	0.0026562	-0.056671
0.0152475	0.115633	0.00251192	-0.056599
0.0153275	0.115882	0.00235933	-0.056527
0.0154075	0.116133	0.0022497	-0.056456
0.0154875	0.116383	0.00212506	-0.056385
0.0155675	0.116635	0.00198689	-0.056315
0.0156475	0.116887	0.00183667	-0.056245
0.0157275	0.117139	0.00174363	-0.056175
0.0158075	0.117391	0.00163183	-0.056106
0.0158875	0.117645	0.00150275	-0.056038
0.0159675	0.117898	0.00135782	-0.055969
0.0160475	0.118153	0.00128475	-0.055902
0.0161275	0.118407	0.00118987	-0.055834
0.0162075	0.118661	0.00107453	-0.055767
0.0162875	0.118917	0.000940028	-0.055701
0.0163675	0.119173	0.000889209	-0.055635
0.0164475	0.119429	0.000814874	-0.055569
0.0165275	0.119685	0.000718103	-0.055504
0.0166075	0.119942	0.000599986	-0.055439
0.0166875	0.1202	0.000626266	-0.055375
0.0167675	0.120457	0.000628595	-0.055311
0.0168475	0.120716	0.000607605	-0.055248
0.0169275	0.120975	0.000563942	-0.055185
0.0170075	0.121233	0.000498258	-0.055122
0.0170875	0.121493	0.000411225	-0.05506
0.0171675	0.121753	0.00030352	-0.054999
0.0172475	0.122014	0.000175828	-0.054938
0.0173275	0.122275	0.000179072	-0.054877
0.0174075	0.122536	0.000163025	-0.054816
0.0174875	0.122798	0.000127965	-0.054757
0.0175675	0.12306	7.41926e-05	-0.054697
0.0176475	0.123322	8.53871e-05	-0.054638
0.0177275	0.123586	8.04383e-05	-0.05458
0.0178075	0.123849	5.94507e-05	-0.054522
0.0178875	0.124112	2.25547e-05	-0.054464
0.0179675	0.124376	3.7193e-05	-0.054407
0.0180475	0.12464	3.87688e-05	-0.05435
0.0181275	0.124906	2.72773e-05	-0.054294
0.0182075	0.125171	2.74027e-06	-0.054238
0.0182875	0.125436	1.77817e-05	-0.054182
0.0183675	0.125702	2.24675e-05	-0.054127
0.0184475	0.125968	1.67344e-05	-0.054072
0.0185275	0.126235	5.44547e-07	-0.054018
0.0186075	0.126502	1.42861e-05	-0.053964
0.0186875	0.12677	1.98957e-05	-0.053911
0.0187675	0.127037	1.72864e-05	-0.053858
0.0188475	0.127305	6.39311e-06	-0.053805
0.0189275	0.127574	1.80952e-05	-0.053753
0.0190075	0.127844	2.34191e-05	-0.053702
0.0190875	0.128113	2.2274e-05	-0.05365
0.0191675	0.128383	1.45877e-05	-0.053599
0.0192475	0.128653	2.41006e-05	-0.053549
0.0193275	0.128924	2.85859e-05	-0.053499
0.0194075	0.129194	2.79598e-05	-0.053449
0.0194875	0.129466	2.21539e-05	-0.0534
0.0195675	0.129738	2.9638e-05	-0.053351
0.0196475	0.130009	3.31228e-05	-0.053302
0.0197275	0.130281	3.25361e-05	-0.053254
0.0198075	0.130555	2.78171e-05	-0.053207
0.0198875	0.130828	3.86457e-05	-0.053159
0.0199675	0.131101	4.66741e-05	-0.053112
0.0200475	0.131375	5.18299e-05	-0.053066
0.0201275	0.131649	5.40508e-05	-0.053019
0.0202075	0.131925	5.3284e-05	-0.052974
0.0202875	0.132199	4.94866e-05	-0.052928
0.0203675	0.132475	4.26246e-05	-0.052883
0.0204475	0.13275	3.26729e-05	-0.052838
0.0205275	0.133026	3.94643e-05	-0.052794
0.0206075	0.133303	4.43253e-05	-0.05275
0.0206875	0.133579	4.72116e-05	-0.052706
0.0207675	0.133857	4.80862e-05	-0.052663
0.0208475	0.134134	4.69177e-05	-0.05262
0.0209275	0.134411	4.36817e-05	-0.052577
0.0210075	0.13469	3.83598e-05	-0.052535
0.0210875	0.134968	3.0939e-05	-0.052493
0.0211675	0.135247	3.54115e-05	-0.052452
0.0212475	0.135526	3.84609e-05	-0.05241
0.0213275	0.135806	4.00637e-05	-0.05237
0.0214875	0.136365	3.88572e-05	-0.052289
0.0215675	0.136645	3.60176e-05	-0.052249
0.0216475	0.136926	3.16849e-05	-0.052209
0.0217275	0.137207	2.58514e-05	-0.05217
0.0218075	0.137488	2.90592e-05	-0.052131
0.0218875	0.137769	3.11493e-05	-0.052092
0.0220475	0.138333	3.19413e-05	-0.052016
0.0221275	0.138617	3.06333e-05	-0.051979
0.0222075	0.138899	2.81873e-05	-0.051941
0.0222875	0.139182	2.4605e-05	-0.051904
0.0223675	0.139465	1.98902e-05	-0.051867
0.0224475	0.139749	2.57877e-05	-0.051831
0.0226075	0.140317	3.49407e-05	-0.051759
0.0226875	0.140602	3.81926e-05	-0.051723
0.0227675	0.140887	4.05623e-05	-0.051688
0.0228475	0.141172	4.20522e-05	-0.051653
0.0229275	0.141457	4.26674e-05	-0.051618
0.0230075	0.141743	4.24132e-05	-0.051584
0.0231675	0.142314	3.9328e-05	-0.051515
0.0232475	0.142601	3.65156e-05	-0.051482
0.0233275	0.142889	3.28714e-05	-0.051449
0.0234075	0.143175	2.84074e-05	-0.051415
0.0234875	0.143463	2.31372e-05	-0.051383
0.0235675	0.14375	1.7075e-05	-0.05135
0.0236475	0.144038	1.07451e-05	-0.051318
0.0237275	0.144326	1.52683e-05	-0.051286
0.0238075	0.144614	1.95295e-05	-0.051254
0.0238875	0.144902	2.30309e-05	-0.051222
0.0239675	0.145192	2.5784e-05	-0.051191
0.0240475	0.145481	2.78015e-05	-0.05116
0.0241275	0.14577	2.90965e-05	-0.051129
0.0242875	0.14635	2.9574e-05	-0.051069
0.0244475	0.14693	2.73316e-05	-0.051009
0.0246075	0.147512	2.24915e-05	-0.05095
0.0247675	0.148094	1.51818e-05	-0.050892
0.0249275	0.148677	5.53479e-06	-0.050835
0.0250875	0.149261	1.46978e-05	-0.050779
0.0252475	0.149845	2.09214e-05	-0.050723
0.0254075	0.150431	2.43557e-05	-0.050669
0.0255675	0.151018	2.51511e-05	-0.050616
0.0257275	0.151606	2.34586e-05	-0.050563
0.0258875	0.152194	1.94286e-05	-0.050511
0.0260475	0.152783	1.32105e-05	-0.05046
0.0262075	0.153373	4.95223e-06	-0.05041
0.0263675	0.153964	1.51678e-05	-0.050361
0.0265275	0.154555	2.2258e-05	-0.050312
0.0266875	0.155148	2.6412e-05	-0.050265
0.0268475	0.155741	2.78149e-05	-0.050218
0.0270075	0.156335	2.66473e-05	-0.050171
0.0271675	0.15693	2.30847e-05	-0.050126
0.0273275	0.157525	1.72979e-05	-0.050081
0.0274875	0.158121	9.45224e-06	-0.050037
0.0276475	0.158718	2.274e-05	-0.049994
0.0278075	0.159315	3.24086e-05	-0.049951
0.0279675	0.159913	3.86894e-05	-0.049909
0.0281275	0.160513	4.18063e-05	-0.049868
0.0282875	0.161112	4.19746e-05	-0.049827
0.0284475	0.161712	3.9402e-05	-0.049787
0.0286075	0.162313	3.42881e-05	-0.049748
0.0287675	0.162915	2.68248e-05	-0.04971
0.0289275	0.163517	4.77614e-05	-0.049672
0.0290875	0.164119	6.40911e-05	-0.049634
0.0292475	0.164723	7.61054e-05	-0.049597
0.0294075	0.165327	8.40848e-05	-0.049561
0.0295675	0.165932	8.82982e-05	-0.049526
0.0297275	0.166537	8.90033e-05	-0.049491
0.0298875	0.167143	8.64465e-05	-0.049456
0.0300475	0.167749	8.08649e-05	-0.049422
0.0302075	0.168356	0.000102652	-0.049389
0.0303675	0.168964	0.000119286	-0.049356
0.0305275	0.169572	0.000131095	-0.049324
0.0306875	0.170181	0.000138395	-0.049292
0.0308475	0.17079	0.000171334	-0.049261
0.0310075	0.1714	0.000197964	-0.049231
0.0311675	0.172011	0.000218671	-0.049201
0.0313275	0.172621	0.000233828	-0.049171
0.0314875	0.173233	0.00028457	-0.049142
0.0316475	0.173845	0.00032736	-0.049113
0.0318075	0.174457	0.000362664	-0.049085
0.0319675	0.17507	0.00039093	-0.049057
0.0321275	0.175684	0.00047032	-0.04903
0.0322875	0.176298	0.000539405	-0.049003
0.0324475	0.176912	0.000598761	-0.048977
0.0326075	0.177527	0.000648939	-0.048951
0.0327675	0.178143	0.000774033	-0.048926
0.0329275	0.178759	0.000885495	-0.048901
0.0330875	0.179375	0.000984046	-0.048877
0.0332475	0.179992	0.00107037	-0.048853
0.0334075	0.180609	0.00122917	-0.048829
0.0335675	0.181228	0.00137191	-0.048806
0.0337275	0.181846	0.00157201	-0.048783
0.0338875	0.182464	0.00175351	-0.04876
0.0340475	0.183084	0.0020037	-0.048738
0.0342075	0.183704	0.0022325	-0.048716
0.0343675	0.184324	0.00254079	-0.048695
0.0345275	0.184945	0.00282479	-0.048674
0.0346875	0.185567	0.00319593	-0.048654
0.0348475	0.186188	0.00354012	-0.048633
0.0350075	0.186811	0.0039713	-0.048613
0.0351675	0.187434	0.00437371	-0.048594
0.0353275	0.188057	0.00484916	-0.048575
0.0354875	0.188681	0.00529559	-0.048556
0.0356475	0.189305	0.00578215	-0.048537
0.0358075	0.18993	0.00624193	-0.048519
0.0361275	0.191181	0.00711727	-0.048484
0.0362875	0.191807	0.00741532	-0.048467
0.0364475	0.192434	0.00770398	-0.04845
0.0366075	0.19306	0.00798333	-0.048433
0.0367675	0.193687	0.00825346	-0.048417
0.0369275	0.194314	0.0083264	-0.048401
0.0370875	0.194941	0.00840613	-0.048385
0.0372475	0.195568	0.00834255	-0.04837
0.0374075	0.196196	0.00829224	-0.048355
0.0375675	0.196823	0.00813262	-0.04834
0.0377275	0.197452	0.007987	-0.048326
0.0378875	0.198079	0.00776658	-0.048311
0.0380475	0.198708	0.00756178	-0.048297
0.0383675	0.199965	0.0070804	-0.04827
0.0385275	0.200594	0.00682719	-0.048257
0.0386875	0.201222	0.00658851	-0.048244
0.0388475	0.201851	0.0063447	-0.048231
0.0390075	0.20248	0.00611396	-0.048219
0.0391675	0.203108	0.00588706	-0.048206
0.0393275	0.203738	0.00567279	-0.048195
0.0394875	0.204367	0.00546585	-0.048183
0.0398075	0.205627	0.0050827	-0.04816
0.0399675	0.206257	0.00490548	-0.048149
0.0401275	0.206887	0.00474004	-0.048138
0.0404475	0.208147	0.00443181	-0.048117
0.0406075	0.208778	0.00428831	-0.048107
0.0407675	0.209408	0.00415703	-0.048097
0.0410875	0.21067	0.0039112	-0.048077
0.0412475	0.2113	0.00379615	-0.048067
0.0414075	0.211931	0.0036913	-0.048058
0.0417275	0.213194	0.00349411	-0.04804
0.0418875	0.213827	0.00340143	-0.048032
0.0420475	0.214458	0.00331669	-0.048023
0.0423675	0.215723	0.00315675	-0.048007
0.0425275	0.216355	0.0030813	-0.047999
0.0426875	0.216987	0.00301188	-0.047991
0.0430075	0.218253	0.00288045	-0.047976
0.0431675	0.218885	0.00281824	-0.047968
0.0433275	0.219518	0.00276059	-0.047961
0.0436475	0.220786	0.00265112	-0.047948
0.0438075	0.221419	0.00259917	-0.047941
0.0439675	0.222052	0.00255163	-0.047934
0.0442875	0.22332	0.00246104	-0.047922
0.0446075	0.224589	0.00237559	-0.04791
0.0449275	0.225857	0.00229501	-0.047898
0.0450875	0.226492	0.00225662	-0.047893
0.0452475	0.227126	0.0022216	-0.047887
0.0455675	0.228396	0.00215454	-0.047877
0.0458875	0.229666	0.00209095	-0.047867
0.0462075	0.230937	0.00203063	-0.047858
0.0463675	0.231573	0.00200177	-0.047854
0.0465275	0.232208	0.0019749	-0.047849
0.0468475	0.233479	0.00192329	-0.04784
0.0471675	0.234753	0.0018741	-0.047833
0.0474875	0.236025	0.00182722	-0.047825
0.0476475	0.236662	0.0018047	-0.047822
0.0478075	0.237298	0.0017834	-0.047818
0.0481275	0.238571	0.00174236	-0.047811
0.0484475	0.239845	0.00170308	-0.047805
0.0487675	0.241119	0.00166549	-0.047799
0.0489275	0.241757	0.00164737	-0.047797
0.0490875	0.242394	0.00163023	-0.047794
0.0494075	0.243668	0.00159706	-0.047788
0.0497275	0.244944	0.00156517	-0.047784
0.0500475	0.246219	0.00153451	-0.047779
0.0503675	0.247494	0.00150502	-0.047775
0.0506875	0.24877	0.00147666	-0.047771
0.0510075	0.250047	0.00144939	-0.047768
0.0514875	0.251963	0.00141053	-0.047764
0.0516475	0.252601	0.0013984	-0.047762
0.0519675	0.253878	0.00137494	-0.047759
0.0522875	0.255156	0.00135224	-0.047757
0.0526075	0.256434	0.00133024	-0.047755
0.0529275	0.257712	0.00130894	-0.047753
0.0532475	0.258991	0.0012883	-0.047752
0.0538875	0.261549	0.00124895	-0.04775
0.0545275	0.264107	0.00121199	-0.047749
0.0551675	0.266666	0.00117729	-0.047748
0.0558075	0.269227	0.00114469	-0.047749
0.0564475	0.271788	0.00111406	-0.04775
0.0566075	0.272429	0.00110675	-0.047751
0.0570875	0.27435	0.00108526	-0.047752
0.0577275	0.276913	0.00105792	-0.047755
0.0583675	0.279476	0.00103191	-0.047759
0.0590075	0.28204	0.00100715	-0.047763
0.0596475	0.284605	0.00098357	-0.047768
0.0602875	0.28717	0.000961119	-0.047773
0.0609275	0.289735	0.00093973	-0.047779
0.0615675	0.292302	0.00091935	-0.047786
0.0617275	0.292944	0.000914435	-0.047788
0.0622075	0.294868	0.000899747	-0.047792
0.0628475	0.297436	0.000880881	-0.0478
0.0634875	0.300003	0.000862759	-0.047808
0.0641275	0.302571	0.000845347	-0.047816
0.0647675	0.305139	0.000828615	-0.047824
0.0654075	0.307708	0.00081253	-0.047833
0.0660475	0.310277	0.000797067	-0.047843
0.0666875	0.312846	0.000782196	-0.047852
0.0668475	0.313489	0.000778583	-0.047855
0.0673275	0.315416	0.000767777	-0.047862
0.0686075	0.320556	0.000740295	-0.047883
0.0692475	0.323127	0.000727227	-0.047894
0.0698875	0.325698	0.000714584	-0.047905
0.0705275	0.328269	0.000702351	-0.047916
0.0711675	0.33084	0.000690513	-0.047928
0.0718075	0.333411	0.000679057	-0.047939
0.0719675	0.334054	0.000676269	-0.047942
0.0730875	0.338555	0.000657208	-0.047963
0.0743675	0.343699	0.000636515	-0.047988
0.0756475	0.348844	0.000616896	-0.048013
0.0769275	0.353989	0.000598289	-0.048039
0.0782075	0.359135	0.000580635	-0.048065
0.0794875	0.364281	0.00056388	-0.048092
0.0807675	0.369428	0.000547975	-0.048119
0.0822075	0.375218	0.000531093	-0.04815
0.0833275	0.379722	0.000519008	-0.048174
0.0858875	0.390017	0.000492906	-0.04823
0.0884475	0.400313	0.000468632	-0.048287
0.0910075	0.410609	0.000446048	-0.048344
0.0961275	0.431202	0.000405492	-0.048459
0.1012475	0.451795	0.000370437	-0.048574
0.1026875	0.457587	0.000361452	-0.048606
0.1063675	0.472388	0.000340962	-0.048688
0.1089275	0.482683	0.00032756	-0.048744
0.1114875	0.492978	0.000314842	-0.0488
0.1129275	0.498769	0.000307969	-0.048831
0.1140475	0.503274	0.000303085	-0.048856
0.1166075	0.513568	0.000292224	-0.048911
0.1191675	0.523862	0.000281816	-0.048965
0.1217275	0.534155	0.000271854	-0.049019
0.1231675	0.539945	0.000266432	-0.049049
0.1242875	0.544449	0.000262594	-0.049073
0.1268475	0.554741	0.000254012	-0.049126
0.1294075	0.565032	0.000245733	-0.049178
0.1319675	0.575322	0.000237755	-0.049229
0.1334075	0.581111	0.000233388	-0.049258
0.1345275	0.585613	0.000230304	-0.04928
0.1370875	0.595903	0.000223378	-0.049331
0.1396475	0.606193	0.000216661	-0.049381
0.1422075	0.616481	0.000210154	-0.04943
0.1436475	0.622269	0.000206577	-0.049458
0.1447675	0.62677	0.000204053	-0.049479
0.1473275	0.637057	0.000198366	-0.049527
0.1498875	0.647345	0.000192827	-0.049575
0.1524475	0.657631	0.000187438	-0.049622
0.1538875	0.663417	0.000184465	-0.049648
0.1550075	0.667917	0.000182456	-0.049668
0.1575675	0.678202	0.000177903	-0.049714
0.1601275	0.688487	0.000173436	-0.049759
0.1626875	0.698771	0.000169061	-0.049804
0.1652475	0.709055	0.00016478	-0.049848
0.1678075	0.719338	0.000160597	-0.049892
0.1703675	0.729621	0.000156512	-0.049935
0.1729275	0.739903	0.00015253	-0.049978
0.1743675	0.745687	0.000150327	-0.050002
0.1754875	0.750185	0.000148886	-0.05002
0.1780475	0.760465	0.000145608	-0.050061
0.1806075	0.770747	0.000142377	-0.050103
0.1831675	0.781027	0.000139198	-0.050143
0.1857275	0.791306	0.000136072	-0.050183
0.1882875	0.801586	0.000133003	-0.050223
0.1908475	0.811865	0.000129992	-0.050262
0.1934075	0.822143	0.00012704	-0.050301
0.1948475	0.827925	0.000125402	-0.050323
0.1959675	0.832422	0.000124326	-0.05034
0.1985275	0.842699	0.000121873	-0.050378
0.2010875	0.852976	0.000119447	-0.050415
0.2036475	0.863253	0.000117052	-0.050452
0.2062075	0.873529	0.00011469	-0.050489
0.2087675	0.883805	0.000112362	-0.050525
0.2113275	0.894081	0.00011007	-0.050561
0.2138875	0.904356	0.000107814	-0.050597
0.2153275	0.910136	0.000106558	-0.050617
0.2164475	0.914631	0.00010573	-0.050632
0.2190075	0.924905	0.000103837	-0.050667
0.2215675	0.935179	0.000101962	-0.050701
0.2241275	0.945453	0.000100106	-0.050735
0.2266875	0.955726	9.82701e-05	-0.050769
0.2292475	0.965999	9.64562e-05	-0.050802
0.2318075	0.976272	9.46654e-05	-0.050835
0.2343675	0.986544	9.28987e-05	-0.050868
0.2358075	0.992322	9.19129e-05	-0.050886
0.2369275	0.996816	9.13085e-05	-0.0509
0.2420475	1.01736	8.85417e-05	-0.050963
0.2446075	1.02763	8.71668e-05	-0.050995
0.2471675	1.0379	8.57994e-05	-0.051026
0.2497275	1.04817	8.44404e-05	-0.051056
0.2522875	1.05844	8.30911e-05	-0.051087
0.2548475	1.06871	8.17522e-05	-0.051117
0.2599675	1.08925	7.91101e-05	-0.051176
0.2625275	1.09952	7.78085e-05	-0.051206
0.2650875	1.10979	7.65207e-05	-0.051235
0.2676475	1.12006	7.52477e-05	-0.051263
0.2702075	1.13032	7.399e-05	-0.051292
0.2727675	1.14059	7.27482e-05	-0.05132
0.2767675	1.15663	7.08358e-05	-0.051363
0.2778875	1.16113	7.04373e-05	-0.051375
0.2804475	1.17139	6.95156e-05	-0.051403
0.2830075	1.18166	6.85957e-05	-0.05143
0.2855675	1.19193	6.76782e-05	-0.051457
0.2881275	1.20219	6.67638e-05	-0.051484
0.2906875	1.21246	6.58532e-05	-0.05151
0.2958075	1.23299	6.40458e-05	-0.051562
0.3009275	1.25352	6.22604e-05	-0.051613
0.3060475	1.27405	6.05008e-05	-0.051664
0.3111675	1.29458	5.87706e-05	-0.051714
0.3162875	1.31511	5.70729e-05	-0.051762
0.3177275	1.32088	5.65978e-05	-0.051776
0.3214075	1.33564	5.56683e-05	-0.05181
0.3265275	1.35616	5.43722e-05	-0.051858
0.3316475	1.37669	5.30818e-05	-0.051904
0.3367675	1.39722	5.18001e-05	-0.05195
0.3418875	1.41774	5.05297e-05	-0.051995
0.3470075	1.43826	4.92731e-05	-0.052039
0.3521275	1.45879	4.80324e-05	-0.052082
0.3572475	1.47931	4.68094e-05	-0.052125
0.3586875	1.48508	4.64664e-05	-0.052137
0.3623675	1.49983	4.57829e-05	-0.052168
0.3674875	1.52035	4.48293e-05	-0.052209
0.3726075	1.54087	4.38783e-05	-0.052251
0.3777275	1.56139	4.29317e-05	-0.052291
0.3828475	1.58191	4.19915e-05	-0.052331
0.3879675	1.60243	4.10589e-05	-0.05237
0.3930875	1.62295	4.01354e-05	-0.052409
0.3982075	1.64347	3.92224e-05	-0.052448
0.3996475	1.64924	3.89658e-05	-0.052458
0.4033275	1.66399	3.85046e-05	-0.052485
0.4084475	1.6845	3.78567e-05	-0.052523
0.4135675	1.70502	3.72055e-05	-0.052559
0.4186875	1.72554	3.65524e-05	-0.052596
0.4238075	1.74605	3.58984e-05	-0.052631
0.4289275	1.76657	3.52448e-05	-0.052667
0.4340475	1.78708	3.45925e-05	-0.052702
0.4391675	1.80759	3.39425e-05	-0.052736
0.4442875	1.82811	3.32957e-05	-0.05277
0.4494075	1.84862	3.26529e-05	-0.052804
0.4545275	1.86913	3.20149e-05	-0.052837
0.4596475	1.88965	3.13824e-05	-0.05287
0.4647675	1.91016	3.07559e-05	-0.052902
0.4698875	1.93067	3.01362e-05	-0.052934
0.4750075	1.95118	2.95237e-05	-0.052966
0.4801275	1.97169	2.89189e-05	-0.052997
0.4815675	1.97746	2.87493e-05	-0.053006
0.4852475	1.9922	2.84578e-05	-0.053028
0.4903675	2.01272	2.80488e-05	-0.053059
0.4954875	2.03322	2.76379e-05	-0.053089
0.5006075	2.05373	2.72257e-05	-0.053119
0.5057275	2.07424	2.68127e-05	-0.053148
0.5108475	2.09475	2.63995e-05	-0.053177
0.5210875	2.13577	2.55742e-05	-0.053235
0.5262075	2.15628	2.51631e-05	-0.053263
0.5313275	2.17679	2.47535e-05	-0.053291
0.5364475	2.19729	2.43459e-05	-0.053319
0.5415675	2.2178	2.39405e-05	-0.053346
0.5466875	2.23831	2.35378e-05	-0.053373
0.5569275	2.27932	2.27413e-05	-0.053427
0.5620475	2.29983	2.23482e-05	-0.053453
0.5634875	2.30559	2.22377e-05	-0.05346
0.5671675	2.32033	2.204e-05	-0.053479
0.5722875	2.34084	2.1763e-05	-0.053504
0.5774075	2.36134	2.14848e-05	-0.05353
0.5825275	2.38185	2.12056e-05	-0.053555
0.5927675	2.42286	2.06459e-05	-0.053605
0.6030075	2.46386	2.00859e-05	-0.053654
0.6132475	2.50487	1.95275e-05	-0.053701
0.6234875	2.54588	1.89724e-05	-0.053748
0.6337275	2.58688	1.84222e-05	-0.053795
0.6439675	2.62789	1.78783e-05	-0.05384
0.6454075	2.63366	1.78016e-05	-0.053846
0.6542075	2.66889	1.74634e-05	-0.053884
0.6644475	2.7099	1.70662e-05	-0.053928
0.6746875	2.7509	1.6667e-05	-0.053971
0.6849275	2.7919	1.62674e-05	-0.054013
0.6951675	2.8329	1.58682e-05	-0.054054
0.7054075	2.8739	1.54706e-05	-0.054095
0.7156475	2.9149	1.50754e-05	-0.054135
0.7258875	2.9559	1.46833e-05	-0.054175
0.7273275	2.96167	1.46279e-05	-0.05418
0.7361275	2.9969	1.4377e-05	-0.054214
0.7463675	3.0379	1.40826e-05	-0.054252
0.7566075	3.07889	1.37868e-05	-0.054289
0.7668475	3.11989	1.34903e-05	-0.054327
0.7770875	3.16089	1.31939e-05	-0.054363
0.7873275	3.20188	1.28982e-05	-0.054399
0.7975675	3.24288	1.26036e-05	-0.054434
0.8078075	3.28387	1.23109e-05	-0.054469
0.8092475	3.28964	1.22695e-05	-0.054474
0.8180475	3.32487	1.20776e-05	-0.054504
0.8282875	3.36586	1.18525e-05	-0.054538
0.8385275	3.40685	1.16263e-05	-0.054571
0.8487675	3.44785	1.13996e-05	-0.054604
0.8590075	3.48884	1.11728e-05	-0.054636
0.8692475	3.52983	1.09462e-05	-0.054668
0.8794875	3.57082	1.07202e-05	-0.0547
0.8897275	3.61181	1.04952e-05	-0.054731
0.8911675	3.61758	1.04634e-05	-0.054735
0.8999675	3.6528	1.03129e-05	-0.054762
0.9102075	3.69379	1.01364e-05	-0.054792
0.9204475	3.73478	9.95914e-06	-0.054822
0.9306875	3.77577	9.78142e-06	-0.054852
0.9409275	3.81676	9.60347e-06	-0.054881
0.9511675	3.85775	9.4256e-06	-0.05491
0.9614075	3.89874	9.24803e-06	-0.054938
0.9716475	3.93973	9.07101e-06	-0.054966
0.9730875	3.94549	9.04597e-06	-0.05497
0.9818875	3.98071	8.93936e-06	-0.054994
0.9921275	4.0217	8.81369e-06	-0.055021
1.0126075	4.10367	8.55875e-06	-0.055075
1.0228475	4.14466	8.4299e-06	-0.055102
1.0330875	4.18565	8.30038e-06	-0.055128
1.0433275	4.22663	8.17038e-06	-0.055154
1.0535675	4.26762	8.04006e-06	-0.055179
1.0638075	4.3086	7.9096e-06	-0.055204
1.0842875	4.39057	7.64882e-06	-0.055254
1.0945275	4.43156	7.51879e-06	-0.055279
1.1047675	4.47254	7.38916e-06	-0.055303
1.1150075	4.51352	7.26007e-06	-0.055327
1.1252475	4.55451	7.13161e-06	-0.05535
1.1354875	4.59549	7.0039e-06	-0.055373
1.1369275	4.60125	6.98576e-06	-0.055376
1.1559675	4.67745	6.82728e-06	-0.055419
1.1764475	4.75942	6.65374e-06	-0.055464
1.1969275	4.84138	6.47813e-06	-0.055509
1.2174075	4.92335	6.30121e-06	-0.055552
1.2378875	5.00531	6.12367e-06	-0.055594
1.2583675	5.08727	5.94615e-06	-0.055636
1.2788475	5.16923	5.76922e-06	-0.055676
1.2993275	5.25119	5.59338e-06	-0.055716
1.3007675	5.25695	5.58092e-06	-0.055719
1.3198075	5.33315	5.46732e-06	-0.055756
1.3402875	5.41511	5.34323e-06	-0.055794
1.3607675	5.49707	5.21781e-06	-0.055832
1.3812475	5.57902	5.09148e-06	-0.055869
1.4017275	5.66098	4.96463e-06	-0.055905
1.4222075	5.74293	4.83763e-06	-0.055941
1.4426875	5.82489	4.7108e-06	-0.055976
1.4631675	5.90684	4.58445e-06	-0.056011
1.4646075	5.9126	4.57549e-06	-0.056013
1.4836475	5.9888	4.49098e-06	-0.056045
1.5041275	6.07075	4.39883e-06	-0.056079
1.5246075	6.1527	4.30578e-06	-0.056112
1.5450875	6.23465	4.21208e-06	-0.056144
1.5655675	6.31661	4.11796e-06	-0.056176
1.5860475	6.39856	4.02365e-06	-0.056207
1.6065275	6.48051	3.92935e-06	-0.056238
1.6270075	6.56246	3.83525e-06	-0.056268
1.6284475	6.56822	3.82857e-06	-0.05627
1.6474875	6.64441	3.77348e-06	-0.056298
1.6679675	6.72636	3.71292e-06	-0.056328
1.6884475	6.8083	3.65126e-06	-0.056357
1.7089275	6.89025	3.58868e-06	-0.056385
1.7294075	6.9722	3.52532e-06	-0.056414
1.7498875	7.05415	3.46134e-06	-0.056441
1.7703675	7.1361	3.39687e-06	-0.056469
1.7908475	7.21804	3.33203e-06	-0.056496
1.8113275	7.29999	3.26696e-06	-0.056523
1.8318075	7.38194	3.20176e-06	-0.056549
1.8522875	7.46388	3.13654e-06	-0.056575
1.8727675	7.54583	3.07139e-06	-0.0566
1.8932475	7.62777	3.00641e-06	-0.056626
1.9342075	7.79166	2.8773e-06	-0.056675
1.9546875	7.87361	2.81331e-06	-0.056699
1.9561275	7.87937	2.8088e-06	-0.056701
1.9751675	7.95555	2.77329e-06	-0.056723
1.9956475	8.03749	2.73445e-06	-0.056747
2.0161275	8.11944	2.69507e-06	-0.05677
2.0366075	8.20138	2.6552e-06	-0.056793
2.0775675	8.36526	2.57429e-06	-0.056838
2.0980475	8.44721	2.53339e-06	-0.056861
2.1185275	8.52915	2.49226e-06	-0.056883
2.1390075	8.61109	2.45097e-06	-0.056904
2.1594875	8.69303	2.40956e-06	-0.056926
2.1799675	8.77497	2.36809e-06	-0.056947
2.2209275	8.93885	2.28516e-06	-0.056988
2.2618875	9.10273	2.20251e-06	-0.057029
2.2838075	9.19043	2.15819e-06	-0.05705
2.3028475	9.26661	2.13414e-06	-0.057069
2.3438075	9.43049	2.08076e-06	-0.057108
2.3847675	9.59437	2.02628e-06	-0.057146
2.4257275	9.75825	1.97097e-06	-0.057183
2.4666875	9.92212	1.9151e-06	-0.057219
2.5076475	10.086	1.85887e-06	-0.057255
2.5486075	10.2499	1.80251e-06	-0.05729
2.5895675	10.4137	1.74619e-06	-0.057325
2.6114875	10.5014	1.71594e-06	-0.057343
2.6305275	10.5776	1.69865e-06	-0.057358
2.6714875	10.7415	1.66044e-06	-0.057391
2.7124475	10.9054	1.62157e-06	-0.057424
2.7534075	11.0692	1.58215e-06	-0.057455
2.7943675	11.2331	1.54237e-06	-0.057486
2.8353275	11.397	1.50232e-06	-0.057517
2.8762875	11.5608	1.46213e-06	-0.057547
2.9172475	11.7247	1.42191e-06	-0.057576
2.9391675	11.8124	1.40029e-06	-0.057592
2.9582075	11.8886	1.38975e-06	-0.057605
2.9991675	12.0525	1.36627e-06	-0.057634
3.0401275	12.2163	1.34211e-06	-0.057662
3.0810875	12.3802	1.3174e-06	-0.057689
3.1220475	12.5441	1.29219e-06	-0.057716
3.1630075	12.7079	1.26658e-06	-0.057743
3.2039675	12.8718	1.24063e-06	-0.057769
3.2449275	13.0357	1.21442e-06	-0.057795
3.2858875	13.1995	1.18801e-06	-0.05782
3.3268475	13.3634	1.16146e-06	-0.057845
3.3678075	13.5272	1.13482e-06	-0.05787
3.4087675	13.6911	1.10816e-06	-0.057894
3.4497275	13.855	1.08151e-06	-0.057918
3.4906875	14.0188	1.05493e-06	-0.057941
3.5316475	14.1827	1.02845e-06	-0.057964
3.5726075	14.3466	1.00212e-06	-0.057987
3.5945275	14.4343	9.87913e-07	-0.057999
3.6545275	14.6743	9.66953e-07	-0.058031
3.6954875	14.8381	9.52132e-07	-0.058053
3.7364475	15.002	9.37045e-07	-0.058075
3.7774075	15.1659	9.21718e-07	-0.058096
3.8183675	15.3297	9.06199e-07	-0.058117
3.8593275	15.4936	8.90503e-07	-0.058137
3.9412475	15.8213	8.58715e-07	-0.058178
3.9822075	15.9852	8.42681e-07	-0.058197
4.0231675	16.149	8.2658e-07	-0.058217
4.0641275	16.3129	8.10438e-07	-0.058236
4.1050875	16.4767	7.94282e-07	-0.058255
4.1460475	16.6406	7.78124e-07	-0.058274
4.2279675	16.9683	7.45896e-07	-0.058311
4.2498875	17.056	7.37206e-07	-0.058321
4.3098875	17.296	7.23252e-07	-0.058347
4.3918075	17.6238	7.0352e-07	-0.058382
4.4737275	17.9515	6.83279e-07	-0.058416
4.5556475	18.2792	6.62651e-07	-0.058449
4.6375675	18.6069	6.41747e-07	-0.058482
4.7194875	18.9346	6.20665e-07	-0.058514
4.8014075	19.2623	5.99497e-07	-0.058545
4.8833275	19.59	5.78323e-07	-0.058575
4.9052475	19.6777	5.72608e-07	-0.058583
4.9652475	19.9177	5.62825e-07	-0.058605
5.0471675	20.2454	5.49075e-07	-0.058634
5.1290875	20.5732	5.35025e-07	-0.058663
5.2110075	20.9009	5.20739e-07	-0.058691
5.2929275	21.2286	5.06276e-07	-0.058718
5.3748475	21.5563	4.91689e-07	-0.058745
5.4567675	21.884	4.77029e-07	-0.058771
5.5386875	22.2117	4.62338e-07	-0.058797
5.5606075	22.2994	4.58372e-07	-0.058804
5.6206075	22.5394	4.52675e-07	-0.058822
5.7025275	22.8671	4.4458e-07	-0.058847
5.7844475	23.1948	4.36211e-07	-0.058872
5.8663675	23.5225	4.27604e-07	-0.058895
5.9482875	23.8502	4.18796e-07	-0.058919
6.0302075	24.1779	4.09816e-07	-0.058942
6.1121275	24.5056	4.00696e-07	-0.058965
6.1940475	24.8333	3.91462e-07	-0.058987
6.2759675	25.161	3.82141e-07	-0.059008
6.3578875	25.4887	3.72756e-07	-0.05903
6.4398075	25.8164	3.63331e-07	-0.059051
6.5217275	26.1441	3.53885e-07	-0.059072
6.6036475	26.4718	3.44439e-07	-0.059092
6.6855675	26.7995	3.35008e-07	-0.059112
6.8494075	27.4549	3.16259e-07	-0.059152
6.8713275	27.5426	3.1375e-07	-0.059157
6.9313275	27.7826	3.1029e-07	-0.059171
7.0132475	28.1103	3.05428e-07	-0.059189
7.0951675	28.438	3.00447e-07	-0.059208
7.1770875	28.7657	2.95359e-07	-0.059226
7.2590075	29.0934	2.90178e-07	-0.059244
7.4228475	29.7488	2.79589e-07	-0.059279
7.5047675	30.0765	2.74202e-07	-0.059296
7.5866875	30.4042	2.68769e-07	-0.059313
7.6686075	30.7319	2.63299e-07	-0.05933
7.7505275	31.0596	2.57801e-07	-0.059347
7.8324475	31.3873	2.52284e-07	-0.059363
7.9962875	32.0427	2.41225e-07	-0.059394
8.1601275	32.6981	2.30181e-07	-0.059425
8.1820475	32.7858	2.28688e-07	-0.059429
8.3239675	33.3535	2.23284e-07	-0.059455
8.4878075	34.0089	2.16798e-07	-0.059485
8.6516475	34.6642	2.1012e-07	-0.059513
8.8154875	35.3196	2.03291e-07	-0.059541
8.9793275	35.975	1.96354e-07	-0.059568
9.1431675	36.6304	1.89344e-07	-0.059594
9.3070075	37.2858	1.82295e-07	-0.05962
9.4708475	37.9412	1.75235e-07	-0.059645
9.4927675	38.0289	1.7428e-07	-0.059648
9.6346875	38.5966	1.7056e-07	-0.05967
9.7985275	39.2519	1.66128e-07	-0.059694
9.9623675	39.9073	1.61585e-07	-0.059717
10.1262075	40.5627	1.56955e-07	-0.059741
10.2900475	41.2181	1.52257e-07	-0.059763
10.4538875	41.8735	1.47512e-07	-0.059785
10.6177275	42.5288	1.42734e-07	-0.059806
10.7815675	43.1842	1.37942e-07	-0.059827
10.8034875	43.2719	1.37294e-07	-0.05983
10.9454075	43.8396	1.352e-07	-0.059848
11.1092475	44.495	1.32673e-07	-0.059868
11.2730875	45.1504	1.30052e-07	-0.059888
11.4369275	45.8057	1.27347e-07	-0.059908
11.6007675	46.4611	1.24571e-07	-0.059927
11.7646075	47.1165	1.21734e-07	-0.059945
11.9284475	47.7719	1.18848e-07	-0.059964
12.0922875	48.4273	1.15921e-07	-0.059981
12.2561275	49.0826	1.12961e-07	-0.059999
12.4199675	49.738	1.09978e-07	-0.060016
12.7476475	51.0488	1.0397e-07	-0.06005
12.9114875	51.7041	1.00959e-07	-0.060066
13.0753275	52.3595	9.79507e-08	-0.060082
13.2391675	53.0149	9.49511e-08	-0.060098
13.4030075	53.6703	9.19652e-08	-0.060114
13.4249275	53.758	9.15639e-08	-0.060116
13.5668475	54.3256	9.03178e-08	-0.060129
13.8945275	55.6364	8.73096e-08	-0.060159
14.2222075	56.9471	8.41586e-08	-0.060188
14.5498875	58.2579	8.08982e-08	-0.060216
14.8775675	59.5686	7.75586e-08	-0.060243
15.2052475	60.8794	7.41664e-08	-0.060269
15.5329275	62.1901	7.07452e-08	-0.060295
15.8606075	63.5009	6.73154e-08	-0.060319
16.0463675	64.2439	6.53612e-08	-0.060333
16.1882875	64.8116	6.45729e-08	-0.060343
16.5159675	66.1224	6.26624e-08	-0.060367
16.8436475	67.4331	6.06808e-08	-0.060389
17.1713275	68.7438	5.8643e-08	-0.060411
17.4990075	70.0546	5.65626e-08	-0.060433
17.8266875	71.3653	5.44514e-08	-0.060454
18.1543675	72.6761	5.23205e-08	-0.060474
18.4820475	73.9868	5.01797e-08	-0.060494
18.6678075	74.7299	4.89577e-08	-0.060505
18.8097275	75.2975	4.84209e-08	-0.060513
19.1374075	76.6083	4.71319e-08	-0.060532
19.4650875	77.919	4.58038e-08	-0.060551
19.7927675	79.2298	4.4444e-08	-0.060569
20.1204475	80.5405	4.30592e-08	-0.060586
20.4481275	81.8512	4.16555e-08	-0.060603
20.7758075	83.162	4.02385e-08	-0.06062
21.1034875	84.4727	3.88134e-08	-0.060637
21.2892475	85.2158	3.79993e-08	-0.060646
21.4311675	85.7834	3.77064e-08	-0.060653
21.7588475	87.0942	3.69951e-08	-0.060668
22.4142075	89.7157	3.54826e-08	-0.060699
22.7418875	91.0264	3.46891e-08	-0.060713
23.0695675	92.3371	3.38752e-08	-0.060728
23.3972475	93.6479	3.30442e-08	-0.060742
23.7249275	94.9586	3.2199e-08	-0.060756
24.0526075	96.2693	3.13424e-08	-0.060769
24.7079675	98.8908	2.96052e-08	-0.060796
25.3633275	101.512	2.78506e-08	-0.060821
26.0186875	104.134	2.60944e-08	-0.060846
26.5321275	106.187	2.47206e-08	-0.060864
26.6740475	106.755	2.45517e-08	-0.060869
27.3294075	109.377	2.37153e-08	-0.060892
27.9847675	111.998	2.28336e-08	-0.060914
28.6401275	114.62	2.19168e-08	-0.060935
29.2954875	117.241	2.0974e-08	-0.060956
29.9508475	119.862	2.00133e-08	-0.060975
30.6062075	122.484	1.90416e-08	-0.060995
31.2615675	125.105	1.80655e-08	-0.061013
31.7750075	127.159	1.72984e-08	-0.061027
31.9169275	127.727	1.71909e-08	-0.061031
32.5722875	130.348	1.66674e-08	-0.061049
33.2276475	132.97	1.61221e-08	-0.061066
33.8830075	135.591	1.55595e-08	-0.061082
34.5383675	138.213	1.49833e-08	-0.061098
35.1937275	140.834	1.43973e-08	-0.061114
35.8490875	143.456	1.38046e-08	-0.061129
36.5044475	146.077	1.3208e-08	-0.061144
37.0178875	148.131	1.27382e-08	-0.061155
37.1598075	148.699	1.26659e-08	-0.061158
37.8151675	151.32	1.23175e-08	-0.061172
38.4705275	153.941	1.19573e-08	-0.061186
39.1258875	156.563	1.15877e-08	-0.061199
39.7812475	159.184	1.12104e-08	-0.061212
40.4366075	161.806	1.08274e-08	-0.061225
41.7473275	167.049	1.00498e-08	-0.06125
42.2607675	169.102	9.74228e-09	-0.061259
42.4026875	169.67	9.70382e-09	-0.061261
43.0580475	172.292	9.5165e-09	-0.061273
43.7134075	174.913	9.32027e-09	-0.061284
44.3687675	177.534	9.1163e-09	-0.061295
45.0241275	180.156	8.90548e-09	-0.061306
46.3348475	185.399	8.46729e-09	-0.061327
47.6455675	190.642	8.01252e-09	-0.061347
48.9562875	195.885	7.54716e-09	-0.061366
50.2670075	201.128	7.07622e-09	-0.061385
51.5777275	206.37	6.60407e-09	-0.061402
52.7465275	211.046	6.18422e-09	-0.061417
52.8884475	211.613	6.17103e-09	-0.061419
54.1991675	216.856	6.03179e-09	-0.061436
55.5098875	222.099	5.876e-09	-0.061451
56.8206075	227.342	5.70631e-09	-0.061467
58.1313275	232.585	5.5251e-09	-0.061482
59.4420475	237.828	5.33451e-09	-0.061496
60.7527675	243.071	5.13649e-09	-0.06151
62.0634875	248.314	4.93276e-09	-0.061523
63.3742075	253.556	4.7249e-09	-0.061536
64.6849275	258.799	4.51428e-09	-0.061548
65.9956475	264.042	4.30213e-09	-0.06156
67.3063675	269.285	4.08953e-09	-0.061572
68.6170875	274.528	3.87745e-09	-0.061583
69.9278075	279.771	3.66671e-09	-0.061595
72.5492475	290.257	3.25212e-09	-0.061616
73.7180475	294.932	3.071e-09	-0.061625
73.8599675	295.5	3.06452e-09	-0.061626
75.1706875	300.743	3.00035e-09	-0.061636
76.4814075	305.985	2.93217e-09	-0.061645
77.7921275	311.228	2.86051e-09	-0.061655
79.1028475	316.471	2.78587e-09	-0.061664
81.7242875	326.957	2.6294e-09	-0.061682
84.3457275	337.443	2.46597e-09	-0.061698
86.9671675	347.928	2.29829e-09	-0.061714
89.5886075	358.414	2.12866e-09	-0.061729
92.2100475	368.9	1.95898e-09	-0.061744
94.6895675	378.818	1.7997e-09	-0.061757
94.8314875	379.386	1.79627e-09	-0.061758
97.4529275	389.872	1.72711e-09	-0.061771
100.074368	400.357	1.65313e-09	-0.061784
102.695808	410.843	1.57544e-09	-0.061796
105.317248	421.329	1.49505e-09	-0.061808
107.938688	431.815	1.41281e-09	-0.061819
110.560128	442.3	1.32948e-09	-0.06183
113.181568	452.786	1.24571e-09	-0.06184
115.661087	462.704	1.16653e-09	-0.06185
115.803008	463.272	1.16449e-09	-0.061851
118.424448	473.758	1.12435e-09	-0.06186
121.045888	484.244	1.08215e-09	-0.06187
126.288768	505.215	9.93275e-10	-0.061887
128.910208	515.701	9.47309e-10	-0.061896
131.531648	526.187	9.0074e-10	-0.061904
134.153088	536.672	8.53832e-10	-0.061912
136.632607	546.59	8.09338e-10	-0.06192
136.774528	547.158	8.08445e-10	-0.06192
139.395968	557.644	7.90592e-10	-0.061928
144.638848	578.615	7.51169e-10	-0.061942
149.881728	599.587	7.07912e-10	-0.061955
155.124608	620.559	6.61983e-10	-0.061968
160.367488	641.53	6.14361e-10	-0.06198
165.610368	662.502	5.65856e-10	-0.061992
170.853248	683.473	5.1714e-10	-0.062003
176.096128	704.445	4.68756e-10	-0.062013
178.575647	714.363	4.45913e-10	-0.062018
181.339008	725.416	4.40872e-10	-0.062023
186.581888	746.388	4.29432e-10	-0.062032
191.824768	767.359	4.16329e-10	-0.062041
197.067648	788.331	4.01862e-10	-0.06205
202.310528	809.302	3.86302e-10	-0.062058
207.553408	830.274	3.69885e-10	-0.062066
218.039168	872.217	3.353e-10	-0.062081
223.282048	893.188	3.17477e-10	-0.062088
228.524928	914.16	2.99494e-10	-0.062095
233.767808	935.131	2.81472e-10	-0.062101
239.010688	956.103	2.63519e-10	-0.062108
244.253568	977.074	2.45721e-10	-0.062114
254.739328	1019.02	2.10887e-10	-0.062125
262.461727	1049.91	1.85974e-10	-0.062133
265.225088	1060.96	1.83899e-10	-0.062136
275.710848	1102.9	1.7469e-10	-0.062146
286.196608	1144.85	1.64413e-10	-0.062155
296.682368	1186.79	1.53388e-10	-0.062164
307.168128	1228.73	1.41882e-10	-0.062173
317.653888	1270.68	1.30117e-10	-0.062181
328.139648	1312.62	1.18273e-10	-0.062188
338.625408	1354.56	1.06498e-10	-0.062195
346.347807	1385.45	9.78996e-11	-0.0622
349.111168	1396.5	9.68728e-11	-0.062202
370.082688	1480.39	8.79802e-11	-0.062214
380.568448	1522.33	8.31387e-11	-0.06222
391.054208	1564.28	7.81298e-11	-0.062226
401.539968	1606.22	7.30169e-11	-0.062231
412.025728	1648.16	6.78493e-11	-0.062236
422.511488	1690.11	6.26725e-11	-0.062241
430.233887	1721.0	5.88046e-11	-0.062244
443.483008	1773.99	5.60049e-11	-0.06225
464.454528	1857.88	5.10858e-11	-0.062259
485.426048	1941.76	4.58838e-11	-0.062267
506.397568	2025.65	4.05599e-11	-0.062274
514.119967	2056.54	3.85617e-11	-0.062277
527.369088	2109.54	3.74262e-11	-0.062281
548.340608	2193.42	3.53501e-11	-0.062287
569.312128	2277.31	3.3067e-11	-0.062293
590.283648	2361.2	3.06441e-11	-0.062299
611.255168	2445.08	2.81366e-11	-0.062304
632.226688	2528.97	2.55902e-11	-0.062309
674.169728	2696.74	2.05214e-11	-0.062318
681.892127	2727.63	1.95809e-11	-0.062319
716.112768	2864.51	2.05064e-11	-0.062326
758.055808	3032.28	2.13435e-11	-0.062334
799.998848	3200.06	2.19248e-11	-0.062341
841.941888	3367.83	2.22894e-11	-0.062347
883.884928	3535.6	2.24722e-11	-0.062352
925.827968	3703.37	2.25041e-11	-0.062358
967.771008	3871.14	2.24119e-11	-0.062363
1009.71405	4038.92	2.22193e-11	-0.062367
