#beta	transition energy [Ry]	dipole strength	initial state energy [Ry]
2e-07	0.050233	0.0275353	-0.06258
8.7e-06	0.050165	0.0275353	-0.06258
0.0001025	0.050218	0.0275353	-0.063316
0.0001075	0.050224	0.0275942	-0.063356
0.00011	0.050227	0.027625	-0.063376
0.0001125	0.050231	0.027656	-0.063396
0.0001175	0.050239	0.0277205	-0.063436
0.0001225	0.050245	0.0277873	-0.063475
0.00013	0.050258	0.027893	-0.063535
0.0001325	0.050262	0.0279286	-0.063555
0.0001375	0.050269	0.0280033	-0.063594
0.0001425	0.050278	0.0280803	-0.063634
0.0001475	0.050286	0.0281596	-0.063673
0.00015	0.050291	0.0282003	-0.063693
0.0001525	0.050295	0.0282415	-0.063713
0.0001575	0.050304	0.0283259	-0.063752
0.0001675	0.050323	0.0285014	-0.063831
0.00017	0.050329	0.028547	-0.063851
0.0001725	0.050334	0.028593	-0.063871
0.0001775	0.050344	0.0286871	-0.06391
0.0001825	0.050354	0.0287833	-0.063949
0.0001875	0.050365	0.0288817	-0.063989
0.0001925	0.050376	0.0289821	-0.064028
0.0002025	0.050399	0.029189	-0.064107
0.0002075	0.050411	0.0292954	-0.064146
0.00021	0.050417	0.0293496	-0.064166
0.0002125	0.050423	0.0294043	-0.064186
0.0002175	0.050435	0.0295156	-0.064225
0.0002225	0.050448	0.0296287	-0.064264
0.0002275	0.05046	0.0297438	-0.064303
0.00023	0.050467	0.0298026	-0.064323
0.0002375	0.050487	0.0299803	-0.064382
0.0002425	0.0505	0.0301014	-0.064421
0.0002475	0.050514	0.0302242	-0.06446
0.00025	0.050521	0.0302865	-0.06448
0.0002525	0.050529	0.0303492	-0.0645
0.0002575	0.050543	0.0304761	-0.064539
0.0002625	0.050557	0.0306047	-0.064578
0.00027	0.05058	0.0308013	-0.064637
0.0002725	0.050588	0.0308672	-0.064657
0.0002825	0.050618	0.031137	-0.064735
0.00029	0.050641	0.031344	-0.064793
0.0002925	0.050649	0.0314133	-0.064813
0.0003025	0.050681	0.0316966	-0.064891
0.00031	0.050706	0.0319133	-0.064949
0.0003125	0.050715	0.031986	-0.064969
0.0003225	0.050748	0.0322826	-0.065047
0.0003325	0.050783	0.0325844	-0.065125
0.0003425	0.050818	0.0328913	-0.065202
0.00035	0.050846	0.0331253	-0.065261
0.0003525	0.050854	0.0332038	-0.06528
0.0003625	0.050892	0.0335224	-0.065358
0.00037	0.05092	0.0337648	-0.065416
0.0003725	0.050929	0.033846	-0.065435
0.0003825	0.050968	0.0341751	-0.065513
0.00039	0.050998	0.034425	-0.065571
0.0003925	0.051007	0.0345087	-0.06559
0.0004025	0.051047	0.0348474	-0.065668
0.00041	0.051077	0.0351042	-0.065726
0.0004125	0.051087	0.0351902	-0.065745
0.0004225	0.051129	0.0355378	-0.065823
0.00043	0.051161	0.0358012	-0.065881
0.0004325	0.051171	0.0358894	-0.0659
0.0004425	0.051213	0.0362453	-0.065977
0.00045	0.051245	0.0365146	-0.066035
0.0004525	0.051256	0.036605	-0.066054
0.0004625	0.051299	0.0369694	-0.066131
0.0004725	0.051343	0.0373367	-0.066208
0.0004825	0.051388	0.0377067	-0.066285
0.00049	0.051422	0.0379861	-0.066343
0.0004925	0.051433	0.0380799	-0.066362
0.0005025	0.051479	0.0384573	-0.066439
0.00051	0.051515	0.0387419	-0.066497
0.0005125	0.051526	0.0388373	-0.066516
0.0005225	0.051573	0.0392207	-0.066593
0.00053	0.051608	0.0395097	-0.06665
0.0005325	0.05162	0.0396065	-0.066669
0.0005425	0.051668	0.0399954	-0.066746
0.00055	0.051704	0.0402884	-0.066803
0.0005525	0.051716	0.0403864	-0.066822
0.0005625	0.051765	0.0407804	-0.066899
0.00057	0.051802	0.041077	-0.066956
0.0005725	0.051814	0.0411762	-0.066975
0.0005825	0.051864	0.0415747	-0.067052
0.00059	0.051901	0.0418745	-0.067109
0.0005925	0.051913	0.0419751	-0.067128
0.0006025	0.051964	0.0423784	-0.067204
0.0006125	0.052014	0.042783	-0.06728
0.0006225	0.052065	0.0431883	-0.067356
0.00063	0.052104	0.043493	-0.067413
0.0006325	0.052117	0.0435953	-0.067432
0.0006425	0.052169	0.0440048	-0.067508
0.00065	0.052208	0.0443123	-0.067565
0.0006525	0.052221	0.0444153	-0.067584
0.0006625	0.052274	0.0448277	-0.06766
0.00067	0.052314	0.0451372	-0.067717
0.0006725	0.052327	0.0452409	-0.067736
0.0006825	0.052379	0.0456558	-0.067811
0.00069	0.052419	0.0459671	-0.067868
0.0006925	0.052433	0.0460714	-0.067887
0.0007025	0.052487	0.0464883	-0.067962
0.00071	0.052527	0.0468011	-0.068019
0.0007125	0.052541	0.0469058	-0.068038
0.0007225	0.052595	0.0473246	-0.068113
0.00073	0.052637	0.0476386	-0.06817
0.0007325	0.052651	0.0477439	-0.068189
0.0007425	0.052706	0.0481651	-0.068264
0.0007525	0.05276	0.0485859	-0.068339
0.00077	0.052859	0.0493214	-0.068471
0.0007725	0.052873	0.0494272	-0.06849
0.0007825	0.052929	0.0498494	-0.068565
0.00079	0.052971	0.0501656	-0.068621
0.0007925	0.052985	0.0502715	-0.06864
0.0008025	0.053042	0.0506942	-0.068715
0.00081	0.053084	0.0510107	-0.068771
0.0008125	0.053098	0.0511167	-0.06879
0.0008225	0.053156	0.0515397	-0.068865
0.00083	0.053199	0.0518559	-0.068921
0.0008425	0.05327	0.0523853	-0.069014
0.00085	0.053313	0.0527017	-0.06907
0.0008525	0.053328	0.0528076	-0.069089
0.0008625	0.053386	0.0532302	-0.069163
0.00087	0.053429	0.0535464	-0.069219
0.0008725	0.053444	0.0536525	-0.069238
0.0008825	0.053502	0.0540754	-0.069312
0.0008925	0.05356	0.054497	-0.069386
0.00091	0.053663	0.0552313	-0.069516
0.0009125	0.053678	0.0553371	-0.069535
0.0009225	0.053737	0.055758	-0.069609
0.0009325	0.053796	0.0561774	-0.069683
0.0009425	0.053856	0.056595	-0.069757
0.00095	0.053901	0.0569069	-0.069813
0.0009525	0.053915	0.0570118	-0.069831
0.0009625	0.053975	0.0574294	-0.069905
0.0009825	0.054096	0.058259	-0.070053
0.00099	0.054141	0.058567	-0.070108
0.0010025	0.054216	0.0590847	-0.0702
0.0010225	0.054339	0.0599039	-0.070348
0.00103	0.054385	0.0602075	-0.070403
0.0010425	0.054461	0.0607177	-0.070495
0.0010625	0.054583	0.0615235	-0.070641
0.00107	0.054629	0.0618213	-0.070696
0.0010825	0.054707	0.0623218	-0.070788
0.0011025	0.054831	0.0631101	-0.070934
0.00111	0.054878	0.0634007	-0.070989
0.0011225	0.054956	0.0638888	-0.07108
0.0011425	0.05508	0.0646549	-0.071225
0.00115	0.055128	0.0649362	-0.07128
0.0011625	0.055207	0.0654088	-0.071371
0.0011825	0.055333	0.0661471	-0.071516
0.00119	0.055381	0.0664169	-0.071571
0.0012025	0.055461	0.06687	-0.071662
0.0012225	0.055589	0.0675739	-0.071807
0.00123	0.055637	0.0678294	-0.071861
0.0012425	0.055717	0.0682586	-0.071951
0.0012625	0.055845	0.0689202	-0.072095
0.00127	0.055894	0.0691579	-0.072149
0.0012825	0.055975	0.0695572	-0.072239
0.0013025	0.056105	0.0701676	-0.072383
0.00131	0.056154	0.0703848	-0.072437
0.0013225	0.056236	0.0707496	-0.072527
0.0013425	0.056367	0.0712988	-0.07267
0.00135	0.056417	0.0714911	-0.072724
0.0013625	0.056499	0.0718141	-0.072813
0.0013825	0.056632	0.072291	-0.072956
0.00139	0.056681	0.0724541	-0.073009
0.0014025	0.056764	0.0727281	-0.073098
0.0014225	0.056899	0.0731208	-0.073241
0.00143	0.056949	0.0732502	-0.073294
0.0014425	0.057033	0.0734677	-0.073383
0.0014625	0.057168	0.073764	-0.073525
0.00147	0.057219	0.073855	-0.073578
0.0014825	0.057303	0.0740081	-0.073666
0.0015025	0.057439	0.0741955	-0.073808
0.0015225	0.057576	0.0743248	-0.073949
0.0015425	0.057713	0.0743915	-0.07409
0.0015625	0.057851	0.0743942	-0.074231
0.0015825	0.057988	0.0743289	-0.074371
0.0016025	0.058128	0.0741951	-0.074512
0.0016225	0.058266	0.0739883	-0.074652
0.00163	0.058318	0.0738833	-0.074704
0.0016425	0.058405	0.073708	-0.074791
0.0016625	0.058546	0.0733522	-0.074931
0.00167	0.058598	0.0731904	-0.074983
0.0016825	0.058686	0.0729202	-0.07507
0.0017025	0.058827	0.07241	-0.075209
0.00171	0.05888	0.0721899	-0.075261
0.0017225	0.058968	0.0718221	-0.075348
0.0017425	0.05911	0.071155	-0.075487
0.00175	0.059163	0.0708763	-0.075539
0.0017625	0.059251	0.0704103	-0.075625
0.0017825	0.059393	0.0695873	-0.075763
0.00179	0.059447	0.0692507	-0.075815
0.0018025	0.059536	0.0686879	-0.075901
0.0018225	0.059679	0.0677126	-0.076039
0.00183	0.059733	0.0673203	-0.076091
0.0018425	0.059822	0.0666641	-0.076177
0.0018625	0.059965	0.0655437	-0.076314
0.00187	0.060018	0.0650988	-0.076365
0.0018825	0.060108	0.0643546	-0.076451
0.00191	0.060305	0.0625903	-0.076639
0.0019225	0.060394	0.0617808	-0.076724
0.0019425	0.060538	0.0604029	-0.076861
0.00195	0.060592	0.0598666	-0.076912
0.0019625	0.060681	0.0589696	-0.076997
0.0019825	0.060825	0.0574844	-0.077133
0.00199	0.060879	0.0569111	-0.077184
0.0020025	0.060968	0.0559522	-0.077269
0.0020225	0.061111	0.054377	-0.077404
0.00203	0.061165	0.0537696	-0.077455
0.0020625	0.061396	0.051117	-0.077674
0.00207	0.06145	0.0504861	-0.077725
0.00211	0.061734	0.0470916	-0.077994
0.0021425	0.061965	0.0442942	-0.078212
0.00215	0.062018	0.0436446	-0.078262
0.0021825	0.062248	0.0408101	-0.07848
0.00219	0.062301	0.0401608	-0.07853
0.0022225	0.06253	0.0373285	-0.078747
0.00223	0.062582	0.0366863	-0.078797
0.0022625	0.062808	0.0338855	-0.079012
0.00227	0.06286	0.0332564	-0.079062
0.0023025	0.063086	0.0305141	-0.079277
0.00231	0.063138	0.0298966	-0.079327
0.0023225	0.063224	0.0288645	-0.079409
0.0023425	0.063363	0.0272436	-0.079542
0.00235	0.063414	0.0266486	-0.079591
0.0023625	0.063499	0.0256543	-0.079673
0.00239	0.063688	0.0235451	-0.079855
0.0024025	0.063773	0.0225814	-0.079937
0.0024225	0.063909	0.0211027	-0.080068
0.00243	0.06396	0.0205644	-0.080117
0.0024425	0.064044	0.019665	-0.080199
0.0024625	0.064178	0.0182702	-0.080329
0.00247	0.064228	0.0177645	-0.080378
0.0024825	0.064313	0.0169198	-0.08046
0.0025025	0.064446	0.0156151	-0.08059
0.00251	0.064496	0.0151535	-0.080639
0.0025425	0.064713	0.0131465	-0.08085
0.00255	0.064763	0.0127111	-0.080899
0.0025625	0.064845	0.0119843	-0.08098
0.0025825	0.064976	0.0108709	-0.081109
0.00259	0.065026	0.0104722	-0.081158
0.0026025	0.065109	0.00980679	-0.081239
0.0026225	0.065239	0.00879244	-0.081368
0.00263	0.065288	0.00843098	-0.081416
0.0026425	0.06537	0.00782806	-0.081497
0.00267	0.065549	0.00660634	-0.081674
0.0026825	0.06563	0.00605089	-0.081754
0.00271	0.065807	0.00496937	-0.08193
0.0027225	0.065887	0.0044784	-0.08201
0.00275	0.066064	0.00354098	-0.082186
0.0027625	0.066144	0.00311631	-0.082266
0.00279	0.06632	0.00232899	-0.082441
0.0028025	0.066399	0.00197342	-0.08252
0.00283	0.066574	0.00142632	-0.082695
0.00287	0.066828	0.000650573	-0.082948
0.0028825	0.066907	0.000413233	-0.083027
0.00291	0.067082	0.000162891	-0.083201
0.0029225	0.067161	5.47206e-05	-0.08328
0.00295	0.067335	3.98912e-05	-0.083453
0.0029625	0.067414	4.02807e-05	-0.083531
0.0029825	0.067541	0.000183415	-0.083657
0.00299	0.067589	0.000278195	-0.083704
0.0030025	0.067668	0.000441194	-0.083782
0.0030225	0.067795	0.000825864	-0.083907
0.00303	0.067843	0.0010207	-0.083954
0.0030425	0.067923	0.00135172	-0.084032
0.0030625	0.068051	0.00203352	-0.084157
0.00307	0.068099	0.00235092	-0.084204
0.0030825	0.06818	0.00288766	-0.084282
0.0031025	0.068307	0.00392959	-0.084405
0.00311	0.068356	0.00439305	-0.084452
0.0031225	0.068437	0.0051749	-0.084529
0.0031325	0.068503	0.00587779	-0.084592
0.0031425	0.068568	0.00663552	-0.084653
0.00315	0.068617	0.00724493	-0.0847
0.0031525	0.068633	0.00744936	-0.084715
0.0031625	0.068699	0.00832071	-0.084777
0.0031725	0.068766	0.00924844	-0.084839
0.0031825	0.068833	0.0102321	-0.084901
0.00319	0.068883	0.0110102	-0.084948
0.0031925	0.068899	0.0112711	-0.084963
0.0032025	0.068967	0.0123644	-0.085025
0.0032125	0.069034	0.0135095	-0.085086
0.0032225	0.069102	0.0147031	-0.085148
0.00323	0.069152	0.015631	-0.085194
0.0032325	0.069169	0.0159421	-0.085209
0.0032425	0.069238	0.0172239	-0.085271
0.0032525	0.069307	0.0185419	-0.085332
0.0032625	0.069376	0.0198911	-0.085394
0.00327	0.069429	0.0209215	-0.08544
0.0032725	0.069446	0.0212667	-0.085455
0.0032825	0.069516	0.0226643	-0.085517
0.0032925	0.069586	0.0240757	-0.085578
0.0033025	0.069657	0.0254949	-0.085639
0.00331	0.06971	0.0265598	-0.085685
0.0033125	0.069727	0.0269165	-0.0857
0.0033225	0.069799	0.0283365	-0.085761
0.0033325	0.06987	0.0297467	-0.085822
0.0033425	0.069942	0.0311417	-0.085883
0.00335	0.069997	0.0321724	-0.085929
0.0033525	0.070015	0.0325177	-0.085944
0.0033625	0.070088	0.0338721	-0.086005
0.0033725	0.070161	0.0351983	-0.086066
0.0033825	0.070234	0.0364928	-0.086126
0.00339	0.07029	0.0374373	-0.086172
0.0033925	0.070308	0.0377539	-0.086187
0.0034025	0.070382	0.0389814	-0.086248
0.0034125	0.070457	0.0401704	-0.086309
0.00343	0.070587	0.0421449	-0.086415
0.0034325	0.070606	0.0424291	-0.08643
0.0034425	0.070681	0.0435009	-0.086491
0.0034525	0.070756	0.0445311	-0.086551
0.0034625	0.070832	0.0455201	-0.086612
0.00347	0.070889	0.0462308	-0.086657
0.0034725	0.070908	0.0464692	-0.086672
0.0034825	0.070984	0.0473817	-0.086733
0.0035025	0.071137	0.0490891	-0.086854
0.00351	0.071194	0.0496724	-0.086899
0.0035225	0.07129	0.0506525	-0.086974
0.0035425	0.071444	0.0520785	-0.087094
0.00355	0.071502	0.0525637	-0.087139
0.0035625	0.071598	0.0533793	-0.087214
0.0035825	0.071753	0.0545623	-0.087334
0.00359	0.071812	0.0549638	-0.087379
0.0036025	0.071909	0.0556393	-0.087454
0.0036225	0.072065	0.0566167	-0.087573
0.00363	0.072124	0.0569479	-0.087618
0.0036425	0.072221	0.0575053	-0.087693
0.0036625	0.072378	0.0583101	-0.087812
0.00367	0.072437	0.058582	-0.087857
0.0036825	0.072534	0.0590401	-0.087931
0.0037025	0.072691	0.0596989	-0.08805
0.00371	0.072751	0.0599204	-0.088095
0.0037225	0.072849	0.0602941	-0.088169
0.0037425	0.073007	0.0608278	-0.088288
0.00375	0.073066	0.0609964	-0.088332
0.0037825	0.073321	0.0617302	-0.088524
0.00379	0.07338	0.0618612	-0.088568
0.0038225	0.073636	0.0624296	-0.08876
0.00383	0.073695	0.0625257	-0.088804
0.0038625	0.073951	0.0629407	-0.088995
0.0039025	0.074265	0.0632704	-0.089229
0.00395	0.074638	0.0633486	-0.089507
0.0039825	0.074892	0.0633742	-0.089696
0.0040225	0.075204	0.0631243	-0.089928
0.00403	0.075263	0.0630369	-0.089972
0.0040625	0.075516	0.0626444	-0.090161
0.00407	0.075574	0.0625188	-0.090204
0.0040825	0.07567	0.0623094	-0.090276
0.0041025	0.075824	0.0619032	-0.090392
0.00411	0.075881	0.0617238	-0.090435
0.0041225	0.075977	0.0614237	-0.090507
0.0041425	0.076131	0.0608628	-0.090623
0.00415	0.076188	0.0606215	-0.090666
0.0041625	0.076283	0.0602175	-0.090738
0.0041825	0.076434	0.0594798	-0.090853
0.00419	0.076491	0.0591684	-0.090896
0.0042025	0.076585	0.0586465	-0.090968
0.0042225	0.076734	0.0577102	-0.091082
0.00423	0.07679	0.0573212	-0.091125
0.0042425	0.076883	0.0566689	-0.091196
0.0042625	0.07703	0.0555168	-0.09131
0.00427	0.077085	0.0550453	-0.091353
0.0042825	0.077176	0.0542544	-0.091424
0.0042925	0.077249	0.0535812	-0.091481
0.0043025	0.077322	0.0528794	-0.091538
0.00431	0.077376	0.0523326	-0.091581
0.0043125	0.077394	0.0521502	-0.091595
0.0043225	0.077466	0.051396	-0.091652
0.0043325	0.077537	0.0506147	-0.091709
0.00435	0.07766	0.0491815	-0.091808
0.0043525	0.077678	0.0489755	-0.091822
0.0043625	0.077749	0.0481222	-0.091879
0.0043725	0.077819	0.0472465	-0.091936
0.0043825	0.077888	0.0463498	-0.091992
0.00439	0.077941	0.0456639	-0.092035
0.0043925	0.077958	0.0454349	-0.092049
0.0044025	0.078027	0.0445047	-0.092106
0.0044125	0.078095	0.0435593	-0.092162
0.0044225	0.078164	0.0426007	-0.092219
0.00443	0.078214	0.0418745	-0.092261
0.0044325	0.078231	0.041632	-0.092275
0.0044425	0.078298	0.0406563	-0.092331
0.0044525	0.078365	0.0396744	-0.092388
0.0044625	0.078432	0.0386885	-0.092444
0.00447	0.078482	0.0379487	-0.092486
0.0044725	0.078498	0.0377015	-0.0925
0.0044825	0.078563	0.0367168	-0.092556
0.0044925	0.078629	0.0357348	-0.092613
0.0045025	0.078694	0.034758	-0.092669
0.00451	0.078742	0.0340315	-0.092711
0.0045125	0.078758	0.0337888	-0.092725
0.0045225	0.078822	0.0328299	-0.092781
0.0045425	0.07895	0.0309463	-0.092893
0.00455	0.078997	0.0302558	-0.092935
0.0045525	0.079013	0.0300252	-0.092949
0.0045625	0.079076	0.0291205	-0.093005
0.0045725	0.079137	0.0282325	-0.09306
0.0045825	0.079199	0.027362	-0.093116
0.00459	0.079246	0.0267236	-0.093158
0.0045925	0.079261	0.0265104	-0.093172
0.0046125	0.079383	0.0248674	-0.093283
0.0046225	0.079445	0.024076	-0.093339
0.00463	0.07949	0.0234985	-0.093381
0.0046325	0.079505	0.0233056	-0.093395
0.0046425	0.079566	0.0225569	-0.093451
0.0046525	0.079626	0.021829	-0.093506
0.0046625	0.079686	0.0211221	-0.093562
0.00467	0.079731	0.0206174	-0.093604
0.0046825	0.079805	0.0197718	-0.093673
0.0047025	0.079922	0.018504	-0.093784
0.00471	0.079966	0.0180602	-0.093825
0.0047225	0.080039	0.0173165	-0.093894
0.0047425	0.080155	0.0162057	-0.094005
0.00475	0.080199	0.0158177	-0.094047
0.0047625	0.080271	0.015168	-0.094116
0.0047825	0.080385	0.0141994	-0.094226
0.00479	0.080428	0.0138615	-0.094267
0.0048025	0.080499	0.0132957	-0.094336
0.0048225	0.080612	0.0124529	-0.094446
0.00483	0.080654	0.0121589	-0.094487
0.0048425	0.080724	0.0116668	-0.094555
0.0048625	0.080837	0.0109335	-0.094665
0.00487	0.080879	0.0106776	-0.094706
0.0048825	0.080948	0.0102492	-0.094774
0.0049025	0.081059	0.00961041	-0.094884
0.00491	0.081101	0.00938724	-0.094925
0.0049225	0.08117	0.00901374	-0.094993
0.00495	0.081321	0.00827374	-0.095143
0.0049625	0.081389	0.00793438	-0.095211
0.0049825	0.081499	0.00744608	-0.09532
0.00499	0.08154	0.00727497	-0.095361
0.0050025	0.081608	0.00698872	-0.095429
0.0050225	0.081716	0.00655991	-0.095537
0.00503	0.081757	0.00640939	-0.095578
0.0050425	0.081825	0.00615762	-0.095646
0.0050625	0.081933	0.00577985	-0.095754
0.00507	0.081974	0.00565144	-0.095795
0.0051025	0.082148	0.00509102	-0.09597
0.00511	0.082188	0.00497723	-0.09601
0.0051425	0.082362	0.00448089	-0.096186
0.00515	0.082402	0.00437975	-0.096226
0.0051825	0.082575	0.0039389	-0.096401
0.00519	0.082615	0.00384878	-0.096441
0.0052225	0.082787	0.00345621	-0.096615
0.00523	0.082826	0.0033803	-0.096655
0.00527	0.083037	0.00297331	-0.096869
0.0053025	0.083208	0.00264001	-0.097042
0.00531	0.083247	0.00257899	-0.097082
0.00535	0.083457	0.00225231	-0.097295
0.0053825	0.083626	0.00198552	-0.097467
0.00539	0.083665	0.00193628	-0.097507
0.00543	0.083873	0.00167339	-0.097718
0.0054625	0.084041	0.00145937	-0.097889
0.00547	0.08408	0.00141972	-0.097929
0.00551	0.084287	0.00120858	-0.09814
0.0055425	0.084455	0.0010374	-0.098311
0.00555	0.084493	0.00100882	-0.09835
0.00559	0.084699	0.000857455	-0.098559
0.00563	0.084904	0.000707812	-0.098768
0.00567	0.08511	0.000559961	-0.098977
0.0057025	0.085276	0.000441215	-0.099146
0.00571	0.085314	0.000422371	-0.099185
0.00575	0.085518	0.000323637	-0.099392
0.0057825	0.085683	0.000245553	-0.09956
0.00579	0.085721	0.000232146	-0.099599
0.00583	0.085925	0.000162819	-0.099806
0.0058625	0.086089	0.00010911	-0.099973
0.00587	0.086127	0.000100778	-0.100012
0.00591	0.086329	5.89143e-05	-0.100217
0.0059425	0.086494	2.79849e-05	-0.100384
0.00595	0.086532	2.45298e-05	-0.100422
0.00599	0.086733	9.07711e-06	-0.100626
0.0060225	0.086897	7.17713e-08	-0.100792
0.00603	0.086935	1.43472e-06	-0.10083
0.00607	0.087137	1.20923e-05	-0.101034
0.0061025	0.0873	2.47783e-05	-0.101199
0.00611	0.087338	3.03258e-05	-0.101237
0.0061425	0.087501	5.70424e-05	-0.101401
0.00615	0.087539	6.50942e-05	-0.101439
0.0061825	0.087701	0.000102827	-0.101603
0.00619	0.087739	0.000113433	-0.101641
0.0062225	0.087902	0.000162405	-0.101805
0.00623	0.08794	0.000175628	-0.101843
0.0062625	0.088103	0.000236114	-0.102006
0.00627	0.088141	0.000252028	-0.102044
0.0063025	0.088303	0.000324359	-0.102207
0.00631	0.088341	0.00034305	-0.102245
0.0063425	0.088504	0.000427603	-0.102407
0.00635	0.088542	0.000449168	-0.102445
0.0063825	0.088704	0.000546369	-0.102607
0.00639	0.088741	0.000570913	-0.102644
0.0064225	0.088905	0.000681231	-0.102807
0.00643	0.088942	0.000708857	-0.102844
0.0064625	0.089104	0.000832744	-0.103005
0.00647	0.089141	0.000863596	-0.103042
0.0065025	0.089305	0.00100168	-0.103204
0.00651	0.089342	0.0010359	-0.103241
0.0065425	0.089505	0.0011888	-0.103402
0.00655	0.089543	0.00122651	-0.103439
0.0065825	0.089705	0.00139476	-0.103599
0.00659	0.089743	0.00143611	-0.103636
0.0066225	0.089905	0.00162037	-0.103796
0.00663	0.089943	0.00166551	-0.103833
0.0066625	0.090105	0.00186647	-0.103992
0.00667	0.090143	0.00191555	-0.104029
0.0067025	0.090305	0.00213384	-0.104188
0.00671	0.090343	0.00218702	-0.104225
0.0067425	0.090506	0.00242334	-0.104384
0.00675	0.090544	0.00248077	-0.104421
0.0067825	0.090707	0.00273577	-0.104579
0.00679	0.090745	0.00279759	-0.104616
0.0068225	0.090908	0.00307193	-0.104774
0.00683	0.090946	0.00313829	-0.104811
0.0068625	0.09111	0.00343258	-0.104969
0.00687	0.091147	0.00350361	-0.105005
0.0069025	0.091311	0.0038184	-0.105163
0.00691	0.091349	0.00389421	-0.105199
0.0069425	0.091514	0.00423002	-0.105357
0.00695	0.091552	0.00431071	-0.105393
0.0069825	0.091716	0.00466795	-0.10555
0.00699	0.091754	0.00475359	-0.105586
0.0070225	0.091917	0.00513259	-0.105742
0.00703	0.091955	0.00522323	-0.105778
0.0070625	0.092121	0.00562417	-0.105935
0.00707	0.092159	0.00571983	-0.105971
0.0071025	0.092324	0.00614277	-0.106127
0.00711	0.092362	0.00624343	-0.106163
0.0071425	0.092528	0.00668826	-0.106318
0.00715	0.092566	0.00679385	-0.106354
0.0071825	0.092732	0.00726027	-0.106509
0.00719	0.092771	0.00737068	-0.106545
0.0072225	0.092936	0.0078582	-0.106699
0.00723	0.092975	0.00797327	-0.106735
0.0072625	0.093142	0.00848115	-0.10689
0.00727	0.093181	0.00860066	-0.106926
0.0073025	0.093348	0.00912795	-0.10708
0.00731	0.093386	0.00925162	-0.107115
0.0073425	0.093554	0.0097971	-0.107269
0.00735	0.093593	0.00992461	-0.107305
0.0073825	0.093762	0.0104868	-0.107459
0.00739	0.0938	0.0106177	-0.107494
0.0074225	0.093968	0.0111948	-0.107647
0.00743	0.094007	0.0113287	-0.107682
0.0074625	0.094176	0.0119189	-0.107835
0.00747	0.094215	0.0120553	-0.10787
0.0075025	0.094384	0.0126559	-0.108023
0.00751	0.094423	0.0127942	-0.108058
0.0075425	0.094593	0.0134048	-0.10821
0.00755	0.094632	0.0135448	-0.108245
0.0075825	0.094802	0.0141588	-0.108397
0.00759	0.094841	0.0142989	-0.108432
0.0076225	0.095012	0.014916	-0.108584
0.00763	0.095051	0.0150561	-0.108619
0.0076625	0.095222	0.0156722	-0.10877
0.00767	0.095262	0.0158114	-0.108805
0.0077025	0.095433	0.0164235	-0.108956
0.00771	0.095473	0.0165611	-0.108991
0.0077425	0.095644	0.0171657	-0.109141
0.00775	0.095684	0.0173009	-0.109176
0.0077825	0.095856	0.0178946	-0.109326
0.00779	0.095896	0.0180265	-0.109361
0.0078225	0.096068	0.0186059	-0.109511
0.00783	0.096108	0.0187338	-0.109546
0.0078625	0.096279	0.0192952	-0.109695
0.00787	0.096319	0.0194184	-0.10973
0.0079025	0.096492	0.0199584	-0.109879
0.00791	0.096532	0.020076	-0.109914
0.0079425	0.096705	0.0205912	-0.110063
0.00795	0.096745	0.0207025	-0.110098
0.0079825	0.096918	0.0211897	-0.110247
0.00799	0.096958	0.0212939	-0.110281
0.0080225	0.097131	0.0217499	-0.11043
0.00803	0.097171	0.0218464	-0.110464
0.0080625	0.097343	0.0222684	-0.110612
0.00807	0.097383	0.0223566	-0.110646
0.0081025	0.097555	0.0227419	-0.110794
0.00811	0.097595	0.0228168	-0.110828
0.00815	0.097807	0.0232177	-0.11101
0.0081825	0.097979	0.0235419	-0.111157
0.00819	0.098019	0.0235891	-0.111191
0.00823	0.09823	0.0238387	-0.111372
0.00827	0.098441	0.0240797	-0.111553
0.00831	0.098651	0.024312	-0.111733
0.0083425	0.098822	0.0244946	-0.111879
0.0083825	0.09903	0.0245907	-0.112058
0.0084225	0.099239	0.0246293	-0.112238
0.0084625	0.099447	0.0246113	-0.112417
0.0085025	0.099653	0.0245377	-0.112595
0.0085425	0.099859	0.0244105	-0.112774
0.00855	0.099897	0.0243781	-0.112807
0.0085825	0.100064	0.0242318	-0.112952
0.00859	0.100102	0.0241904	-0.112985
0.0086225	0.100267	0.0240043	-0.113129
0.00863	0.100305	0.0239544	-0.113162
0.0086625	0.100469	0.0237313	-0.113306
0.00867	0.100507	0.0236736	-0.113339
0.0087025	0.10067	0.0234162	-0.113483
0.00871	0.100707	0.0233514	-0.113516
0.0087425	0.10087	0.0230628	-0.11366
0.00875	0.100907	0.0229917	-0.113693
0.0087825	0.101069	0.0226754	-0.113836
0.00879	0.101106	0.0225987	-0.113869
0.0088225	0.101266	0.0222581	-0.114012
0.00883	0.101303	0.0221767	-0.114045
0.0088625	0.101462	0.0218172	-0.114187
0.0089025	0.101657	0.0213512	-0.114362
0.00891	0.101693	0.0212621	-0.114395
0.0089425	0.10185	0.0208693	-0.114537
0.00895	0.101886	0.0207782	-0.11457
0.0089825	0.102042	0.0203746	-0.114711
0.00899	0.102078	0.0202817	-0.114744
0.0090225	0.102234	0.0198706	-0.114886
0.00903	0.10227	0.0197766	-0.114919
0.0090625	0.102424	0.0193608	-0.11506
0.00907	0.10246	0.0192663	-0.115093
0.0091025	0.102613	0.0188485	-0.115234
0.00911	0.102648	0.018754	-0.115266
0.0091425	0.1028	0.0183381	-0.115407
0.0091825	0.102987	0.0178278	-0.11558
0.00919	0.103021	0.0177345	-0.115612
0.0092225	0.103172	0.0173239	-0.115753
0.00923	0.103206	0.0172322	-0.115785
0.0092625	0.103356	0.0168275	-0.115925
0.00927	0.10339	0.0167375	-0.115957
0.0093025	0.103539	0.01634	-0.116097
0.00931	0.103573	0.0162519	-0.116129
0.0093425	0.10372	0.0158629	-0.116268
0.00935	0.103754	0.0157768	-0.1163
0.0093825	0.103902	0.0153971	-0.11644
0.00939	0.103936	0.0153133	-0.116472
0.0094225	0.104082	0.0149447	-0.116611
0.0094625	0.10426	0.0145031	-0.116781
0.00947	0.104294	0.0144239	-0.116813
0.0095025	0.104439	0.0140756	-0.116952
0.00951	0.104472	0.0139991	-0.116984
0.0095425	0.104616	0.0136618	-0.117122
0.00955	0.104649	0.0135878	-0.117154
0.0095825	0.104791	0.0132619	-0.117291
0.00959	0.104824	0.0131905	-0.117323
0.0096225	0.104968	0.0128757	-0.117461
0.00963	0.105001	0.0128068	-0.117493
0.0096625	0.105142	0.0125031	-0.11763
0.00967	0.105175	0.0124367	-0.117662
0.0097025	0.105316	0.0121449	-0.117799
0.0097425	0.105489	0.0117986	-0.117967
0.00975	0.105522	0.0117368	-0.117999
0.0097825	0.105662	0.0114659	-0.118136
0.00979	0.105695	0.0114068	-0.118168
0.0098225	0.105834	0.0111459	-0.118304
0.00983	0.105867	0.0110889	-0.118336
0.0098625	0.106005	0.010838	-0.118472
0.00987	0.106037	0.0107832	-0.118503
0.0099025	0.106176	0.010542	-0.118639
0.00991	0.106208	0.0104912	-0.118671
0.00995	0.106378	0.0102154	-0.118838
0.0099825	0.106515	0.00998441	-0.118973
0.0100225	0.106684	0.009721	-0.11914
0.01003	0.106715	0.00967406	-0.119171
0.0100625	0.106852	0.00946812	-0.119306
0.01007	0.106883	0.00942313	-0.119337
0.0101025	0.10702	0.00922517	-0.119472
0.01011	0.107051	0.00918191	-0.119503
0.0101425	0.107187	0.00899159	-0.119638
0.01015	0.107218	0.00894998	-0.119669
0.0101825	0.107353	0.00876697	-0.119803
0.01019	0.107384	0.00872841	-0.119834
0.01023	0.10755	0.00851889	-0.119999
0.0102625	0.107685	0.00834365	-0.120133
0.01031	0.107882	0.00811337	-0.120329
0.0103425	0.108015	0.0079507	-0.120462
0.01035	0.108046	0.00791757	-0.120493
0.01039	0.10821	0.00773762	-0.120657
0.0104225	0.108343	0.00758684	-0.12079
0.01043	0.108374	0.00755608	-0.120821
0.01047	0.108537	0.007389	-0.120984
0.0105025	0.108669	0.00724906	-0.121116
0.01051	0.1087	0.00722045	-0.121147
0.0105825	0.108994	0.00693511	-0.121442
0.01059	0.109025	0.00690838	-0.121473
0.01063	0.109186	0.00676373	-0.121635
0.0106625	0.109317	0.00664263	-0.121767
0.01067	0.109347	0.00661778	-0.121797
0.01071	0.109508	0.00648288	-0.121959
0.0107425	0.109639	0.00636997	-0.122091
0.01075	0.109669	0.00634675	-0.122121
0.01079	0.109829	0.00622074	-0.122282
0.0108225	0.109959	0.0061156	-0.122413
0.01087	0.110148	0.00597568	-0.122604
0.0109025	0.110277	0.00587706	-0.122734
0.01091	0.110307	0.00585669	-0.122764
0.01095	0.110465	0.00574623	-0.122924
0.0109825	0.110594	0.00565383	-0.123054
0.01099	0.110624	0.0056359	-0.123084
0.01103	0.110782	0.00553859	-0.123244
0.01107	0.110939	0.00543805	-0.123403
0.0111425	0.111224	0.00524747	-0.123691
0.01115	0.111254	0.0052305	-0.123721
0.01119	0.111411	0.00513874	-0.12388
0.0112225	0.111538	0.00506205	-0.124009
0.01123	0.111568	0.00504609	-0.124039
0.01127	0.111723	0.00495957	-0.124197
0.0113025	0.111849	0.00488727	-0.124325
0.01131	0.111879	0.0048722	-0.124355
0.01135	0.112034	0.00479051	-0.124512
0.0113825	0.11216	0.00472244	-0.12464
0.01143	0.112344	0.00463074	-0.124827
0.0114625	0.11247	0.00456639	-0.124955
0.01151	0.112653	0.00447953	-0.125141
0.0115425	0.112778	0.0044186	-0.125268
0.01159	0.11296	0.00434082	-0.125453
0.01167	0.113267	0.00420346	-0.125765
0.0117025	0.113391	0.0041454	-0.125891
0.01175	0.113573	0.00407505	-0.126076
0.01183	0.113878	0.00395088	-0.126386
0.0118625	0.114001	0.00389842	-0.126511
0.01191	0.114181	0.00383447	-0.126694
0.01199	0.114483	0.00372164	-0.127002
0.0120225	0.114606	0.003674	-0.127127
0.01207	0.114785	0.00361558	-0.127309
0.01215	0.115085	0.00351255	-0.127615
0.0121825	0.115207	0.00346906	-0.127739
0.01223	0.115385	0.00342074	-0.12792
0.01231	0.115684	0.00333538	-0.128225
0.01239	0.115981	0.00324461	-0.128528
0.01247	0.116277	0.00314835	-0.12883
0.0125025	0.116398	0.0031078	-0.128953
0.01255	0.116573	0.00306639	-0.129132
0.01263	0.116868	0.00299324	-0.129433
0.01271	0.117161	0.00291551	-0.129732
0.01279	0.117454	0.00283312	-0.130031
0.0128225	0.117573	0.00279843	-0.130152
0.01287	0.117746	0.00276237	-0.130329
0.01295	0.118038	0.00269856	-0.130627
0.01303	0.118328	0.00263106	-0.130923
0.01311	0.118617	0.00255924	-0.131218
0.0131425	0.118735	0.00252908	-0.131338
0.01319	0.118906	0.00249724	-0.131513
0.01327	0.119194	0.00244098	-0.131807
0.01335	0.119481	0.00238119	-0.1321
0.01343	0.119767	0.00231786	-0.132392
0.0134625	0.119884	0.00229123	-0.132511
0.01351	0.120053	0.00226772	-0.132684
0.01359	0.120337	0.0022258	-0.132974
0.01367	0.120621	0.0021808	-0.133264
0.01375	0.120904	0.00213267	-0.133553
0.01383	0.121187	0.00208148	-0.133842
0.01391	0.121468	0.00202724	-0.134129
0.01399	0.121749	0.00197001	-0.134416
0.01407	0.122029	0.00190979	-0.134702
0.0141025	0.122143	0.00188458	-0.134818
0.01415	0.122309	0.0018608	-0.134987
0.01423	0.122588	0.00181873	-0.135272
0.01431	0.122865	0.00177393	-0.135555
0.01439	0.123142	0.00172646	-0.135838
0.0144225	0.123255	0.00170654	-0.135953
0.01447	0.123419	0.00168444	-0.13612
0.01455	0.123695	0.00164528	-0.136402
0.01463	0.123971	0.00160355	-0.136683
0.01471	0.124245	0.00155932	-0.136963
0.0147425	0.124356	0.00154077	-0.137076
0.01479	0.124519	0.00151999	-0.137242
0.01487	0.124792	0.00148314	-0.137521
0.01495	0.125063	0.00144383	-0.137798
0.01503	0.125335	0.00140215	-0.138076
0.0150625	0.125445	0.00138468	-0.138188
0.01511	0.125606	0.00136492	-0.138352
0.01519	0.125877	0.00132987	-0.138628
0.01527	0.126146	0.00129243	-0.138903
0.01535	0.126416	0.00125272	-0.139178
0.0153825	0.126525	0.00123609	-0.139289
0.01543	0.126684	0.00121713	-0.139451
0.01551	0.126952	0.00118344	-0.139724
0.01559	0.127219	0.00114743	-0.139997
0.01567	0.127485	0.00110923	-0.140268
0.0157025	0.127594	0.00109326	-0.140379
0.01575	0.127752	0.00107487	-0.14054
0.01583	0.128017	0.00104222	-0.14081
0.01591	0.128283	0.00100727	-0.14108
0.01599	0.128547	0.000970218	-0.141349
0.0160225	0.128654	0.000954751	-0.141458
0.01607	0.12881	0.000935325	-0.141617
0.01615	0.129073	0.0009011	-0.141885
0.0161825	0.129179	0.000886762	-0.141993
0.01623	0.129335	0.000867522	-0.142152
0.01631	0.129598	0.000833646	-0.142419
0.0163425	0.129704	0.000819471	-0.142527
0.01639	0.12986	0.00080039	-0.142685
0.01647	0.130121	0.000766824	-0.14295
0.0165025	0.130227	0.000752801	-0.143058
0.01655	0.130381	0.000733861	-0.143215
0.01663	0.130641	0.000700584	-0.143479
0.0166625	0.130746	0.000686706	-0.143586
0.01671	0.1309	0.000667897	-0.143742
0.01679	0.131159	0.000634903	-0.144005
0.0168225	0.131263	0.000621175	-0.144111
0.01687	0.131417	0.0006025	-0.144267
0.01695	0.131675	0.000569807	-0.144529
0.0169825	0.131779	0.000556243	-0.144635
0.01703	0.131932	0.000537717	-0.14479
0.01711	0.132189	0.000505372	-0.145051
0.0171425	0.132294	0.000491999	-0.145157
0.01719	0.132446	0.000473658	-0.145311
0.01727	0.132701	0.000441745	-0.14557
0.0173025	0.132805	0.000428607	-0.145675
0.01735	0.132956	0.000410508	-0.145828
0.01743	0.133212	0.000379153	-0.146087
0.0174625	0.133315	0.000366318	-0.146191
0.01751	0.133466	0.00034855	-0.146344
0.01759	0.13372	0.000317914	-0.146601
0.0176225	0.133823	0.000305477	-0.146705
0.01767	0.133975	0.000288167	-0.146858
0.01775	0.134227	0.000258584	-0.147113
0.0177825	0.13433	0.000246676	-0.147217
0.01783	0.134481	0.000230006	-0.147369
0.01791	0.134733	0.000201816	-0.147623
0.0179425	0.134836	0.000190619	-0.147727
0.01799	0.134986	0.000174843	-0.147878
0.01807	0.135238	0.000148561	-0.148131
0.0181025	0.13534	0.000138321	-0.148234
0.01815	0.135489	0.000123787	-0.148384
0.01823	0.135741	0.000100145	-0.148637
0.0182625	0.135842	9.11945e-05	-0.148739
0.01831	0.135991	7.80637e-05	-0.148889
0.0183425	0.136093	7.01096e-05	-0.148991
0.01839	0.136242	5.8109e-05	-0.14914
0.0184225	0.136344	5.10666e-05	-0.149242
0.01847	0.136492	4.03899e-05	-0.149391
0.0185025	0.136594	3.44089e-05	-0.149493
0.01855	0.136743	2.54769e-05	-0.149642
0.01863	0.136993	1.33112e-05	-0.149891
0.0186625	0.137095	9.92191e-06	-0.149993
0.01871	0.137244	4.74181e-06	-0.150141
0.0187425	0.137345	3.1128e-06	-0.150242
0.01879	0.137494	4.16076e-07	-0.15039
0.0188225	0.137595	7.38042e-07	-0.150491
0.01887	0.137743	9.55213e-07	-0.150638
0.0189025	0.137844	3.55392e-06	-0.150739
0.01895	0.137992	7.18271e-06	-0.150886
0.0189825	0.138093	1.2436e-05	-0.150986
0.01903	0.138242	2.0062e-05	-0.151133
0.0190625	0.138343	2.84143e-05	-0.151233
0.01911	0.138492	4.07212e-05	-0.15138
0.0191425	0.138593	5.26892e-05	-0.15148
0.01919	0.138741	7.04814e-05	-0.151626
0.0192225	0.138843	8.66723e-05	-0.151726
0.01927	0.138991	0.000110893	-0.151872
0.0193025	0.139093	0.000132018	-0.151972
0.01935	0.139242	0.000163774	-0.152117
0.0193825	0.139344	0.000190665	-0.152217
0.01943	0.139493	0.000231252	-0.152362
0.0194625	0.139594	0.000264882	-0.152461
0.01951	0.139743	0.000315819	-0.152606
0.0195425	0.139844	0.000357326	-0.152705
0.01959	0.139994	0.000420385	-0.15285
0.0196225	0.140096	0.000471093	-0.152949
0.0196625	0.140222	0.000536059	-0.15307
0.01967	0.140246	0.00054855	-0.153093
0.0197025	0.140348	0.000609791	-0.153192
0.0197425	0.140474	0.000688661	-0.153313
0.01975	0.140498	0.000703785	-0.153336
0.0198225	0.140727	0.00087268	-0.153555
0.01983	0.140751	0.000891005	-0.153578
0.0198625	0.140854	0.000979308	-0.153676
0.0199025	0.140981	0.00109326	-0.153797
0.01991	0.141005	0.00111524	-0.15382
0.0199425	0.141109	0.00122043	-0.153918
0.0199825	0.141236	0.00135626	-0.154038
0.01999	0.141261	0.00138246	-0.154061
0.0200225	0.141365	0.00150718	-0.154159
0.0200625	0.141493	0.00166823	-0.154279
0.02007	0.141517	0.0016993	-0.154302
0.0201025	0.141621	0.00184646	-0.154399
0.0201425	0.141751	0.00203643	-0.15452
0.02015	0.141775	0.00207307	-0.154542
0.0201825	0.141881	0.00224585	-0.15464
0.0202225	0.14201	0.00246871	-0.154759
0.02023	0.142035	0.00251165	-0.154782
0.0202625	0.142141	0.0027134	-0.15488
0.0203025	0.142272	0.00297328	-0.154999
0.02031	0.142297	0.00302328	-0.155022
0.0203425	0.142403	0.0032574	-0.155119
0.0203825	0.142535	0.00355838	-0.155238
0.02039	0.142559	0.00361617	-0.15526
0.0204225	0.142667	0.00388596	-0.155357
0.0204625	0.142801	0.00423182	-0.155477
0.02047	0.142826	0.00429804	-0.155499
0.0205025	0.142935	0.00460638	-0.155596
0.0205425	0.143069	0.00500023	-0.155715
0.02055	0.143094	0.00507535	-0.155737
0.0205825	0.143204	0.0054244	-0.155834
0.0206225	0.14334	0.0058682	-0.155953
0.02063	0.143365	0.00595247	-0.155975
0.0206625	0.143476	0.00634322	-0.156071
0.0207025	0.143614	0.00683728	-0.15619
0.02071	0.14364	0.00693057	-0.156212
0.0207425	0.143752	0.00736246	-0.156308
0.0207825	0.143891	0.00790491	-0.156426
0.02079	0.143917	0.00800668	-0.156448
0.0208225	0.14403	0.00847714	-0.156544
0.0208625	0.144171	0.0090635	-0.156663
0.02087	0.144197	0.00917269	-0.156685
0.0209025	0.144312	0.00967688	-0.15678
0.0209425	0.144454	0.0102997	-0.156898
0.02095	0.144481	0.0104147	-0.15692
0.0209825	0.144598	0.0109453	-0.157016
0.0210225	0.144742	0.0115944	-0.157134
0.02103	0.144769	0.0117131	-0.157156
0.0210625	0.144886	0.0122606	-0.157251
0.0211025	0.145031	0.0129229	-0.157368
0.02111	0.145058	0.0130428	-0.15739
0.0211425	0.145177	0.0135954	-0.157485
0.0211825	0.145325	0.0142558	-0.157603
0.02119	0.145353	0.014374	-0.157625
0.0212225	0.145472	0.0149188	-0.15772
0.0212625	0.145621	0.0155609	-0.157837
0.02127	0.145649	0.0156743	-0.157859
0.0213025	0.145769	0.0161976	-0.157954
0.0213425	0.145918	0.0168045	-0.15807
0.02135	0.145946	0.0169101	-0.158092
0.0213825	0.146068	0.0173978	-0.158187
0.0214225	0.146218	0.0179529	-0.158304
0.02143	0.146247	0.0180479	-0.158326
0.0214625	0.146369	0.0184869	-0.15842
0.02151	0.146547	0.0190364	-0.158558
0.0215425	0.146669	0.0194345	-0.158652
0.02159	0.146848	0.0198881	-0.15879
0.0216225	0.14697	0.0202139	-0.158884
0.02167	0.14715	0.0205591	-0.159022
0.0217025	0.147272	0.0208034	-0.159116
0.02175	0.14745	0.0210308	-0.159254
0.0217825	0.147572	0.0211871	-0.159348
0.0218225	0.147721	0.0212933	-0.159463
0.0218625	0.147869	0.0213559	-0.159578
0.02191	0.148044	0.0213446	-0.159715
0.0219425	0.148163	0.021309	-0.159808
0.0219825	0.14831	0.0212019	-0.159923
0.02199	0.148338	0.0211739	-0.159945
0.0220225	0.148455	0.0210542	-0.160038
0.0220625	0.1486	0.0208492	-0.160153
0.02207	0.148627	0.0208044	-0.160175
0.0221025	0.148744	0.0206084	-0.160268
0.0221425	0.148886	0.0203172	-0.160383
0.02215	0.148912	0.0202581	-0.160404
0.0221825	0.149027	0.0199968	-0.160497
0.0222225	0.149168	0.0196343	-0.160612
0.02223	0.149194	0.0195623	-0.160633
0.0222425	0.149238	0.019445	-0.160669
0.0222625	0.149307	0.0192505	-0.160726
0.0222825	0.149376	0.0190466	-0.160783
0.0223025	0.149445	0.018834	-0.16084
0.02231	0.14947	0.0187533	-0.160861
0.0223225	0.149513	0.0186209	-0.160897
0.0223625	0.14965	0.0181813	-0.161011
0.0223825	0.149717	0.0179519	-0.161068
0.02239	0.149742	0.0178657	-0.161089
0.0224025	0.149785	0.0177236	-0.161125
0.0224225	0.149852	0.0174942	-0.161182
0.0224425	0.149919	0.0172602	-0.161239
0.0224625	0.149986	0.0170222	-0.161296
0.02247	0.150011	0.0169361	-0.161317
0.0225025	0.150118	0.0165524	-0.161409
0.0225425	0.150249	0.016076	-0.161523
0.02255	0.150273	0.0159901	-0.161544
0.0225825	0.150379	0.0156075	-0.161636
0.0226225	0.150509	0.0151387	-0.16175
0.02263	0.150533	0.015055	-0.161771
0.0226625	0.150637	0.0146822	-0.161863
0.0227025	0.150765	0.01423	-0.161976
0.02271	0.150788	0.0141499	-0.161997
0.0227425	0.150891	0.0137931	-0.162089
0.0227825	0.151017	0.0133637	-0.162202
0.02279	0.15104	0.0132881	-0.162223
0.0228225	0.151142	0.0129513	-0.162315
0.0228625	0.151266	0.0125484	-0.162428
0.02287	0.151289	0.0124778	-0.162449
0.0229025	0.151389	0.0121632	-0.16254
0.0229425	0.151512	0.0117886	-0.162653
0.02295	0.151535	0.0117232	-0.162674
0.0229825	0.151633	0.0114317	-0.162765
0.0230225	0.151755	0.0110857	-0.162878
0.02303	0.151778	0.0110254	-0.162899
0.0230625	0.151876	0.0107569	-0.16299
0.0231025	0.151997	0.0104388	-0.163103
0.02311	0.152019	0.0103834	-0.163124
0.0231425	0.152116	0.010137	-0.163215
0.0231825	0.152235	0.00984544	-0.163327
0.02319	0.152257	0.00979472	-0.163348
0.0232225	0.152354	0.00956907	-0.163439
0.0232625	0.152471	0.00930236	-0.16355
0.02327	0.152493	0.00925596	-0.163571
0.0233025	0.152589	0.00904984	-0.163662
0.0233425	0.152707	0.00880626	-0.163774
0.02335	0.152729	0.00876677	-0.163795
0.0234225	0.152939	0.00835258	-0.163996
0.02343	0.152961	0.00831379	-0.164017
0.0234625	0.153056	0.00814154	-0.164108
0.0235025	0.153171	0.00793789	-0.164219
0.02351	0.153193	0.0079024	-0.16424
0.0235425	0.153286	0.00774488	-0.16433
0.0235825	0.153401	0.00755852	-0.164441
0.02359	0.153423	0.00752602	-0.164462
0.0236225	0.153516	0.00738182	-0.164552
0.02367	0.153652	0.00719039	-0.164684
0.0237025	0.153745	0.00704908	-0.164774
0.02375	0.15388	0.00687333	-0.164905
0.0237825	0.153972	0.00674369	-0.164995
0.02383	0.154106	0.00658207	-0.165126
0.0238625	0.154198	0.00646293	-0.165216
0.02391	0.154332	0.00631404	-0.165347
0.0239425	0.154423	0.00620435	-0.165436
0.02399	0.154556	0.00606694	-0.165567
0.0240225	0.154647	0.00596577	-0.165656
0.02407	0.15478	0.00583873	-0.165787
0.0241025	0.154871	0.00574525	-0.165876
0.02415	0.155003	0.00562756	-0.166006
0.0241825	0.155093	0.00554102	-0.166095
0.02423	0.155224	0.00543181	-0.166225
0.0242625	0.155314	0.00535154	-0.166314
0.02431	0.155446	0.00525	-0.166444
0.0243425	0.155536	0.00517541	-0.166533
0.02439	0.155666	0.00508084	-0.166662
0.0244225	0.155756	0.0050114	-0.166751
0.02447	0.155887	0.0049336	-0.166881
0.02455	0.156105	0.00478333	-0.167098
0.0245825	0.156195	0.00471544	-0.167187
0.02463	0.156325	0.00463823	-0.167316
0.0246625	0.156413	0.00458162	-0.167404
0.02471	0.156543	0.00450922	-0.167533
0.0247425	0.156632	0.00445616	-0.167621
0.02479	0.15676	0.00438815	-0.167749
0.0248225	0.156848	0.00433834	-0.167837
0.02487	0.156977	0.00427437	-0.167965
0.0249025	0.157065	0.00422753	-0.168053
0.02495	0.157193	0.00416728	-0.168181
0.0249825	0.157281	0.00412317	-0.168269
0.02503	0.157409	0.00407269	-0.168397
0.02511	0.157625	0.00397552	-0.168612
0.0251425	0.157712	0.00393176	-0.168699
0.02519	0.15784	0.00388657	-0.168827
0.02527	0.158053	0.00379967	-0.169041
0.0253025	0.15814	0.00376055	-0.169128
0.02535	0.158267	0.00371989	-0.169255
0.02543	0.158481	0.00364177	-0.169469
0.0254625	0.158568	0.00360663	-0.169556
0.02551	0.158695	0.00356988	-0.169683
0.02559	0.158907	0.00349932	-0.169896
0.0256225	0.158993	0.00346761	-0.169982
0.02567	0.159118	0.00343425	-0.170108
0.02575	0.15933	0.00337024	-0.170321
0.0257825	0.159416	0.00334149	-0.170407
0.02583	0.159541	0.00331108	-0.170533
0.02591	0.159752	0.00325278	-0.170745
0.0259425	0.159838	0.00322661	-0.170831
0.02599	0.159962	0.00319878	-0.170956
0.02607	0.160172	0.00314547	-0.171167
0.0261025	0.160258	0.00312195	-0.171253
0.02623	0.160592	0.0030621	-0.171589
0.02631	0.160801	0.00301519	-0.171799
0.02639	0.16101	0.0029606	-0.172009
0.0264225	0.161094	0.0029364	-0.172094
0.02647	0.161217	0.00291921	-0.172218
0.02655	0.161425	0.0028856	-0.172427
0.02663	0.161632	0.0028456	-0.172636
0.0267425	0.161923	0.00277894	-0.172929
0.02679	0.162046	0.00276363	-0.173053
0.02687	0.162253	0.00273461	-0.173261
0.02695	0.162458	0.0027001	-0.173468
0.02703	0.162664	0.00266003	-0.173675
0.0270625	0.162747	0.0026423	-0.173759
0.02711	0.162869	0.00262932	-0.173882
0.02719	0.163074	0.00260401	-0.174089
0.02735	0.163483	0.00253908	-0.174501
0.0273825	0.163566	0.00252365	-0.174585
0.02743	0.163687	0.00251222	-0.174707
0.02751	0.16389	0.00248996	-0.174912
0.02759	0.164093	0.00246354	-0.175117
0.02767	0.164297	0.00243291	-0.175322
0.0277025	0.164379	0.00241938	-0.175405
0.02775	0.164499	0.00240924	-0.175526
0.02791	0.164903	0.00236609	-0.175934
0.02799	0.165105	0.00233898	-0.176138
0.0280225	0.165186	0.00232701	-0.17622
0.02807	0.165306	0.00231795	-0.176341
0.02815	0.165507	0.00230032	-0.176544
0.02823	0.165708	0.00227944	-0.176747
0.02831	0.165908	0.00225528	-0.176949
0.0283425	0.165989	0.00224479	-0.177031
0.02847	0.166308	0.00223045	-0.177353
0.02855	0.166508	0.00221816	-0.177555
0.02863	0.166707	0.00220315	-0.177756
0.02871	0.166906	0.00218539	-0.177957
0.02879	0.167104	0.00216484	-0.178157
0.02887	0.167303	0.00214147	-0.178358
0.0289825	0.167581	0.00210408	-0.178639
0.02903	0.167699	0.00210007	-0.178758
0.02911	0.167896	0.0020921	-0.178957
0.02919	0.168093	0.00208193	-0.179156
0.02927	0.16829	0.00206955	-0.179355
0.02935	0.168487	0.00205492	-0.179554
0.02943	0.168683	0.00203803	-0.179752
0.02959	0.169075	0.00199732	-0.180148
0.0296225	0.169154	0.00198799	-0.180228
0.02967	0.16927	0.00198477	-0.180345
0.02975	0.169466	0.00197804	-0.180543
0.02983	0.16966	0.00196948	-0.18074
0.02991	0.169854	0.00195908	-0.180936
0.02999	0.170049	0.00194682	-0.181133
0.03015	0.170437	0.00191661	-0.181525
0.03023	0.170631	0.00189865	-0.181721
0.0302625	0.170709	0.00189086	-0.1818
0.03031	0.170824	0.00188809	-0.181916
0.03039	0.171017	0.00188232	-0.182111
0.03047	0.171209	0.00187501	-0.182306
0.03055	0.171401	0.00186614	-0.1825
0.03071	0.171786	0.00184366	-0.182889
0.03079	0.171977	0.00183003	-0.183082
0.03087	0.172169	0.00181479	-0.183276
0.0309025	0.172246	0.00180818	-0.183354
0.03103	0.172551	0.00180903	-0.183662
0.03111	0.172741	0.00180805	-0.183855
0.03127	0.173122	0.0018025	-0.18424
0.03135	0.173312	0.00179789	-0.184432
0.03143	0.173501	0.00179205	-0.184623
0.03151	0.173691	0.00178496	-0.184815
0.03159	0.17388	0.00177661	-0.185006
0.03167	0.174069	0.001767	-0.185197
0.03183	0.174445	0.00174394	-0.185578
0.03199	0.174821	0.0017157	-0.185958
0.03215	0.175196	0.0016822	-0.186337
0.0321825	0.175272	0.00167487	-0.186414
0.03231	0.175571	0.0016753	-0.186716
0.03247	0.175944	0.00167271	-0.187093
0.03263	0.176315	0.00166641	-0.187469
0.03279	0.176686	0.00165633	-0.187844
0.03295	0.177057	0.00164244	-0.188219
0.03311	0.177426	0.00162467	-0.188592
0.03327	0.177795	0.00160297	-0.188965
0.03343	0.178162	0.0015773	-0.189336
0.0334625	0.178236	0.00157169	-0.189411
0.03359	0.178529	0.00157193	-0.189707
0.03375	0.178895	0.00156974	-0.190077
0.03391	0.179258	0.00156462	-0.190445
0.03407	0.179622	0.00155653	-0.190813
0.03423	0.179985	0.00154544	-0.19118
0.03439	0.180347	0.0015313	-0.191546
0.03455	0.180709	0.0015141	-0.191912
0.03471	0.181069	0.00149378	-0.192276
0.0347425	0.181142	0.00148935	-0.19235
0.03487	0.181428	0.00148946	-0.192639
0.03503	0.181787	0.00148757	-0.193002
0.03519	0.182144	0.00148332	-0.193363
0.03535	0.182501	0.00147667	-0.193724
0.03551	0.182857	0.00146759	-0.194084
0.03567	0.183212	0.00145606	-0.194443
0.03583	0.183567	0.00144207	-0.194802
0.03599	0.18392	0.00142558	-0.195159
0.0360225	0.183992	0.00142199	-0.195232
0.03615	0.184273	0.00142201	-0.195516
0.03631	0.184625	0.00142036	-0.195872
0.03647	0.184975	0.00141676	-0.196226
0.03663	0.185326	0.00141118	-0.196581
0.03679	0.185675	0.00140361	-0.196934
0.03695	0.186025	0.00139403	-0.197287
0.03711	0.186372	0.00138234	-0.197638
0.03727	0.186719	0.00136868	-0.197989
0.0373025	0.186789	0.00136571	-0.19806
0.03743	0.187065	0.00136566	-0.198339
0.03759	0.187411	0.00136422	-0.198689
0.03775	0.187755	0.00136112	-0.199037
0.03791	0.188099	0.00135638	-0.199385
0.03807	0.188442	0.00134996	-0.199732
0.03823	0.188785	0.00134186	-0.200078
0.03839	0.189127	0.00133206	-0.200424
0.03855	0.189468	0.00132056	-0.200769
0.0385825	0.189537	0.00131805	-0.200839
0.03871	0.189807	0.00131797	-0.201112
0.03887	0.190147	0.00131668	-0.201456
0.03903	0.190486	0.00131399	-0.201798
0.03919	0.190824	0.0013099	-0.20214
0.03935	0.191162	0.00130438	-0.202481
0.03951	0.191498	0.00129744	-0.202821
0.03967	0.191834	0.00128906	-0.203161
0.03983	0.19217	0.00127924	-0.2035
0.0398625	0.192238	0.0012771	-0.203569
0.03999	0.192504	0.001277	-0.203838
0.04015	0.192837	0.00127583	-0.204175
0.04031	0.193171	0.00127347	-0.204512
0.04047	0.193503	0.0012699	-0.204848
0.04063	0.193835	0.00126511	-0.205183
0.04079	0.194166	0.00125909	-0.205518
0.04095	0.194496	0.00125184	-0.205852
0.04111	0.194826	0.00124335	-0.206185
0.0411425	0.194892	0.00124151	-0.206252
0.04127	0.195154	0.00124138	-0.206517
0.04143	0.195483	0.00124033	-0.206849
0.04159	0.19581	0.00123824	-0.20718
0.04175	0.196138	0.00123509	-0.207511
0.04191	0.196464	0.00123088	-0.207841
0.04207	0.19679	0.00122561	-0.20817
0.04223	0.197114	0.00121927	-0.208498
0.04239	0.197439	0.00121187	-0.208826
0.0424225	0.197504	0.00121027	-0.208892
0.04255	0.197762	0.00121013	-0.209153
0.04271	0.198086	0.00120917	-0.20948
0.04287	0.198409	0.00120729	-0.209806
0.04303	0.19873	0.0012045	-0.210131
0.04319	0.199052	0.00120077	-0.210456
0.04335	0.199372	0.00119613	-0.21078
0.04351	0.199692	0.00119054	-0.211103
0.04367	0.200012	0.00118402	-0.211426
0.0437025	0.200076	0.00118261	-0.211491
0.04383	0.20033	0.00118246	-0.211748
0.04399	0.200648	0.00118158	-0.212069
0.04415	0.200966	0.0011799	-0.21239
0.04431	0.201283	0.0011774	-0.21271
0.04447	0.201599	0.00117408	-0.21303
0.04463	0.201915	0.00116994	-0.213349
0.04479	0.20223	0.00116498	-0.213667
0.04495	0.202545	0.0011592	-0.213985
0.0449825	0.202608	0.00115794	-0.214049
0.04511	0.202858	0.0011578	-0.214302
0.04527	0.203171	0.00115698	-0.214618
0.04543	0.203484	0.00115546	-0.214934
0.04559	0.203797	0.0011532	-0.21525
0.04575	0.204108	0.00115023	-0.215565
0.04591	0.204419	0.00114652	-0.215879
0.04607	0.204729	0.00114209	-0.216192
0.04623	0.205039	0.00113693	-0.216505
0.04639	0.205349	0.00113565	-0.216818
0.04655	0.205657	0.00113491	-0.21713
0.04671	0.205965	0.00113351	-0.217441
0.04687	0.206273	0.00113148	-0.217752
0.04703	0.20658	0.00112879	-0.218062
0.04719	0.206887	0.00112546	-0.218372
0.04735	0.207193	0.00112147	-0.218681
0.04751	0.207498	0.00111683	-0.218989
0.04767	0.207803	0.00111566	-0.219297
0.04783	0.208108	0.00111497	-0.219605
0.04799	0.208411	0.0011137	-0.219911
0.04815	0.208715	0.00111185	-0.220218
0.04831	0.209017	0.00110941	-0.220523
0.04847	0.20932	0.0011064	-0.220829
0.04863	0.209621	0.00110279	-0.221133
0.04879	0.209922	0.0010986	-0.221437
0.04895	0.210223	0.00109753	-0.221741
0.04911	0.210523	0.00109689	-0.222044
0.04927	0.210823	0.00109572	-0.222347
0.04943	0.211122	0.00109403	-0.222649
0.04959	0.21142	0.00109181	-0.22295
0.04975	0.211718	0.00108905	-0.223251
0.04991	0.212016	0.00108578	-0.223552
0.05007	0.212314	0.00108198	-0.223852
0.05023	0.21261	0.001081	-0.224151
0.05039	0.212906	0.0010804	-0.22445
0.05055	0.213201	0.00107932	-0.224748
0.05071	0.213496	0.00107776	-0.225046
0.05087	0.213791	0.00107573	-0.225344
0.05103	0.214084	0.00107322	-0.22564
0.05119	0.214378	0.00107023	-0.225937
0.05135	0.214672	0.00106676	-0.226233
0.05151	0.214964	0.00106586	-0.226528
0.05167	0.215256	0.0010653	-0.226823
0.05183	0.215548	0.0010643	-0.227118
0.05199	0.215838	0.00106287	-0.227411
0.05215	0.216129	0.001061	-0.227705
0.05231	0.216419	0.0010587	-0.227998
0.05247	0.216709	0.00105596	-0.228291
0.05263	0.216998	0.00105279	-0.228582
0.05279	0.217287	0.00105195	-0.228874
0.05295	0.217575	0.00105142	-0.229165
0.05311	0.217863	0.00105049	-0.229456
0.05327	0.218151	0.00104917	-0.229746
0.05343	0.218438	0.00104745	-0.230036
0.05359	0.218724	0.00104533	-0.230325
0.05375	0.219009	0.00104281	-0.230613
0.05391	0.219296	0.0010399	-0.230902
0.05407	0.21958	0.00103912	-0.231189
0.05423	0.219865	0.00103862	-0.231477
0.05439	0.22015	0.00103776	-0.231764
0.05455	0.220433	0.00103653	-0.23205
0.05471	0.220716	0.00103494	-0.232336
0.05487	0.221	0.00103298	-0.232622
0.05503	0.221282	0.00103066	-0.232907
0.05519	0.221564	0.00102797	-0.233191
0.05535	0.221846	0.00102724	-0.233476
0.05551	0.222126	0.00102677	-0.233759
0.05567	0.222408	0.00102596	-0.234043
0.05583	0.222687	0.00102482	-0.234325
0.05599	0.222967	0.00102335	-0.234608
0.05615	0.223247	0.00102153	-0.23489
0.05631	0.223526	0.00101939	-0.235172
0.05647	0.223805	0.0010169	-0.235453
0.05663	0.224082	0.00101623	-0.235733
0.05679	0.224361	0.00101577	-0.236014
0.05695	0.224638	0.00101502	-0.236294
0.05711	0.224915	0.00101395	-0.236573
0.05727	0.225191	0.00101258	-0.236852
0.05743	0.225468	0.0010109	-0.237131
0.05759	0.225743	0.0010089	-0.237409
0.05775	0.226018	0.0010066	-0.237686
0.05791	0.226293	0.00100597	-0.237964
0.05807	0.226568	0.00100554	-0.238241
0.05823	0.226841	0.00100483	-0.238517
0.05839	0.227115	0.00100384	-0.238793
0.05855	0.227388	0.00100255	-0.239069
0.05871	0.227661	0.00100098	-0.239344
0.05887	0.227933	0.000999129	-0.239619
0.05903	0.228206	0.00099699	-0.239894
0.05919	0.228477	0.000996394	-0.240168
0.05935	0.228749	0.000995991	-0.240442
0.05951	0.229019	0.000995318	-0.240715
0.05967	0.22929	0.000994383	-0.240988
0.05983	0.229559	0.000993123	-0.24126
0.05999	0.229829	0.000991661	-0.241532
0.06015	0.230098	0.000989933	-0.241804
0.06031	0.230367	0.000987941	-0.242075
0.06047	0.230635	0.000987379	-0.242346
0.06063	0.230904	0.000986994	-0.242617
0.06079	0.231171	0.000986363	-0.242887
0.06095	0.231439	0.000985487	-0.243157
0.06111	0.231706	0.000984365	-0.243426
0.06127	0.231972	0.000982995	-0.243695
0.06143	0.232239	0.000981381	-0.243964
0.06159	0.232504	0.000979518	-0.244232
0.06175	0.23277	0.000978984	-0.2445
0.06191	0.233035	0.00097862	-0.244767
0.06207	0.2333	0.000978021	-0.245034
0.06223	0.233564	0.000977199	-0.245301
0.06239	0.233829	0.000976145	-0.245568
0.06255	0.234093	0.00097486	-0.245834
0.06271	0.234356	0.000973348	-0.246099
0.06287	0.234618	0.000971605	-0.246364
0.06303	0.234881	0.000971099	-0.246629
0.06319	0.235144	0.000970751	-0.246894
0.06335	0.235406	0.000970185	-0.247158
0.06351	0.235667	0.000969409	-0.247422
0.06367	0.235928	0.000968416	-0.247685
0.06383	0.236189	0.000967211	-0.247948
0.06399	0.23645	0.000965791	-0.248211
0.06415	0.23671	0.000964157	-0.248474
0.06431	0.23697	0.000963676	-0.248736
0.06447	0.237229	0.000963342	-0.248997
0.06463	0.237489	0.000962806	-0.249259
0.06479	0.237747	0.000962073	-0.24952
0.06495	0.238005	0.000961138	-0.24978
0.06511	0.238263	0.000960001	-0.25004
0.06527	0.238521	0.000958665	-0.2503
0.06543	0.238778	0.00095713	-0.25056
0.06559	0.239035	0.000956674	-0.250819
0.06575	0.239292	0.000956355	-0.251078
0.06591	0.239549	0.000955846	-0.251337
0.06607	0.239805	0.000955148	-0.251595
0.06623	0.240061	0.000954265	-0.251853
0.06639	0.240316	0.000953194	-0.25211
0.06655	0.240572	0.000951937	-0.252368
0.06671	0.240825	0.000950491	-0.252624
0.06687	0.24108	0.000950057	-0.252881
0.06719	0.241588	0.000949267	-0.253393
0.06735	0.241841	0.000948609	-0.253648
0.06751	0.242095	0.000947772	-0.253904
0.06767	0.242348	0.00094676	-0.254159
0.06783	0.2426	0.000945572	-0.254413
0.06799	0.242851	0.000944208	-0.254667
0.06831	0.243355	0.0009435	-0.255175
0.06847	0.243606	0.000943039	-0.255428
0.06863	0.243857	0.000942412	-0.255681
0.06879	0.244107	0.00094162	-0.255933
0.06895	0.244358	0.000940661	-0.256186
0.06911	0.244608	0.000939539	-0.256438
0.0693025	0.244908	0.000937997	-0.256741
0.06959	0.245355	0.000937573	-0.257192
0.06975	0.245603	0.000937133	-0.257442
0.06991	0.245852	0.000936537	-0.257693
0.07007	0.2461	0.000935787	-0.257943
0.07023	0.246348	0.000934879	-0.258193
0.07055	0.246842	0.000932597	-0.258691
0.07071	0.247089	0.000932677	-0.25894
0.07103	0.247582	0.000933145	-0.259437
0.07135	0.248073	0.000933036	-0.259932
0.07167	0.248564	0.000932354	-0.260427
0.07199	0.249053	0.0009311	-0.26092
0.07231	0.249541	0.000929273	-0.261412
0.07247	0.249784	0.000928146	-0.261657
0.07279	0.25027	0.000925466	-0.262147
0.07295	0.250513	0.000923914	-0.262392
0.07311	0.250755	0.000922222	-0.262636
0.07343	0.251239	0.000921499	-0.263124
0.07391	0.251963	0.000919949	-0.263854
0.07423	0.252444	0.00091826	-0.264339
0.07439	0.252684	0.000917219	-0.264581
0.07471	0.253164	0.000916641	-0.265064
0.07503	0.253642	0.000915777	-0.265546
0.07535	0.254119	0.000914416	-0.266027
0.07567	0.254595	0.000912561	-0.266507
0.07615	0.255307	0.000911648	-0.267224
0.07647	0.25578	0.000910585	-0.267701
0.07679	0.256253	0.000909051	-0.268178
0.07695	0.256488	0.000908108	-0.268415
0.07727	0.25696	0.000907571	-0.26889
0.07759	0.257429	0.000906776	-0.269363
0.07791	0.257898	0.000905535	-0.269835
0.0782625	0.258413	0.000903669	-0.270354
0.07855	0.258832	0.000903329	-0.270776
0.07887	0.259297	0.000902565	-0.271245
0.07919	0.259761	0.000901378	-0.271713
0.07951	0.260224	0.000899768	-0.27218
0.07983	0.260687	0.000899981	-0.272646
0.08015	0.261149	0.000900049	-0.273111
0.08063	0.26184	0.000899407	-0.273807
0.08095	0.262298	0.000898486	-0.274269
0.08127	0.262757	0.000897173	-0.274731
0.08175	0.263442	0.00089447	-0.275421
0.08207	0.263897	0.000892183	-0.27588
0.08239	0.264352	0.000892279	-0.276338
0.08271	0.264806	0.000892325	-0.276795
0.08303	0.265258	0.000892011	-0.277251
0.08335	0.26571	0.000891339	-0.277706
0.08367	0.26616	0.000890309	-0.27816
0.08399	0.26661	0.000888926	-0.278613
0.08431	0.267059	0.000887187	-0.279065
0.08463	0.267507	0.000885097	-0.279517
0.08495	0.267954	0.000885171	-0.279967
0.08527	0.2684	0.000885199	-0.280416
0.08559	0.268845	0.000884899	-0.280865
0.08591	0.269289	0.000884272	-0.281312
0.08623	0.269732	0.000883321	-0.281759
0.08655	0.270175	0.000882046	-0.282205
0.08687	0.270616	0.00088045	-0.282649
0.08719	0.271056	0.000878533	-0.283093
0.08751	0.271496	0.000878588	-0.283536
0.08783	0.271935	0.0008786	-0.283978
0.08815	0.272374	0.000878313	-0.28442
0.08847	0.272811	0.000877727	-0.28486
0.08879	0.273247	0.000876845	-0.285299
0.08911	0.273683	0.000875667	-0.285738
0.08943	0.274117	0.000874195	-0.286176
0.08975	0.274551	0.000872432	-0.286613
0.09007	0.274984	0.00087247	-0.287049
0.09039	0.275416	0.000872469	-0.287484
0.09071	0.275847	0.000872193	-0.287918
0.09103	0.276278	0.000871644	-0.288352
0.09135	0.276707	0.000870823	-0.288784
0.09167	0.277136	0.000869731	-0.289216
0.09199	0.277564	0.00086837	-0.289647
0.09231	0.277991	0.000866742	-0.290077
0.09263	0.278418	0.000866766	-0.290507
0.09295	0.278843	0.000866753	-0.290935
0.09327	0.279268	0.000866487	-0.291363
0.09359	0.279692	0.000865971	-0.29179
0.09391	0.280115	0.000865205	-0.292216
0.09423	0.280537	0.00086419	-0.292641
0.09455	0.280958	0.000862927	-0.293065
0.09487	0.281379	0.00086142	-0.293489
0.09519	0.281799	0.000861432	-0.293912
0.09551	0.282219	0.000861409	-0.294334
0.09583	0.282638	0.000861153	-0.294756
0.09615	0.283055	0.000860624	-0.295176
0.09647	0.283472	0.000859908	-0.295596
0.09679	0.283888	0.000858962	-0.296015
0.09711	0.284303	0.000857789	-0.296433
0.09743	0.284718	0.000856389	-0.296851
0.09775	0.285133	0.000856391	-0.297268
0.09807	0.285545	0.000856359	-0.297683
0.09839	0.285958	0.000856113	-0.298099
0.09871	0.286369	0.000855653	-0.298513
0.09903	0.286781	0.000854981	-0.298927
0.09935	0.287191	0.000854097	-0.29934
0.09967	0.2876	0.000853003	-0.299752
0.09999	0.288009	0.000851699	-0.300164
0.10031	0.288418	0.000851692	-0.300575
0.10063	0.288825	0.000851652	-0.300985
0.10095	0.289231	0.000851414	-0.301394
0.10127	0.289637	0.000850978	-0.301803
0.10159	0.290043	0.000850346	-0.302211
0.10191	0.290447	0.000849517	-0.302618
0.10223	0.29085	0.000848495	-0.303024
0.10255	0.291253	0.000847279	-0.30343
0.10287	0.291656	0.000847261	-0.303835
0.10319	0.292058	0.000847215	-0.30424
0.10351	0.292459	0.000846985	-0.304644
0.10383	0.29286	0.000846571	-0.305047
0.10415	0.293259	0.000845975	-0.305449
0.10447	0.293659	0.000845196	-0.305851
0.10479	0.294057	0.000844238	-0.306252
0.10511	0.294454	0.000843101	-0.306652
0.10543	0.294852	0.000843076	-0.307052
0.10575	0.295248	0.000843024	-0.307451
0.10607	0.295643	0.000842801	-0.307849
0.10639	0.296038	0.000842407	-0.308246
0.10671	0.296433	0.000841842	-0.308644
0.10703	0.296827	0.00084111	-0.30904
0.10735	0.297219	0.00084021	-0.309435
0.10767	0.297612	0.000839144	-0.309831
0.10799	0.298004	0.000839112	-0.310225
0.10831	0.298395	0.000839055	-0.310619
0.10863	0.298786	0.000838839	-0.311012
0.10895	0.299175	0.000838463	-0.311404
0.10927	0.299565	0.000837929	-0.311796
0.10959	0.299953	0.000837238	-0.312187
0.10991	0.300341	0.000836391	-0.312577
0.11023	0.300728	0.000835388	-0.312967
0.11055	0.301115	0.000835351	-0.313356
0.11087	0.301501	0.000835289	-0.313745
0.11119	0.301887	0.000835079	-0.314133
0.11151	0.302272	0.00083472	-0.31452
0.11183	0.302656	0.000834213	-0.314907
0.11215	0.303041	0.00083356	-0.315294
0.11247	0.303424	0.000832761	-0.315679
0.11279	0.303806	0.000831818	-0.316064
0.11311	0.304188	0.000831775	-0.316448
0.11343	0.304569	0.00083171	-0.316832
0.11375	0.30495	0.000831505	-0.317215
0.11407	0.305331	0.00083116	-0.317598
0.11439	0.30571	0.000830679	-0.31798
0.11471	0.306089	0.000830061	-0.318361
0.11503	0.306468	0.000829306	-0.318742
0.11535	0.306845	0.000828416	-0.319122
0.11567	0.307222	0.000828368	-0.319501
0.11599	0.307598	0.000828299	-0.31988
0.11631	0.307975	0.0008281	-0.320259
0.11663	0.30835	0.00082777	-0.320636
0.11695	0.308725	0.000827312	-0.321014
0.11727	0.3091	0.000826725	-0.321391
0.11759	0.309474	0.000826011	-0.321767
0.11791	0.309846	0.000825171	-0.322142
0.11823	0.310219	0.000825118	-0.322517
0.11855	0.310591	0.000825046	-0.322891
0.11887	0.310962	0.000824852	-0.323265
0.11919	0.311334	0.000824535	-0.323639
0.11951	0.311704	0.000824099	-0.324011
0.11983	0.312074	0.00082354	-0.324383
0.12015	0.312443	0.000822864	-0.324755
0.12047	0.312812	0.000822068	-0.325126
0.12079	0.313181	0.000822012	-0.325497
0.12111	0.313549	0.000821937	-0.325867
0.12143	0.313916	0.000821748	-0.326236
0.12175	0.314283	0.000821443	-0.326605
0.12207	0.314649	0.000821025	-0.326973
0.12239	0.315014	0.000820495	-0.327341
0.12271	0.315379	0.000819851	-0.327708
0.12303	0.315744	0.000819098	-0.328075
0.12335	0.316108	0.000819038	-0.328441
0.12367	0.316472	0.000818961	-0.328807
0.12399	0.316834	0.000818776	-0.329172
0.12431	0.317197	0.000818483	-0.329537
0.12463	0.317559	0.000818083	-0.329901
0.12495	0.31792	0.000817577	-0.330264
0.12527	0.318281	0.000816966	-0.330628
0.12559	0.318641	0.000816249	-0.33099
0.12591	0.319001	0.000816186	-0.331352
0.12623	0.319361	0.000816107	-0.331714
0.12655	0.31972	0.000815926	-0.332075
0.12687	0.320078	0.000815644	-0.332435
0.12719	0.320436	0.000815261	-0.332795
0.12751	0.320794	0.000814777	-0.333155
0.12783	0.321151	0.000814195	-0.333514
0.12815	0.321507	0.000813514	-0.333872
0.12847	0.321863	0.000813449	-0.33423
0.12879	0.322218	0.000813368	-0.334587
0.12911	0.322573	0.000813191	-0.334944
0.12943	0.322928	0.000812918	-0.335301
0.12975	0.323282	0.00081255	-0.335657
0.13007	0.323634	0.000812088	-0.336012
0.13039	0.323987	0.000811533	-0.336367
0.13071	0.32434	0.000810884	-0.336722
0.13103	0.324692	0.000810817	-0.337076
0.13135	0.325044	0.000810733	-0.33743
0.13167	0.325395	0.000810561	-0.337783
0.13199	0.325745	0.000810297	-0.338135
0.13231	0.326095	0.000809944	-0.338487
0.13263	0.326445	0.000809501	-0.338839
0.13295	0.326794	0.000808971	-0.33919
0.13327	0.327143	0.000808352	-0.339541
0.13359	0.327491	0.000808283	-0.339891
0.13391	0.327839	0.000808198	-0.340241
0.13423	0.328186	0.000808028	-0.34059
0.13455	0.328533	0.000807773	-0.340939
0.13487	0.32888	0.000807433	-0.341288
0.13519	0.329226	0.000807009	-0.341636
0.13551	0.329571	0.000806502	-0.341983
0.13583	0.329916	0.000805911	-0.34233
0.13615	0.33026	0.000806123	-0.342676
0.13647	0.330605	0.000806354	-0.343023
0.13679	0.330949	0.000806504	-0.343368
0.13711	0.331292	0.000806573	-0.343713
0.13743	0.331635	0.000806563	-0.344058
0.13775	0.331978	0.000806472	-0.344403
0.13807	0.332319	0.000806304	-0.344746
0.13839	0.332661	0.000806056	-0.34509
0.13871	0.333002	0.00080573	-0.345433
0.13903	0.333342	0.000805327	-0.345775
0.13935	0.333683	0.000804848	-0.346117
0.13967	0.334023	0.000804291	-0.346459
0.13999	0.334362	0.000803658	-0.3468
0.14031	0.334701	0.000802951	-0.347141
0.14063	0.335039	0.000802168	-0.347481
0.14095	0.335377	0.000801311	-0.347821
0.14127	0.335714	0.000801204	-0.34816
0.14159	0.336051	0.000801117	-0.348499
0.14191	0.336389	0.000800956	-0.348838
0.14255	0.337061	0.000800418	-0.349514
0.14319	0.337731	0.000799595	-0.350188
0.1435425	0.3381	0.000799021	-0.350559
0.14415	0.338733	0.000798912	-0.351196
0.14479	0.3394	0.000798529	-0.351866
0.14543	0.340064	0.000797871	-0.352534
0.14607	0.340727	0.000796945	-0.353201
0.14671	0.341389	0.000796778	-0.353866
0.14735	0.342049	0.000796403	-0.35453
0.14799	0.342707	0.000795769	-0.355191
0.14863	0.343364	0.000794878	-0.355852
0.14927	0.344019	0.00079471	-0.35651
0.14991	0.344672	0.000794343	-0.357167
0.15055	0.345325	0.00079373	-0.357823
0.15119	0.345975	0.000792874	-0.358477
0.15183	0.346624	0.000792704	-0.359129
0.15247	0.347272	0.000792322	-0.35978
0.15311	0.347917	0.000791729	-0.360429
0.15375	0.348562	0.000790905	-0.361077
0.15439	0.349205	0.000791154	-0.361723
0.15503	0.349846	0.000791247	-0.362368
0.15567	0.350486	0.000791116	-0.363011
0.15631	0.351125	0.000790763	-0.363653
0.15695	0.351761	0.000790191	-0.364293
0.15759	0.352397	0.000789405	-0.364932
0.15823	0.353031	0.000788406	-0.365569
0.15887	0.353663	0.000787197	-0.366205
0.15951	0.354295	0.000787385	-0.36684
0.16015	0.354925	0.000787451	-0.367473
0.16079	0.355553	0.000787314	-0.368105
0.16143	0.35618	0.000786976	-0.368735
0.16207	0.356806	0.000786438	-0.369364
0.16271	0.35743	0.000785705	-0.369991
0.16335	0.358052	0.000784778	-0.370617
0.16399	0.358674	0.00078366	-0.371242
0.16463	0.359294	0.000783815	-0.371865
0.16527	0.359913	0.000783859	-0.372487
0.16591	0.36053	0.000783718	-0.373107
0.16655	0.361147	0.000783391	-0.373727
0.16719	0.361762	0.000782884	-0.374345
0.16783	0.362375	0.000782198	-0.374961
0.16847	0.362987	0.000781335	-0.375576
0.16911	0.363598	0.000780298	-0.37619
0.17007	0.364513	0.000780457	-0.377109
0.17071	0.36512	0.000780397	-0.377719
0.17135	0.365727	0.000780167	-0.378329
0.17231	0.366633	0.000779509	-0.37924
0.17295	0.367236	0.000778865	-0.379846
0.17359	0.367838	0.000778058	-0.380451
0.1742625	0.368469	0.000777043	-0.381085
0.17487	0.369038	0.000777194	-0.381657
0.17551	0.369637	0.000777201	-0.382259
0.17615	0.370234	0.000777053	-0.382858
0.17679	0.37083	0.000776749	-0.383457
0.17743	0.371425	0.000776293	-0.384055
0.17807	0.372018	0.000775687	-0.384651
0.17903	0.372906	0.0007745	-0.385543
0.17967	0.373496	0.000774058	-0.386136
0.18031	0.374085	0.000774123	-0.386728
0.18127	0.374967	0.000773949	-0.387614
0.18191	0.375553	0.000773656	-0.388203
0.18255	0.376138	0.000773222	-0.388791
0.18351	0.377014	0.000772312	-0.389671
0.18415	0.377597	0.000771536	-0.390256
0.18479	0.378178	0.000771115	-0.39084
0.18575	0.379048	0.000771134	-0.391714
0.18639	0.379626	0.000770981	-0.392295
0.18703	0.380203	0.000770696	-0.392875
0.18799	0.381066	0.000770027	-0.393742
0.18863	0.381641	0.000769422	-0.39432
0.18927	0.382215	0.000768692	-0.394896
0.19023	0.383073	0.000768321	-0.395758
0.19087	0.383643	0.000768289	-0.396331
0.19151	0.384212	0.000768134	-0.396903
0.19247	0.385064	0.000767674	-0.397759
0.19311	0.385632	0.000767219	-0.398329
0.19375	0.386197	0.000766647	-0.398897
0.19471	0.387044	0.000765572	-0.399748
0.19535	0.387608	0.000765597	-0.400314
0.19599	0.38817	0.000765554	-0.400879
0.19695	0.389011	0.000765277	-0.401724
0.19759	0.389571	0.000764953	-0.402286
0.19823	0.390129	0.000764519	-0.402847
0.19919	0.390966	0.000763665	-0.403687
0.19983	0.391521	0.000762961	-0.404245
0.20047	0.392077	0.000762972	-0.404803
0.20143	0.392907	0.000762854	-0.405637
0.20207	0.393459	0.000762645	-0.406192
0.20271	0.394011	0.000762332	-0.406746
0.20367	0.394837	0.000761671	-0.407576
0.20431	0.395386	0.000761105	-0.408127
0.20495	0.395934	0.000760441	-0.408678
0.20559	0.396481	0.000760439	-0.409227
0.20623	0.397027	0.000760379	-0.409776
0.20687	0.397573	0.000760221	-0.410324
0.20751	0.398118	0.000759966	-0.410871
0.20815	0.39866	0.000759616	-0.411416
0.20879	0.399203	0.000759171	-0.411961
0.20943	0.399744	0.000758633	-0.412505
0.21007	0.400285	0.000758003	-0.413048
0.21071	0.400825	0.000757991	-0.41359
0.21135	0.401363	0.000757924	-0.414131
0.21199	0.401901	0.000757765	-0.414671
0.21263	0.402438	0.000757516	-0.41521
0.21327	0.402974	0.000757179	-0.415749
0.21391	0.403509	0.000756753	-0.416286
0.21455	0.404042	0.000756241	-0.416822
0.21519	0.404576	0.000755644	-0.417358
0.21583	0.405109	0.00075562	-0.417893
0.21647	0.40564	0.000755547	-0.418426
0.21711	0.40617	0.000755388	-0.418959
0.21775	0.4067	0.000755145	-0.419491
0.21839	0.407229	0.00075482	-0.420022
0.21903	0.407757	0.000754412	-0.420552
0.21967	0.408284	0.000753923	-0.421082
0.22031	0.40881	0.000753354	-0.42161
0.22095	0.409336	0.000753323	-0.422138
0.22159	0.40986	0.000753243	-0.422664
0.22223	0.410383	0.000753084	-0.42319
0.22287	0.410906	0.000752848	-0.423715
0.22351	0.411428	0.000752533	-0.424239
0.22415	0.41195	0.000752141	-0.424763
0.22479	0.412469	0.000751674	-0.425285
0.22543	0.412989	0.000751132	-0.425807
0.22607	0.413507	0.000751092	-0.426327
0.22671	0.414025	0.000751008	-0.426847
0.22735	0.414542	0.000750849	-0.427366
0.22799	0.415059	0.000750617	-0.427885
0.22863	0.415573	0.000750312	-0.428402
0.22927	0.416087	0.000749936	-0.428918
0.22991	0.416601	0.000749488	-0.429434
0.23055	0.417114	0.000748971	-0.429949
0.23119	0.417626	0.000748925	-0.430463
0.23183	0.418138	0.000748835	-0.430977
0.23247	0.418648	0.000748677	-0.431489
0.23311	0.419158	0.000748449	-0.432001
0.23375	0.419666	0.000748154	-0.432512
0.23439	0.420174	0.000747792	-0.433022
0.23503	0.420681	0.000747363	-0.433531
0.23567	0.421188	0.000746868	-0.43404
0.23631	0.421693	0.000746814	-0.434547
0.23695	0.422199	0.000746722	-0.435055
0.23759	0.422703	0.000746564	-0.435561
0.23823	0.423206	0.000746341	-0.436066
0.23887	0.423709	0.000746054	-0.436571
0.23951	0.42421	0.000745704	-0.437074
0.24015	0.424712	0.000745292	-0.437578
0.24079	0.425212	0.00074482	-0.43808
0.24143	0.425712	0.000744759	-0.438582
0.24207	0.42621	0.000744663	-0.439082
0.24271	0.426708	0.000744499	-0.439582
0.24335	0.427206	0.00074428	-0.440082
0.24399	0.427702	0.000744002	-0.44058
0.24463	0.428198	0.000743665	-0.441078
0.24527	0.428693	0.000743268	-0.441575
0.24591	0.429188	0.000742814	-0.442072
0.24655	0.429681	0.000742749	-0.442567
0.24719	0.430174	0.00074265	-0.443062
0.24783	0.430666	0.000742493	-0.443556
0.24847	0.431157	0.000742278	-0.444049
0.24911	0.431648	0.000742007	-0.444542
0.24975	0.432138	0.000741681	-0.445034
0.25039	0.432627	0.000741299	-0.445525
0.25103	0.433116	0.000740863	-0.446016
0.25167	0.433604	0.000740794	-0.446506
0.25231	0.434091	0.000740692	-0.446995
0.25295	0.434577	0.000740535	-0.447483
0.25359	0.435064	0.000740325	-0.447971
0.25423	0.435549	0.000740061	-0.448458
0.25487	0.436033	0.000739745	-0.448944
0.25551	0.436517	0.000739376	-0.44943
0.25615	0.437	0.000738957	-0.449915
0.25679	0.437482	0.000738884	-0.450399
0.25743	0.437964	0.000738778	-0.450883
0.25807	0.438444	0.000738623	-0.451365
0.25871	0.438926	0.000738416	-0.451848
0.25935	0.439405	0.000738159	-0.452329
0.25999	0.439884	0.000737852	-0.45281
0.26063	0.440362	0.000737498	-0.45329
0.26127	0.440839	0.000737094	-0.453769
0.26191	0.441316	0.000737016	-0.454248
0.26255	0.441793	0.000736908	-0.454726
0.26319	0.442269	0.000736754	-0.455204
0.26383	0.442743	0.00073655	-0.45568
0.26447	0.443218	0.000736299	-0.456157
0.26511	0.443692	0.000736002	-0.456632
0.26575	0.444165	0.000735659	-0.457107
0.26639	0.444637	0.000735269	-0.457581
0.26703	0.445108	0.000735359	-0.458054
0.26767	0.44558	0.000735427	-0.458527
0.26831	0.446051	0.00073545	-0.459
0.26895	0.44652	0.000735427	-0.459471
0.26959	0.446989	0.000735358	-0.459942
0.27023	0.447458	0.000735244	-0.460412
0.27087	0.447926	0.000735086	-0.460882
0.27151	0.448393	0.000734883	-0.461351
0.27215	0.448859	0.000734638	-0.461819
0.27279	0.449326	0.000734349	-0.462287
0.27343	0.449791	0.000734017	-0.462754
0.27407	0.450256	0.000733644	-0.463221
0.27471	0.45072	0.000733229	-0.463687
0.27535	0.451184	0.000732774	-0.464152
0.27599	0.451646	0.000732277	-0.464616
0.27663	0.452108	0.000731741	-0.46508
0.27727	0.45257	0.000731646	-0.465544
0.27791	0.453032	0.000731534	-0.466007
0.27855	0.453492	0.00073138	-0.466469
0.27919	0.453951	0.000731187	-0.46693
0.27983	0.45441	0.000730953	-0.467391
0.28047	0.45487	0.00073068	-0.467852
0.28111	0.455327	0.000730367	-0.468311
0.28175	0.455785	0.000730016	-0.468771
0.28239	0.456241	0.000729927	-0.469229
0.28303	0.456698	0.000729813	-0.469687
0.28431	0.457609	0.00072947	-0.470601
0.28559	0.458517	0.000728975	-0.471513
0.28687	0.459424	0.000728333	-0.472423
0.28815	0.460328	0.000728125	-0.47333
0.28943	0.46123	0.000727786	-0.474235
0.29071	0.462128	0.000727303	-0.475137
0.29199	0.463025	0.000726678	-0.476037
0.29327	0.46392	0.000726469	-0.476935
0.29455	0.464813	0.000726133	-0.477831
0.29583	0.465703	0.00072566	-0.478725
0.29711	0.466591	0.000725054	-0.479616
0.29839	0.467477	0.000724841	-0.480505
0.29967	0.468361	0.00072451	-0.481392
0.30095	0.469242	0.000724047	-0.482277
0.30223	0.470122	0.000723459	-0.48316
0.30351	0.470999	0.000723484	-0.48404
0.30479	0.471874	0.000723401	-0.484918
0.30607	0.472748	0.000723192	-0.485795
0.30735	0.473619	0.000722859	-0.486669
0.30863	0.474488	0.000722406	-0.487541
0.30991	0.475355	0.000721835	-0.488411
0.31119	0.47622	0.000721149	-0.489279
0.31247	0.477082	0.00072035	-0.490144
0.31375	0.477943	0.000720345	-0.491008
0.31503	0.478802	0.000720245	-0.49187
0.31631	0.479659	0.000720032	-0.49273
0.31759	0.480515	0.000719706	-0.493588
0.31887	0.481367	0.000719271	-0.494443
0.32015	0.482218	0.000718729	-0.495297
0.32143	0.483067	0.000718083	-0.496149
0.32271	0.483914	0.000717334	-0.496999
0.32399	0.484759	0.000717306	-0.497847
0.32527	0.485602	0.000717193	-0.498693
0.32655	0.486443	0.000716976	-0.499537
0.32783	0.487283	0.000716658	-0.500379
0.32911	0.488121	0.000716239	-0.50122
0.33039	0.488956	0.000715723	-0.502058
0.33167	0.48979	0.000715112	-0.502895
0.33295	0.490622	0.000714409	-0.50373
0.33423	0.491452	0.000714362	-0.504563
0.33551	0.492281	0.000714237	-0.505394
0.33679	0.493107	0.000714017	-0.506223
0.33807	0.493931	0.000713705	-0.50705
0.33935	0.494754	0.000713301	-0.507876
0.34063	0.495576	0.000712809	-0.5087
0.34191	0.496395	0.00071223	-0.509522
0.34319	0.497212	0.000711566	-0.510342
0.34447	0.498028	0.000711503	-0.511161
0.34575	0.498842	0.000711368	-0.511977
0.34703	0.499654	0.000711147	-0.512792
0.34831	0.500466	0.00071084	-0.513606
0.34959	0.501274	0.00071045	-0.514417
0.35087	0.502081	0.000709979	-0.515227
0.35215	0.502887	0.000709429	-0.516035
0.35343	0.503691	0.000708801	-0.516842
0.35471	0.504494	0.000708723	-0.517647
0.35599	0.505294	0.00070858	-0.51845
0.35727	0.506093	0.000708358	-0.519251
0.35855	0.50689	0.000708057	-0.520051
0.35983	0.507686	0.00070768	-0.520849
0.36111	0.50848	0.000707229	-0.521646
0.36239	0.509272	0.000706704	-0.52244
0.36367	0.510063	0.000706109	-0.523234
0.36495	0.510853	0.000706018	-0.524026
0.36623	0.511639	0.000705868	-0.524815
0.36751	0.512426	0.000705644	-0.525604
0.36879	0.51321	0.000705349	-0.526391
0.37007	0.513993	0.000704985	-0.527176
0.37135	0.514774	0.000704551	-0.52796
0.37263	0.515554	0.00070405	-0.528742
0.37391	0.516332	0.000703484	-0.529523
0.37519	0.517109	0.000703382	-0.530302
0.37647	0.517883	0.000703226	-0.531079
0.37775	0.518657	0.000703002	-0.531855
0.37903	0.51943	0.000702712	-0.53263
0.38031	0.5202	0.000702358	-0.533403
0.38159	0.520969	0.00070194	-0.534174
0.38287	0.521736	0.000701461	-0.534944
0.38415	0.522503	0.000700922	-0.535713
0.38543	0.523268	0.00070081	-0.53648
0.38671	0.524032	0.000700654	-0.537246
0.38799	0.524793	0.00070043	-0.53801
0.38927	0.525553	0.000700145	-0.538772
0.39055	0.526312	0.000699802	-0.539533
0.39183	0.52707	0.000699399	-0.540293
0.39311	0.527826	0.000698939	-0.541052
0.39439	0.52858	0.000698424	-0.541808
0.39567	0.529334	0.000698304	-0.542564
0.39695	0.530086	0.000698138	-0.543318
0.39823	0.530836	0.000697915	-0.544071
0.39951	0.531585	0.000697635	-0.544822
0.40079	0.532333	0.0006973	-0.545572
0.40207	0.533079	0.000696911	-0.54632
0.40335	0.533823	0.00069647	-0.547067
0.40463	0.534567	0.000695976	-0.547813
0.40591	0.535309	0.00069585	-0.548557
0.40719	0.53605	0.00069568	-0.5493
0.40847	0.53679	0.000695457	-0.550042
0.40975	0.537528	0.000695182	-0.550782
0.41103	0.538264	0.000694856	-0.551521
0.41231	0.539	0.00069448	-0.552259
0.41359	0.539734	0.000694055	-0.552995
0.41487	0.540467	0.000693582	-0.55373
0.41679	0.541564	0.000693369	-0.55483
0.41807	0.542294	0.000693172	-0.555562
0.41935	0.543022	0.000692925	-0.556292
0.42127	0.544112	0.000692466	-0.557386
0.42255	0.544837	0.000692102	-0.558113
0.42383	0.545561	0.000691692	-0.558839
0.4251425	0.546301	0.000691224	-0.559581
0.42639	0.547005	0.000691101	-0.560287
0.42767	0.547725	0.000690925	-0.561009
0.42895	0.548444	0.000690703	-0.56173
0.43023	0.549162	0.000690438	-0.56245
0.43151	0.549878	0.000690127	-0.563168
0.43279	0.550593	0.000689774	-0.563885
0.43471	0.551664	0.000689165	-0.564959
0.43599	0.552376	0.000688872	-0.565673
0.43727	0.553086	0.000688716	-0.566385
0.43919	0.554151	0.000688402	-0.567453
0.44047	0.554858	0.00068814	-0.568162
0.44175	0.555565	0.000687837	-0.568871
0.44367	0.556623	0.000687308	-0.569932
0.44495	0.557327	0.000686906	-0.570638
0.44623	0.558029	0.000686619	-0.571342
0.44815	0.559081	0.000686365	-0.572397
0.44943	0.55978	0.000686147	-0.573098
0.45071	0.560479	0.000685888	-0.573799
0.45263	0.561524	0.000685431	-0.574847
0.45391	0.56222	0.000685079	-0.575545
0.45519	0.562914	0.00068469	-0.576241
0.45711	0.563954	0.000684332	-0.577284
0.45839	0.564645	0.000684153	-0.577977
0.45967	0.565336	0.000683935	-0.57867
0.46159	0.56637	0.000683541	-0.579706
0.46287	0.567058	0.000683234	-0.580396
0.46415	0.567745	0.000682892	-0.581085
0.46607	0.568772	0.000682316	-0.582115
0.46735	0.569456	0.000682163	-0.582801
0.46863	0.570139	0.000681981	-0.583486
0.47055	0.571161	0.000681644	-0.584511
0.47183	0.571842	0.000681378	-0.585193
0.47311	0.572521	0.000681078	-0.585874
0.47503	0.573537	0.000680568	-0.586893
0.47631	0.574214	0.000680188	-0.587572
0.47759	0.574889	0.000680033	-0.588249
0.47951	0.575901	0.000679747	-0.589263
0.48079	0.576573	0.000679517	-0.589937
0.48207	0.577245	0.000679255	-0.590611
0.48399	0.578251	0.000678804	-0.591619
0.48527	0.57892	0.000678466	-0.59229
0.48655	0.579588	0.000678099	-0.59296
0.48847	0.580588	0.000677853	-0.593963
0.48975	0.581254	0.000677656	-0.59463
0.49103	0.581919	0.000677428	-0.595297
0.49295	0.582913	0.000677031	-0.596294
0.49423	0.583576	0.00067673	-0.596958
0.49551	0.584237	0.000676401	-0.597621
0.4968225	0.584913	0.000676034	-0.598299
0.49871	0.585885	0.000675963	-0.599273
0.49999	0.586543	0.000675878	-0.599933
0.50127	0.587199	0.000675762	-0.600591
0.50255	0.587854	0.000675617	-0.601248
0.50383	0.58851	0.000675445	-0.601905
0.50511	0.589163	0.000675244	-0.60256
0.50639	0.589816	0.000675015	-0.603215
0.50767	0.590468	0.00067476	-0.603868
0.50895	0.591119	0.000674479	-0.604521
0.51023	0.591769	0.000674171	-0.605173
0.51151	0.592418	0.000673839	-0.605823
0.51279	0.593066	0.000673481	-0.606473
0.51407	0.593713	0.000673099	-0.607122
0.51535	0.594359	0.000672694	-0.607769
0.51663	0.595004	0.000672264	-0.608416
0.51791	0.595648	0.000671958	-0.609062
0.51919	0.596292	0.000671788	-0.609707
0.52047	0.596934	0.000671594	-0.610351
0.52175	0.597575	0.000671373	-0.610994
0.52303	0.598217	0.000671128	-0.611637
0.52431	0.598856	0.000670859	-0.612278
0.52559	0.599494	0.000670567	-0.612918
0.52687	0.600133	0.000670251	-0.613558
0.52815	0.600769	0.000670003	-0.614196
0.52943	0.601406	0.000669833	-0.614834
0.53071	0.602041	0.000669639	-0.615471
0.53199	0.602675	0.000669421	-0.616107
0.53327	0.603309	0.00066918	-0.616742
0.53455	0.603941	0.000668916	-0.617376
0.53583	0.604572	0.000668631	-0.618009
0.53711	0.605203	0.000668323	-0.618641
0.53839	0.605833	0.000668079	-0.619273
0.53967	0.606462	0.000667909	-0.619903
0.54095	0.60709	0.000667716	-0.620533
0.54223	0.607718	0.0006675	-0.621162
0.54351	0.608344	0.000667263	-0.62179
0.54479	0.60897	0.000667005	-0.622417
0.54607	0.609594	0.000666725	-0.623043
0.54735	0.610219	0.000666425	-0.623669
0.54863	0.610841	0.000666185	-0.624293
0.54991	0.611464	0.000666014	-0.624917
0.55119	0.612085	0.000665823	-0.62554
0.55247	0.612705	0.00066561	-0.626162
0.55375	0.613325	0.000665376	-0.626783
0.55503	0.613943	0.000665122	-0.627403
0.55631	0.614561	0.000664848	-0.628023
0.55759	0.615178	0.000664556	-0.628641
0.55887	0.615794	0.00066432	-0.629259
0.56143	0.617025	0.000663958	-0.630492
0.56399	0.618252	0.000663517	-0.631722
0.56655	0.619476	0.000663	-0.632949
0.5685025	0.620407	0.000662555	-0.633882
0.57039	0.621305	0.000662421	-0.634782
0.57295	0.622521	0.000662171	-0.636001
0.57551	0.623733	0.000661843	-0.637216
0.57807	0.624942	0.000661441	-0.638428
0.58063	0.626148	0.000660968	-0.639637
0.58319	0.627351	0.000660426	-0.640843
0.58575	0.628551	0.000659819	-0.642046
0.58831	0.629748	0.000659148	-0.643246
0.59087	0.630942	0.000658815	-0.644443
0.59343	0.632132	0.000658556	-0.645636
0.59599	0.63332	0.000658228	-0.646827
0.59855	0.634506	0.000657834	-0.648015
0.60111	0.635688	0.000657376	-0.6492
0.60367	0.636866	0.000656856	-0.650381
0.60623	0.638042	0.000656277	-0.65156
0.60879	0.639216	0.000655641	-0.652736
0.61135	0.640386	0.00065531	-0.653909
0.61391	0.641553	0.000655045	-0.655079
0.61647	0.642718	0.000654718	-0.656246
0.61903	0.64388	0.000654342	-0.657411
0.62159	0.645039	0.000653897	-0.658572
0.62415	0.646195	0.000653398	-0.659731
0.62671	0.647348	0.000652845	-0.660887
0.62927	0.6485	0.00065224	-0.662041
0.63183	0.649647	0.000651911	-0.663191
0.63439	0.650793	0.00065164	-0.664339
0.63695	0.651935	0.000651315	-0.665484
0.63951	0.653075	0.000650936	-0.666626
0.64207	0.654212	0.000650504	-0.667766
0.64463	0.655347	0.000650023	-0.668903
0.64719	0.656478	0.000649493	-0.670037
0.64975	0.657608	0.000648917	-0.671169
0.65231	0.658734	0.000648589	-0.672298
0.65487	0.659858	0.000648317	-0.673424
0.65743	0.660979	0.000647992	-0.674548
0.65999	0.662099	0.000647621	-0.67567
0.66255	0.663215	0.000647201	-0.676789
0.66511	0.664329	0.000646737	-0.677905
0.66767	0.66544	0.000646229	-0.679019
0.67023	0.666549	0.000645679	-0.68013
0.67279	0.667655	0.000645354	-0.681239
0.67535	0.668759	0.000645078	-0.682345
0.67791	0.66986	0.000644757	-0.683449
0.68047	0.670959	0.000644392	-0.68455
0.68303	0.672056	0.000643984	-0.685649
0.68559	0.673149	0.000643535	-0.686745
0.68815	0.674242	0.000643047	-0.68784
0.69071	0.675331	0.00064252	-0.688931
0.69327	0.676418	0.000642198	-0.690021
0.69583	0.677502	0.000641921	-0.691107
0.69839	0.678584	0.000641603	-0.692192
0.70095	0.679664	0.000641245	-0.693274
0.70351	0.680742	0.000640848	-0.694354
0.70607	0.681817	0.000640413	-0.695432
0.70863	0.68289	0.000639943	-0.696507
0.71119	0.683961	0.000639438	-0.69758
0.71375	0.685029	0.000639119	-0.698651
0.71631	0.686096	0.000638842	-0.69972
0.71887	0.68716	0.000638527	-0.700786
0.72143	0.688222	0.000638175	-0.70185
0.72399	0.689282	0.000637788	-0.702912
0.72655	0.690339	0.000637367	-0.703971
0.72911	0.691394	0.000636912	-0.705028
0.73167	0.692448	0.000636427	-0.706084
0.73423	0.693498	0.000636112	-0.707137
0.73679	0.694547	0.000635835	-0.708188
0.73935	0.695593	0.000635523	-0.709236
0.74191	0.696638	0.000635178	-0.710283
0.74447	0.69768	0.0006348	-0.711327
0.74703	0.698721	0.000634391	-0.71237
0.74959	0.699759	0.000633953	-0.71341
0.75215	0.700795	0.000633484	-0.714448
0.75471	0.701828	0.000633174	-0.715484
0.75727	0.70286	0.000632897	-0.716518
0.75983	0.70389	0.000632588	-0.71755
0.76239	0.704918	0.000632249	-0.71858
0.76495	0.705944	0.000631881	-0.719608
0.76751	0.706968	0.000631483	-0.720634
0.77007	0.707989	0.000631059	-0.721657
0.77263	0.709009	0.000630608	-0.722679
0.77519	0.710027	0.0006303	-0.723699
0.77775	0.711043	0.000630025	-0.724717
0.78031	0.712056	0.00062972	-0.725732
0.78287	0.713068	0.000629387	-0.726746
0.78543	0.714078	0.000629026	-0.727758
0.78799	0.715086	0.00062864	-0.728768
0.79055	0.716092	0.000628229	-0.729776
0.79311	0.717096	0.000627793	-0.730782
0.79567	0.718098	0.000627489	-0.731786
0.79823	0.719099	0.000627215	-0.732789
0.80079	0.720097	0.000626914	-0.733789
0.80335	0.721093	0.000626587	-0.734787
0.80591	0.722088	0.000626235	-0.735784
0.80847	0.723081	0.000625859	-0.736779
0.81103	0.724072	0.000625459	-0.737772
0.81359	0.72506	0.000625038	-0.738762
0.81615	0.726048	0.000624738	-0.739752
0.81871	0.727033	0.000624465	-0.740739
0.82127	0.728017	0.000624167	-0.741725
0.82383	0.728998	0.000623847	-0.742708
0.82639	0.729978	0.000623502	-0.74369
0.82895	0.730956	0.000623136	-0.74467
0.83151	0.731932	0.000622748	-0.745648
0.83407	0.732907	0.00062234	-0.746625
0.83663	0.733881	0.000622043	-0.7476
0.83919	0.734852	0.000621772	-0.748573
0.84175	0.735821	0.000621478	-0.749544
0.84431	0.736788	0.000621163	-0.750513
0.84687	0.737755	0.000620826	-0.751481
0.84943	0.738719	0.000620469	-0.752447
0.85199	0.739681	0.000620092	-0.753411
0.85455	0.740642	0.000619696	-0.754374
0.85711	0.741602	0.000619404	-0.755335
0.85967	0.742559	0.000619134	-0.756294
0.86223	0.743514	0.000618844	-0.757251
0.86479	0.744468	0.000618534	-0.758207
0.86735	0.74542	0.000618204	-0.759161
0.86991	0.746371	0.000617856	-0.760114
0.87247	0.74732	0.000617489	-0.761065
0.87503	0.748267	0.000617104	-0.762014
0.87759	0.749213	0.000616816	-0.762961
0.88015	0.750157	0.000616549	-0.763907
0.88271	0.751099	0.000616263	-0.764851
0.88527	0.75204	0.000615957	-0.765794
0.88783	0.75298	0.000615635	-0.766735
0.89039	0.753917	0.000615294	-0.767674
0.89295	0.754853	0.000614936	-0.768612
0.89551	0.755787	0.000614563	-0.769548
0.89807	0.756721	0.000614279	-0.770483
0.90063	0.757652	0.000614014	-0.771416
0.90319	0.758582	0.000613731	-0.772347
0.90575	0.75951	0.000613431	-0.773277
0.90831	0.760436	0.000613114	-0.774205
0.91087	0.761362	0.000612781	-0.775132
0.91343	0.762285	0.000612433	-0.776057
0.91599	0.763207	0.00061207	-0.776981
0.91855	0.764128	0.000611789	-0.777903
0.92111	0.765047	0.000611527	-0.778824
0.92367	0.765965	0.000611248	-0.779743
0.92623	0.76688	0.000610953	-0.78066
0.92879	0.767795	0.000610643	-0.781577
0.93135	0.768708	0.000610317	-0.782491
0.93391	0.769619	0.000609977	-0.783404
0.93647	0.770529	0.000609623	-0.784316
0.93903	0.771438	0.000609346	-0.785226
0.94159	0.772345	0.000609086	-0.786135
0.94415	0.773251	0.000608811	-0.787042
0.94671	0.774155	0.000608521	-0.787948
0.94927	0.775057	0.000608217	-0.788852
0.95183	0.775959	0.000607897	-0.789755
0.95439	0.776858	0.000607565	-0.790656
0.95695	0.777756	0.000607221	-0.791556
0.95951	0.778653	0.000606991	-0.792454
0.96207	0.779549	0.00060679	-0.793352
0.96463	0.780443	0.000606575	-0.794247
0.96719	0.781336	0.000606344	-0.795142
0.96975	0.782227	0.000606099	-0.796034
0.97231	0.783117	0.000605839	-0.796926
0.97487	0.784005	0.000605566	-0.797816
0.97743	0.784893	0.00060528	-0.798705
0.97999	0.785778	0.00060498	-0.799592
0.98255	0.786663	0.000604668	-0.800478
0.98511	0.787545	0.000604345	-0.801362
0.98767	0.788428	0.000604009	-0.802246
0.99023	0.789307	0.000603662	-0.803127
0.99279	0.790187	0.000603305	-0.804008
0.99535	0.791064	0.000602948	-0.804887
0.99791	0.79194	0.000602569	-0.805765
1.00047	0.792815	0.00060229	-0.806641
1.00303	0.793688	0.000602039	-0.807516
1.00559	0.794561	0.000601774	-0.80839
1.00815	0.795431	0.000601497	-0.809262
1.01199	0.796736	0.00060106	-0.810569
1.01455	0.797604	0.000600755	-0.811438
1.01711	0.79847	0.00060044	-0.812306
1.02095	0.799767	0.000600016	-0.813605
1.02351	0.800631	0.000599766	-0.81447
1.02607	0.801492	0.000599505	-0.815333
1.02991	0.802783	0.000599092	-0.816626
1.03247	0.803642	0.000598804	-0.817486
1.03503	0.804499	0.000598505	-0.818345
1.03887	0.805783	0.000598039	-0.819631
1.04143	0.806637	0.00059778	-0.820486
1.04399	0.80749	0.000597533	-0.821341
1.04783	0.808767	0.000597142	-0.82262
1.05039	0.809617	0.000596869	-0.823471
1.05295	0.810466	0.000596586	-0.824322
1.05679	0.811736	0.000596143	-0.825594
1.05935	0.812581	0.000595836	-0.826441
1.06191	0.813426	0.000595581	-0.827287
1.06575	0.814691	0.000595211	-0.828554
1.06831	0.815532	0.000594951	-0.829396
1.07087	0.816372	0.000594683	-0.830238
1.07471	0.81763	0.000594262	-0.831498
1.07727	0.818468	0.000593971	-0.832337
1.07983	0.819303	0.000593671	-0.833174
1.08367	0.820555	0.000593299	-0.834428
1.08623	0.821389	0.000593053	-0.835263
1.08879	0.822221	0.000592797	-0.836096
1.09263	0.823467	0.000592397	-0.837344
1.09519	0.824296	0.00059212	-0.838174
1.09775	0.825124	0.000591833	-0.839003
1.1009825	0.826168	0.00059146	-0.840049
1.10415	0.827188	0.000591218	-0.841071
1.10799	0.828424	0.000590903	-0.842309
1.11183	0.829656	0.000590568	-0.843543
1.11567	0.830887	0.000590211	-0.844776
1.11951	0.832115	0.000589836	-0.846005
1.12335	0.833341	0.000589443	-0.847233
1.12847	0.83497	0.000588891	-0.848865
1.13231	0.836189	0.000588458	-0.850086
1.13743	0.837811	0.000587856	-0.851711
1.14127	0.839025	0.000587387	-0.852927
1.14639	0.84064	0.00058696	-0.854544
1.15023	0.841848	0.000586642	-0.855754
1.15535	0.843454	0.000586189	-0.857363
1.15919	0.844658	0.00058583	-0.858568
1.16431	0.846257	0.000585325	-0.86017
1.16815	0.847453	0.000584929	-0.861368
1.17327	0.849046	0.000584378	-0.862963
1.17711	0.850238	0.000583947	-0.864157
1.18223	0.851822	0.000583354	-0.865744
1.18607	0.853008	0.000583033	-0.866932
1.19119	0.854586	0.000582618	-0.868512
1.19503	0.855767	0.000582289	-0.869695
1.20015	0.857338	0.000581825	-0.871268
1.20399	0.858513	0.00058146	-0.872445
1.20911	0.860077	0.000580952	-0.874012
1.21423	0.861637	0.000580421	-0.875574
1.21935	0.863192	0.000579869	-0.877132
1.2238625	0.864561	0.000579364	-0.878503
1.22703	0.86552	0.000579125	-0.879463
1.23215	0.867065	0.000578717	-0.881011
1.23727	0.868608	0.000578283	-0.882556
1.24239	0.870147	0.000577824	-0.884097
1.24751	0.871682	0.000577344	-0.885634
1.25263	0.873212	0.000576842	-0.887167
1.25775	0.87474	0.00057632	-0.888697
1.26287	0.876264	0.00057578	-0.890223
1.26799	0.877784	0.000575332	-0.891745
1.27311	0.879299	0.000574929	-0.893263
1.27823	0.880812	0.000574503	-0.894778
1.28335	0.882321	0.000574057	-0.896289
1.28847	0.883827	0.00057359	-0.897797
1.29359	0.885328	0.000573105	-0.899301
1.29871	0.886827	0.000572602	-0.900802
1.30383	0.888321	0.000572082	-0.902298
1.30895	0.889813	0.000571645	-0.903792
1.31407	0.891301	0.000571249	-0.905282
1.31919	0.892784	0.000570832	-0.906768
1.32431	0.894265	0.000570397	-0.908251
1.32943	0.895742	0.000569943	-0.90973
1.33455	0.897216	0.000569473	-0.911206
1.33967	0.898687	0.000568987	-0.912679
1.34479	0.900154	0.000568487	-0.914148
1.34991	0.901618	0.000568061	-0.915614
1.35503	0.903079	0.00056767	-0.917077
1.36015	0.904536	0.000567263	-0.918536
1.36527	0.90599	0.000566837	-0.919992
1.37039	0.907441	0.000566397	-0.921445
1.37551	0.908888	0.000565941	-0.922894
1.38063	0.910333	0.000565471	-0.924341
1.38575	0.911773	0.000564988	-0.925783
1.39087	0.913211	0.000564572	-0.927223
1.39599	0.914646	0.000564189	-0.92866
1.40111	0.916077	0.000563789	-0.930093
1.40623	0.917505	0.000563374	-0.931523
1.41135	0.918931	0.000562946	-0.932951
1.41647	0.920353	0.000562503	-0.934375
1.42159	0.921772	0.000562048	-0.935796
1.42671	0.923188	0.000561582	-0.937214
1.43183	0.9246	0.000561175	-0.938628
1.43695	0.92601	0.000560798	-0.94004
1.44207	0.927417	0.000560406	-0.941449
1.44719	0.928821	0.000560001	-0.942855
1.45231	0.930221	0.000559584	-0.944257
1.45743	0.931619	0.000559154	-0.945657
1.46255	0.933015	0.000558713	-0.947054
1.46767	0.934407	0.000558262	-0.948448
1.47279	0.935796	0.000557865	-0.949839
1.47791	0.937182	0.000557494	-0.951227
1.48303	0.938565	0.000557111	-0.952612
1.48815	0.939945	0.000556715	-0.953994
1.49327	0.941323	0.000556308	-0.955374
1.49839	0.942697	0.000555891	-0.95675
1.50351	0.94407	0.000555463	-0.958124
1.50863	0.945439	0.000555025	-0.959495
1.51375	0.946805	0.000554637	-0.960863
1.51887	0.948168	0.000554273	-0.962228
1.52399	0.949529	0.000553897	-0.963591
1.52911	0.950887	0.000553511	-0.964951
1.53423	0.952242	0.000553114	-0.966308
1.53935	0.953594	0.000552708	-0.967662
1.54447	0.954945	0.000552292	-0.969014
1.54959	0.956292	0.000551868	-0.970363
1.55471	0.957636	0.000551489	-0.971709
1.55983	0.958977	0.000551131	-0.973052
1.56495	0.960317	0.000550763	-0.974393
1.57007	0.961653	0.000550385	-0.975731
1.57519	0.962987	0.000549997	-0.977067
1.58031	0.964319	0.000549602	-0.9784
1.58543	0.965647	0.000549197	-0.97973
1.59055	0.966974	0.000548786	-0.981058
1.59567	0.968297	0.000548414	-0.982383
1.60079	0.969618	0.000548063	-0.983706
1.60591	0.970936	0.000547703	-0.985026
1.61103	0.972253	0.000547344	-0.986344
1.61615	0.973566	0.000546966	-0.987659
1.62127	0.974876	0.00054658	-0.988971
1.62639	0.976184	0.000546186	-0.990281
1.63151	0.977491	0.000545786	-0.991589
1.63663	0.978794	0.000545423	-0.992894
1.64175	0.980095	0.000545078	-0.994197
1.64687	0.981394	0.000544724	-0.995497
1.65199	0.982689	0.000544362	-0.996794
1.65711	0.983983	0.000543993	-0.99809
1.66223	0.985274	0.000543616	-0.999382
1.66735	0.986563	0.000543233	-1.000673
1.67247	0.98785	0.000542844	-1.001961
1.67759	0.989133	0.000542489	-1.003246
1.68271	0.990416	0.00054215	-1.00453
1.68783	0.991695	0.000541803	-1.005811
1.69295	0.992972	0.000541449	-1.007089
1.69807	0.994247	0.000541088	-1.008366
1.70319	0.99552	0.000540721	-1.00964
1.70831	0.996789	0.000540348	-1.010911
1.71343	0.998057	0.000539969	-1.01218
1.71855	0.999322	0.000539621	-1.013447
1.72367	1.00059	0.000539287	-1.014712
1.72879	1.00185	0.000538947	-1.015975
1.73391	1.0031	0.000538601	-1.017235
1.73903	1.00436	0.000538248	-1.018493
1.74415	1.00562	0.000537889	-1.019748
1.74927	1.00687	0.000537525	-1.021002
1.75439	1.00812	0.000537156	-1.022253
1.75951	1.00936	0.000536815	-1.023502
1.76463	1.01061	0.000536488	-1.024749
1.76975	1.01185	0.000536155	-1.025994
1.77487	1.01309	0.000535815	-1.027236
1.77999	1.01433	0.00053547	-1.028476
1.78511	1.01557	0.00053512	-1.029715
1.79023	1.0168	0.000534764	-1.030951
1.79535	1.01804	0.000534404	-1.032184
1.80047	1.01927	0.00053407	-1.033416
1.80559	1.02049	0.000533749	-1.034646
1.81071	1.02172	0.000533422	-1.035873
1.81583	1.02294	0.000533089	-1.037099
1.82095	1.02417	0.000532752	-1.038322
1.82607	1.02539	0.000532409	-1.039543
1.83119	1.0266	0.000532062	-1.040762
1.83631	1.02782	0.000531711	-1.041979
1.84143	1.02903	0.000531384	-1.043194
1.84655	1.03025	0.000531068	-1.044407
1.85167	1.03145	0.000530747	-1.045618
1.85679	1.03266	0.000530421	-1.046827
1.86191	1.03387	0.00053009	-1.048034
1.86703	1.03507	0.000529755	-1.049239
1.87215	1.03627	0.000529416	-1.050442
1.87727	1.03747	0.000529074	-1.051642
1.88239	1.03867	0.000528766	-1.052841
1.88751	1.03986	0.000528478	-1.054038
1.89263	1.04106	0.000528183	-1.055233
1.89775	1.04225	0.000527883	-1.056426
1.90287	1.04344	0.000527578	-1.057617
1.90799	1.04463	0.000527268	-1.058806
1.91311	1.04581	0.000526954	-1.059993
1.91823	1.047	0.000526636	-1.061179
1.92335	1.04818	0.000526313	-1.062362
1.92847	1.04936	0.000525986	-1.063543
1.93359	1.05054	0.000525656	-1.064723
1.93871	1.05171	0.000525323	-1.0659
1.94383	1.05289	0.000524987	-1.067076
1.94895	1.05406	0.000524649	-1.06825
1.95407	1.05523	0.000524308	-1.069422
1.95919	1.0564	0.000523965	-1.070592
1.96431	1.05757	0.00052365	-1.07176
1.96943	1.05873	0.000523351	-1.072926
1.97455	1.05989	0.000523047	-1.074091
1.97967	1.06106	0.000522739	-1.075254
1.98479	1.06221	0.000522429	-1.076414
1.98991	1.06337	0.000522114	-1.077573
1.99503	1.06453	0.000521797	-1.078731
2.00015	1.06568	0.000521477	-1.079886
2.00527	1.06683	0.000521174	-1.08104
2.01039	1.06798	0.000520879	-1.082191
2.01551	1.06913	0.000520581	-1.083341
2.02063	1.07028	0.000520279	-1.08449
2.02575	1.07143	0.000519975	-1.085636
2.03087	1.07257	0.000519668	-1.086781
2.03599	1.07371	0.000519357	-1.087924
2.04111	1.07485	0.000519044	-1.089065
2.04623	1.07599	0.000518746	-1.090205
2.05135	1.07713	0.000518457	-1.091343
2.05647	1.07826	0.000518163	-1.092479
2.06159	1.07939	0.000517867	-1.093613
2.06671	1.08053	0.000517568	-1.094745
2.07183	1.08166	0.000517266	-1.095876
2.07695	1.08278	0.000516963	-1.097006
2.08207	1.08391	0.000516657	-1.098133
2.08719	1.08503	0.000516365	-1.099259
2.09231	1.08616	0.000516079	-1.100383
2.09743	1.08728	0.000515792	-1.101506
2.10255	1.0884	0.000515501	-1.102626
2.10767	1.08952	0.000515207	-1.103745
2.11279	1.09063	0.000514912	-1.104863
2.11791	1.09175	0.000514614	-1.105979
2.12303	1.09286	0.000514314	-1.107093
2.12815	1.09397	0.000514027	-1.108205
2.13327	1.09508	0.000513747	-1.109316
2.13839	1.09619	0.000513464	-1.110426
2.14351	1.0973	0.000513178	-1.111533
2.14863	1.0984	0.00051289	-1.11264
2.15375	1.0995	0.0005126	-1.113744
2.15887	1.10061	0.000512308	-1.114847
2.1659425	1.10212	0.000511902	-1.116367
2.17167	1.10335	0.000511609	-1.117597
2.17935	1.105	0.00051121	-1.119242
2.18703	1.10664	0.000510804	-1.120884
2.19471	1.10827	0.000510393	-1.122523
2.20239	1.10991	0.000509977	-1.124157
2.21007	1.11154	0.000509556	-1.125789
2.21775	1.11316	0.00050913	-1.127417
2.22543	1.11478	0.000508701	-1.129041
2.23311	1.1164	0.000508268	-1.130662
2.24079	1.11802	0.000507834	-1.13228
2.2478625	1.1195	0.000507431	-1.133766
2.25359	1.12071	0.000507146	-1.134968
2.26127	1.12231	0.000506758	-1.136577
2.26895	1.12392	0.000506365	-1.138183
2.27663	1.12552	0.000505967	-1.139784
2.28431	1.12711	0.000505564	-1.141383
2.29199	1.12871	0.000505157	-1.142979
2.29967	1.1303	0.000504748	-1.144571
2.30735	1.13189	0.000504335	-1.14616
2.31503	1.13347	0.000503919	-1.147746
2.32271	1.13505	0.000503502	-1.149328
2.3297825	1.1365	0.000503116	-1.150782
2.33551	1.13768	0.000502838	-1.151959
2.34319	1.13925	0.000502461	-1.153533
2.35087	1.14082	0.000502079	-1.155103
2.35855	1.14239	0.000501694	-1.156671
2.36623	1.14395	0.000501304	-1.158236
2.37391	1.14551	0.000500912	-1.159797
2.38159	1.14707	0.000500516	-1.161356
2.38927	1.14862	0.000500119	-1.162911
2.39695	1.15017	0.000499719	-1.164463
2.40463	1.15172	0.000499318	-1.166013
2.4117025	1.15314	0.000498947	-1.167437
2.41999	1.1548	0.000498555	-1.169102
2.42767	1.15634	0.000498186	-1.170643
2.43535	1.15788	0.000497815	-1.17218
2.44559	1.15992	0.000497314	-1.174225
2.45327	1.16145	0.000496935	-1.175755
2.46351	1.16349	0.000496426	-1.177791
2.47119	1.16501	0.000496043	-1.179315
2.48143	1.16703	0.000495529	-1.181342
2.48911	1.16855	0.000495142	-1.182858
2.49935	1.17056	0.000494651	-1.184876
2.50703	1.17207	0.000494294	-1.186387
2.51727	1.17408	0.000493813	-1.188396
2.52495	1.17558	0.00049345	-1.189899
2.53519	1.17758	0.000492961	-1.1919
2.54287	1.17908	0.000492593	-1.193397
2.55311	1.18107	0.000492099	-1.195389
2.56079	1.18256	0.000491728	-1.196879
2.57103	1.18454	0.00049123	-1.198862
2.57871	1.18602	0.000490869	-1.200347
2.58895	1.18799	0.000490407	-1.202322
2.59663	1.18947	0.000490057	-1.203799
2.60687	1.19143	0.000489587	-1.205766
2.61455	1.1929	0.000489232	-1.207238
2.62479	1.19486	0.000488757	-1.209196
2.63247	1.19632	0.000488406	-1.210662
2.64271	1.19827	0.000487928	-1.212611
2.65039	1.19973	0.000487568	-1.214071
2.6574625	1.20107	0.000487236	-1.215413
2.66575	1.20264	0.000486873	-1.216982
2.67343	1.20409	0.000486534	-1.218434
2.68111	1.20554	0.000486193	-1.219883
2.68879	1.20698	0.00048585	-1.22133
2.69647	1.20843	0.000485507	-1.222774
2.70415	1.20986	0.000485161	-1.224215
2.71439	1.21178	0.000484699	-1.226133
2.72207	1.21322	0.000484351	-1.227569
2.73231	1.21513	0.000483888	-1.22948
2.7393825	1.21644	0.000483567	-1.230797
2.75023	1.21845	0.000483104	-1.232812
2.75791	1.21988	0.000482774	-1.234237
2.76815	1.22177	0.000482331	-1.236132
2.77583	1.22319	0.000481997	-1.23755
2.78607	1.22507	0.00048155	-1.239438
2.79375	1.22649	0.000481214	-1.240851
2.80399	1.22836	0.000480766	-1.242731
2.81167	1.22977	0.00048043	-1.244139
2.8213025	1.23153	0.000480007	-1.245901
2.82959	1.23304	0.000479662	-1.247413
2.83983	1.23491	0.000479233	-1.249279
2.84751	1.2363	0.000478911	-1.250675
2.85775	1.23816	0.000478479	-1.252534
2.86543	1.23955	0.000478153	-1.253925
2.87567	1.2414	0.00047772	-1.255776
2.88335	1.24278	0.000477393	-1.257162
2.89359	1.24463	0.000476958	-1.259006
2.90127	1.246	0.000476632	-1.260386
2.91151	1.24784	0.000476213	-1.262223
2.92175	1.24967	0.000475796	-1.264057
2.93199	1.2515	0.000475376	-1.265886
2.94223	1.25332	0.000474956	-1.267711
2.95247	1.25514	0.000474534	-1.269532
2.96271	1.25696	0.000474113	-1.27135
2.97295	1.25877	0.000473691	-1.273164
2.98319	1.26058	0.000473269	-1.274973
2.99343	1.26238	0.000472861	-1.276779
3.00367	1.26418	0.000472454	-1.278582
3.01391	1.26598	0.000472046	-1.28038
3.02415	1.26777	0.000471637	-1.282174
3.03439	1.26956	0.000471227	-1.283965
3.04463	1.27135	0.000470817	-1.285752
3.05487	1.27313	0.000470408	-1.287536
3.06511	1.27491	0.000469998	-1.289316
3.07535	1.27668	0.0004696	-1.291092
3.08559	1.27845	0.000469204	-1.292864
3.09583	1.28022	0.000468806	-1.294633
3.10607	1.28198	0.000468408	-1.296398
3.11631	1.28374	0.00046801	-1.29816
3.12655	1.2855	0.000467611	-1.299918
3.13679	1.28726	0.000467212	-1.301673
3.14703	1.289	0.000466816	-1.303424
3.15727	1.29075	0.000466428	-1.305171
3.16751	1.29249	0.000466041	-1.306915
3.17775	1.29423	0.000465653	-1.308655
3.18799	1.29597	0.000465265	-1.310393
3.19823	1.2977	0.000464877	-1.312126
3.20847	1.29943	0.000464489	-1.313856
3.21871	1.30115	0.000464103	-1.315583
3.22895	1.30287	0.000463717	-1.317306
3.23919	1.30459	0.000463337	-1.319027
3.24943	1.30631	0.000462961	-1.320743
3.25967	1.30802	0.000462582	-1.322457
3.26991	1.30973	0.000462204	-1.324167
3.28015	1.31143	0.000461827	-1.325873
3.29039	1.31314	0.000461449	-1.327577
3.30063	1.31484	0.000461072	-1.329277
3.31087	1.31653	0.000460697	-1.330974
3.32111	1.31822	0.000460327	-1.332667
3.33135	1.31991	0.000459959	-1.334358
3.34159	1.3216	0.00045959	-1.336045
3.35183	1.32328	0.000459222	-1.337729
3.36207	1.32496	0.000458853	-1.33941
3.37231	1.32664	0.000458485	-1.341087
3.38255	1.32831	0.000458118	-1.342762
3.39279	1.32998	0.000457752	-1.344433
3.40303	1.33165	0.000457393	-1.346102
3.41327	1.33331	0.000457032	-1.347767
3.42351	1.33497	0.000456673	-1.349429
3.43375	1.33663	0.000456313	-1.351088
3.44399	1.33828	0.000455954	-1.352744
3.45423	1.33994	0.000455596	-1.354397
3.46447	1.34158	0.000455237	-1.356047
3.47471	1.34323	0.000454881	-1.357694
3.48495	1.34487	0.000454533	-1.359338
3.49519	1.34651	0.000454185	-1.360978
3.50543	1.34815	0.000453836	-1.362616
3.51567	1.34978	0.000453487	-1.364251
3.52591	1.35141	0.000453138	-1.365883
3.53615	1.35304	0.000452789	-1.367512
3.54639	1.35466	0.00045244	-1.369138
3.55663	1.35629	0.000452091	-1.370762
3.56687	1.35791	0.000451744	-1.372382
3.57711	1.35952	0.000451396	-1.373999
3.58735	1.36113	0.00045105	-1.375614
3.59759	1.36275	0.000450706	-1.377226
3.60783	1.36435	0.000450362	-1.378835
3.61807	1.36596	0.000450021	-1.380441
3.62831	1.36756	0.000449681	-1.382044
3.63855	1.36916	0.000449343	-1.383644
3.64879	1.37076	0.000449008	-1.385242
3.65903	1.37235	0.000448672	-1.386837
3.66927	1.37394	0.000448336	-1.388429
3.67951	1.37553	0.000448002	-1.390019
3.68975	1.37711	0.000447667	-1.391605
3.69999	1.3787	0.000447334	-1.393189
3.71023	1.38028	0.000447002	-1.39477
3.72047	1.38185	0.000446671	-1.396349
3.73071	1.38343	0.000446343	-1.397925
3.74095	1.385	0.000446014	-1.399498
3.75119	1.38657	0.000445686	-1.401068
3.76143	1.38814	0.000445359	-1.402636
3.77167	1.3897	0.000445032	-1.404201
3.78191	1.39126	0.000444707	-1.405763
3.79215	1.39282	0.000444383	-1.407323
3.80239	1.39438	0.00044406	-1.408881
3.81263	1.39593	0.000443738	-1.410435
3.82287	1.39748	0.000443417	-1.411987
3.83311	1.39903	0.000443096	-1.413537
3.84335	1.40058	0.000442776	-1.415084
3.85359	1.40212	0.000442457	-1.416628
3.86383	1.40366	0.000442139	-1.41817
3.87407	1.4052	0.000441822	-1.419709
3.88431	1.40673	0.000441506	-1.421246
3.89455	1.40827	0.000441192	-1.42278
3.90479	1.4098	0.000440877	-1.424312
3.91503	1.41132	0.000440564	-1.425841
3.92527	1.41285	0.00044025	-1.427368
3.93551	1.41437	0.000439938	-1.428892
3.94575	1.41589	0.000439627	-1.430414
3.95599	1.41741	0.000439318	-1.431933
3.96623	1.41893	0.000439009	-1.43345
3.97647	1.42044	0.000438701	-1.434965
3.98671	1.42195	0.000438393	-1.436477
3.99695	1.42346	0.000438086	-1.437987
4.00719	1.42497	0.00043778	-1.439494
4.01743	1.42647	0.000437474	-1.440999
4.02767	1.42797	0.00043717	-1.442501
4.03791	1.42947	0.000436867	-1.444001
4.04815	1.43097	0.000436566	-1.445499
4.05839	1.43246	0.000436264	-1.446994
4.06863	1.43395	0.000435963	-1.448487
4.07887	1.43544	0.000435662	-1.449978
4.08911	1.43693	0.000435361	-1.451466
4.09935	1.43842	0.00043506	-1.452953
4.10959	1.4399	0.000434761	-1.454436
4.11983	1.44138	0.000434462	-1.455918
4.13007	1.44286	0.000434165	-1.457397
4.14031	1.44433	0.000433868	-1.458874
4.15055	1.44581	0.000433573	-1.460348
4.16079	1.44728	0.000433278	-1.461821
4.17103	1.44875	0.000432986	-1.463291
4.18127	1.45022	0.000432695	-1.464759
4.19151	1.45168	0.000432405	-1.466224
4.20175	1.45314	0.000432117	-1.467688
4.21199	1.4546	0.000431831	-1.469149
4.22223	1.45606	0.000431542	-1.470608
4.23759	1.45824	0.000431107	-1.472792
4.25295	1.46042	0.000430673	-1.474971
4.26831	1.46259	0.000430241	-1.477146
4.28367	1.46476	0.00042981	-1.479315
4.29903	1.46692	0.000429383	-1.48148
4.31439	1.46908	0.000428957	-1.48364
4.32975	1.47124	0.000428535	-1.485795
4.34511	1.47338	0.00042812	-1.487946
4.36047	1.47553	0.000427705	-1.490091
4.37583	1.47767	0.000427293	-1.492232
4.39119	1.4798	0.000426875	-1.494368
4.40655	1.48193	0.000426456	-1.4965
4.42191	1.48406	0.000426039	-1.498627
4.43727	1.48618	0.000425624	-1.500749
4.45263	1.4883	0.000425211	-1.502867
4.46799	1.49041	0.000424801	-1.50498
4.48335	1.49251	0.000424394	-1.507089
4.49871	1.49462	0.000423989	-1.509193
4.51407	1.49672	0.000423588	-1.511293
4.52943	1.49881	0.00042319	-1.513388
4.5416225	1.50047	0.000422877	-1.515048
4.55503	1.50229	0.000422524	-1.516871
4.57039	1.50437	0.000422121	-1.518954
4.58575	1.50645	0.00042172	-1.521033
4.60111	1.50852	0.000421321	-1.523108
4.61647	1.51059	0.000420924	-1.525178
4.63183	1.51266	0.000420529	-1.527244
4.64719	1.51472	0.000420137	-1.529306
4.66255	1.51677	0.000419748	-1.531364
4.67791	1.51883	0.000419362	-1.533417
4.69327	1.52087	0.000418981	-1.535467
4.7054625	1.5225	0.000418679	-1.53709
4.71887	1.52428	0.000418339	-1.538873
4.73423	1.52632	0.00041795	-1.540911
4.74959	1.52835	0.000417563	-1.542945
4.76495	1.53038	0.000417178	-1.544974
4.78031	1.5324	0.000416796	-1.547
4.79567	1.53442	0.000416416	-1.549022
4.81103	1.53644	0.000416039	-1.551039
4.82639	1.53845	0.000415664	-1.553053
4.84175	1.54046	0.000415293	-1.555063
4.85711	1.54246	0.000414925	-1.557068
4.8693025	1.54405	0.000414636	-1.558657
4.88271	1.54579	0.000414307	-1.560402
4.89807	1.54779	0.000413932	-1.562397
4.91343	1.54978	0.000413558	-1.564388
4.92879	1.55176	0.000413187	-1.566376
4.94415	1.55375	0.000412818	-1.568359
4.95951	1.55573	0.000412452	-1.570339
4.97487	1.5577	0.000412088	-1.572314
4.99023	1.55967	0.000411727	-1.574286
5.00559	1.56164	0.00041137	-1.576254
5.02095	1.5636	0.000411015	-1.578218
5.03631	1.56556	0.000410661	-1.580179
5.05167	1.56751	0.000410298	-1.582136
5.06703	1.56947	0.000409935	-1.584089
5.08239	1.57141	0.000409575	-1.586038
5.09775	1.57336	0.000409218	-1.587984
5.11311	1.5753	0.000408863	-1.589926
5.12847	1.57724	0.00040851	-1.591864
5.14383	1.57917	0.00040816	-1.593799
5.15919	1.5811	0.000407813	-1.59573
5.17455	1.58303	0.000407469	-1.597658
5.18991	1.58495	0.000407128	-1.599581
5.20527	1.58687	0.000406782	-1.601502
5.22063	1.58878	0.000406431	-1.603419
5.23599	1.5907	0.000406082	-1.605332
5.25135	1.59261	0.000405735	-1.607242
5.26671	1.59451	0.00040539	-1.609148
5.28207	1.59641	0.000405047	-1.611051
5.29743	1.59831	0.000404707	-1.61295
5.31279	1.6002	0.00040437	-1.614846
5.32815	1.6021	0.000404036	-1.616738
5.34351	1.60398	0.000403705	-1.618627
5.35887	1.60587	0.000403376	-1.620513
5.37423	1.60775	0.000403037	-1.622395
5.38959	1.60963	0.000402698	-1.624274
5.40495	1.6115	0.00040236	-1.626149
5.42031	1.61337	0.000402025	-1.628021
5.43567	1.61524	0.000401693	-1.62989
5.45103	1.6171	0.000401363	-1.631755
5.46639	1.61896	0.000401034	-1.633617
5.48175	1.62082	0.00040071	-1.635476
5.49711	1.62268	0.000400387	-1.637332
5.51247	1.62453	0.000400068	-1.639184
5.52783	1.62638	0.000399748	-1.641033
5.54319	1.62822	0.000399418	-1.642879
5.55855	1.63006	0.000399091	-1.644722
5.57391	1.6319	0.000398765	-1.646561
5.58927	1.63374	0.000398441	-1.648398
5.60463	1.63557	0.00039812	-1.650231
5.61999	1.6374	0.000397801	-1.652061
5.63535	1.63922	0.000397484	-1.653888
5.65071	1.64104	0.000397171	-1.655711
5.66607	1.64287	0.00039686	-1.657532
5.68143	1.64468	0.000396551	-1.659349
5.69679	1.64649	0.000396238	-1.661164
5.71215	1.6483	0.000395919	-1.662975
5.72751	1.65011	0.000395601	-1.664783
5.74287	1.65192	0.000395287	-1.666588
5.75823	1.65372	0.000394974	-1.668391
5.77359	1.65552	0.000394663	-1.67019
5.78895	1.65731	0.000394355	-1.671986
5.80943	1.6597	0.000393949	-1.674376
5.82479	1.66149	0.000393646	-1.676165
5.84527	1.66387	0.000393247	-1.678546
5.86063	1.66565	0.000392943	-1.680328
5.88111	1.66802	0.000392531	-1.6827
5.89647	1.66979	0.000392224	-1.684475
5.91695	1.67215	0.000391819	-1.686838
5.93231	1.67392	0.000391517	-1.688607
5.95279	1.67627	0.000391118	-1.69096
5.96815	1.67804	0.000390822	-1.692722
5.98863	1.68038	0.00039043	-1.695067
6.00399	1.68213	0.00039014	-1.696822
6.02447	1.68447	0.000389748	-1.699158
6.03983	1.68622	0.000389449	-1.700907
6.06031	1.68854	0.000389051	-1.703234
6.07567	1.69028	0.000388755	-1.704976
6.09615	1.6926	0.000388364	-1.707295
6.11151	1.69433	0.000388073	-1.709031
6.13199	1.69664	0.00038769	-1.711341
6.14735	1.69837	0.000387405	-1.71307
6.16783	1.70067	0.000387028	-1.715372
6.18319	1.70239	0.000386746	-1.717094
6.20367	1.70469	0.000386357	-1.719388
6.21903	1.7064	0.000386067	-1.721104
6.23951	1.70869	0.000385684	-1.723389
6.25487	1.7104	0.000385399	-1.7251
6.27535	1.71267	0.000385022	-1.727376
6.29583	1.71494	0.000384649	-1.729648
6.31631	1.71721	0.000384281	-1.731915
6.33679	1.71947	0.000383917	-1.734178
6.35727	1.72173	0.000383543	-1.736436
6.38287	1.72454	0.000383073	-1.739252
6.40335	1.72679	0.0003827	-1.741499
6.42383	1.72903	0.000382332	-1.743742
6.44431	1.73127	0.000381967	-1.745981
6.46479	1.7335	0.000381606	-1.748215
6.49039	1.73628	0.00038116	-1.751001
6.5077025	1.73816	0.000380862	-1.752882
6.52623	1.74017	0.000380528	-1.754891
6.54671	1.74239	0.000380163	-1.757107
6.56719	1.7446	0.000379801	-1.759319
6.58767	1.7468	0.000379442	-1.761527
6.60815	1.749	0.000379087	-1.76373
6.63375	1.75175	0.000378649	-1.766478
6.65423	1.75394	0.000378303	-1.768672
6.6715425	1.75579	0.000378013	-1.770523
6.69007	1.75777	0.000377682	-1.7725
6.71055	1.75995	0.000377319	-1.774682
6.73103	1.76213	0.000376959	-1.77686
6.75151	1.7643	0.000376601	-1.779033
6.77711	1.76701	0.000376158	-1.781745
6.79759	1.76917	0.000375807	-1.783909
6.81807	1.77133	0.000375459	-1.786069
6.83855	1.77349	0.000375115	-1.788225
6.85903	1.77564	0.000374774	-1.790377
6.88463	1.77832	0.000374352	-1.793061
6.90511	1.78046	0.00037402	-1.795203
6.92559	1.7826	0.000373691	-1.797342
6.94607	1.78473	0.000373366	-1.799477
6.96655	1.78686	0.000373046	-1.801608
6.98703	1.78899	0.000372729	-1.803735
7.00751	1.79111	0.000372406	-1.805857
7.02799	1.79323	0.000372067	-1.807976
7.04847	1.79534	0.000371731	-1.810091
7.06895	1.79745	0.000371399	-1.812202
7.08943	1.79956	0.00037107	-1.81431
7.10991	1.80166	0.000370744	-1.816413
7.13039	1.80376	0.000370422	-1.818513
7.15087	1.80585	0.000370103	-1.820609
7.17135	1.80795	0.000369781	-1.822701
7.19183	1.81003	0.00036945	-1.824789
7.21231	1.81211	0.000369124	-1.826873
7.23279	1.8142	0.000368799	-1.828954
7.25327	1.81627	0.000368479	-1.831031
7.27375	1.81834	0.000368162	-1.833104
7.29423	1.82041	0.000367848	-1.835173
7.31471	1.82248	0.000367537	-1.837239
7.33519	1.82454	0.000367223	-1.839301
7.35567	1.8266	0.000366902	-1.84136
7.37615	1.82865	0.000366583	-1.843415
7.39663	1.8307	0.000366267	-1.845466
7.41711	1.83275	0.000365954	-1.847514
7.43759	1.83479	0.000365645	-1.849558
7.45807	1.83683	0.000365338	-1.851598
7.47855	1.83886	0.000365035	-1.853635
7.49903	1.8409	0.000364728	-1.855668
7.51951	1.84293	0.000364414	-1.857698
7.53999	1.84495	0.000364103	-1.859725
7.56047	1.84697	0.000363796	-1.861748
7.58095	1.84899	0.000363491	-1.863767
7.60143	1.85101	0.000363188	-1.865783
7.62191	1.85302	0.00036289	-1.867795
7.64239	1.85503	0.000362593	-1.869804
7.66287	1.85703	0.000362294	-1.87181
7.68335	1.85903	0.000361988	-1.873812
7.70383	1.86103	0.000361685	-1.875811
7.72431	1.86302	0.000361384	-1.877807
7.74479	1.86502	0.000361086	-1.879799
7.76527	1.867	0.000360791	-1.881787
7.78575	1.86899	0.000360499	-1.883773
7.80623	1.87097	0.00036021	-1.885755
7.82671	1.87295	0.000359916	-1.887734
7.84719	1.87492	0.00035961	-1.889709
7.86767	1.87689	0.000359307	-1.891682
7.88815	1.87886	0.000359005	-1.893651
7.90863	1.88082	0.000358707	-1.895616
7.92911	1.88279	0.000358411	-1.897579
7.94959	1.88474	0.000358117	-1.899538
7.97007	1.8867	0.000357827	-1.901494
7.99055	1.88865	0.000357538	-1.903447
8.01103	1.8906	0.000357253	-1.905397
8.03151	1.89255	0.000356971	-1.907343
8.05199	1.89449	0.000356692	-1.909287
8.07247	1.89643	0.000356415	-1.911227
8.09295	1.89836	0.000356142	-1.913164
8.11343	1.9003	0.000355871	-1.915098
8.13391	1.90223	0.000355605	-1.917029
8.15439	1.90416	0.000355328	-1.918957
8.17487	1.90608	0.000355036	-1.920881
8.19535	1.908	0.000354747	-1.922803
8.21583	1.90992	0.00035446	-1.924721
8.23631	1.91183	0.000354175	-1.926637
8.26703	1.9147	0.000353752	-1.929505
8.29775	1.91756	0.000353334	-1.932365
8.32847	1.92041	0.000352922	-1.93522
8.35919	1.92326	0.000352517	-1.938067
8.38991	1.9261	0.000352118	-1.940908
8.42063	1.92893	0.000351724	-1.943742
8.45135	1.93175	0.000351338	-1.946569
8.4737825	1.93382	0.00035106	-1.94863
8.50255	1.93645	0.000350668	-1.951267
8.53327	1.93926	0.000350253	-1.954077
8.56399	1.94206	0.000349843	-1.956881
8.59471	1.94486	0.000349439	-1.959679
8.62543	1.94765	0.00034904	-1.96247
8.65615	1.95043	0.000348646	-1.965254
8.68687	1.95321	0.000348258	-1.968032
8.71759	1.95598	0.000347875	-1.970804
8.74831	1.95874	0.000347499	-1.97357
8.77903	1.9615	0.000347129	-1.97633
8.8014625	1.96351	0.000346862	-1.978341
8.83023	1.96609	0.000346486	-1.980916
8.86095	1.96883	0.00034609	-1.983659
8.89167	1.97156	0.000345697	-1.986396
8.92239	1.97429	0.00034531	-1.989127
8.95311	1.97702	0.000344928	-1.991852
8.98383	1.97974	0.00034455	-1.994572
9.01455	1.98245	0.000344178	-1.997285
9.04527	1.98515	0.000343812	-1.999992
9.07599	1.98785	0.000343451	-2.002694
9.10671	1.99055	0.000343096	-2.00539
9.13743	1.99324	0.000342735	-2.008079
9.16815	1.99592	0.000342352	-2.010763
9.19887	1.9986	0.000341973	-2.013442
9.22959	2.00127	0.000341598	-2.016114
9.26031	2.00394	0.000341228	-2.018781
9.29103	2.0066	0.000340863	-2.021443
9.32175	2.00925	0.000340503	-2.024098
9.35247	2.0119	0.000340147	-2.026749
9.38319	2.01454	0.000339798	-2.029393
9.41391	2.01718	0.000339452	-2.032032
9.44463	2.01981	0.000339113	-2.034666
9.47535	2.02244	0.000338757	-2.037294
9.50607	2.02506	0.00033839	-2.039916
9.53679	2.02768	0.000338028	-2.042533
9.56751	2.03029	0.000337669	-2.045145
9.59823	2.03289	0.000337316	-2.047751
9.62895	2.03549	0.000336966	-2.050352
9.65967	2.03809	0.000336622	-2.052948
9.69039	2.04068	0.000336282	-2.055539
9.72111	2.04326	0.000335946	-2.058124
9.75183	2.04584	0.000335616	-2.060704
9.78255	2.04841	0.000335292	-2.063279
9.81327	2.05098	0.000334939	-2.065848
9.84399	2.05355	0.000334587	-2.068413
9.87471	2.0561	0.000334241	-2.070972
9.90543	2.05866	0.000333897	-2.073526
9.93615	2.06121	0.000333559	-2.076075
9.96687	2.06375	0.000333224	-2.07862
9.99759	2.06629	0.000332894	-2.081159
10.02831	2.06882	0.000332569	-2.083693
10.05903	2.07135	0.000332247	-2.086222
10.08975	2.07387	0.000331931	-2.088746
10.12047	2.07639	0.000331611	-2.091265
10.15119	2.0789	0.00033127	-2.09378
10.18191	2.08141	0.000330934	-2.096289
10.21263	2.08392	0.000330601	-2.098794
10.24335	2.08642	0.000330271	-2.101294
10.27407	2.08891	0.000329946	-2.103789
10.30479	2.0914	0.000329626	-2.106279
10.33551	2.09388	0.00032931	-2.108764
10.36623	2.09636	0.000328997	-2.111245
10.39695	2.09884	0.000328689	-2.113721
10.42767	2.10131	0.000328386	-2.116192
10.45839	2.10377	0.000328068	-2.118659
10.48911	2.10623	0.000327741	-2.121121
10.51983	2.10869	0.000327418	-2.123578
10.55055	2.11114	0.000327098	-2.126031
10.58127	2.11359	0.000326783	-2.128479
10.61199	2.11603	0.000326471	-2.130923
10.64271	2.11847	0.000326163	-2.133362
10.67343	2.12091	0.000325859	-2.135797
10.70415	2.12333	0.000325559	-2.138227
10.73487	2.12576	0.000325264	-2.140652
10.76559	2.12818	0.000324971	-2.143073
10.79631	2.13059	0.000324657	-2.14549
10.82703	2.13301	0.000324342	-2.147902
10.85775	2.13541	0.000324032	-2.15031
10.88847	2.13781	0.000323725	-2.152713
10.91919	2.14021	0.000323421	-2.155113
10.94991	2.14261	0.000323122	-2.157507
10.98063	2.145	0.000322826	-2.159898
11.01135	2.14738	0.000322534	-2.162284
11.04207	2.14976	0.000322246	-2.164666
11.07279	2.15214	0.000321961	-2.167044
11.10351	2.15451	0.000321673	-2.169417
11.13423	2.15688	0.000321368	-2.171786
11.16495	2.15924	0.000321066	-2.174151
11.19567	2.1616	0.000320767	-2.176512
11.22639	2.16396	0.000320471	-2.178869
11.25711	2.16631	0.000320179	-2.181221
11.28783	2.16866	0.000319891	-2.18357
11.31855	2.171	0.000319607	-2.185914
11.34927	2.17334	0.000319325	-2.188254
11.37999	2.17568	0.000319048	-2.19059
11.41071	2.17801	0.000318774	-2.192922
11.44143	2.18034	0.000318487	-2.19525
11.47215	2.18266	0.000318194	-2.197574
11.50287	2.18498	0.000317903	-2.199894
11.53359	2.18729	0.000317615	-2.20221
11.56431	2.1896	0.000317331	-2.204522
11.59503	2.19191	0.00031705	-2.20683
11.62575	2.19421	0.000316772	-2.209134
11.65647	2.19651	0.000316498	-2.211434
11.68719	2.19881	0.000316227	-2.213731
11.71791	2.2011	0.000315959	-2.216023
11.74863	2.20339	0.000315696	-2.218311
11.77935	2.20567	0.000315411	-2.220596
11.81007	2.20795	0.000315128	-2.222877
11.84079	2.21023	0.000314847	-2.225154
11.87151	2.2125	0.00031457	-2.227427
11.90223	2.21477	0.000314296	-2.229697
11.93295	2.21703	0.000314025	-2.231962
11.96367	2.2193	0.000313757	-2.234224
11.99439	2.22155	0.000313493	-2.236482
12.02511	2.22381	0.000313231	-2.238737
12.05583	2.22606	0.000312974	-2.240987
12.08655	2.2283	0.00031271	-2.243234
12.11727	2.23054	0.000312424	-2.245478
12.14799	2.23278	0.000312139	-2.247717
12.17871	2.23502	0.000311858	-2.249953
12.21967	2.23799	0.000311488	-2.252929
12.26063	2.24096	0.000311122	-2.255898
12.30159	2.24392	0.000310761	-2.258861
12.34255	2.24688	0.000310404	-2.261817
12.38351	2.24983	0.000310053	-2.264768
12.42447	2.25277	0.000309707	-2.267711
12.46543	2.25571	0.000309367	-2.270649
12.50639	2.25864	0.000309032	-2.273581
12.54735	2.26156	0.000308702	-2.276506
12.58831	2.26448	0.000308378	-2.279425
12.62927	2.26739	0.000308059	-2.282338
12.67023	2.2703	0.000307746	-2.285244
12.71119	2.2732	0.000307438	-2.288145
12.75215	2.27609	0.000307115	-2.29104
12.79311	2.27898	0.000306772	-2.293928
12.83407	2.28186	0.000306432	-2.296811
12.87503	2.28474	0.000306098	-2.299688
12.91599	2.28761	0.000305768	-2.302559
12.95695	2.29047	0.000305444	-2.305424
12.99791	2.29333	0.000305123	-2.308283
13.03887	2.29618	0.000304809	-2.311136
13.07983	2.29903	0.000304486	-2.313983
13.12079	2.30187	0.000304153	-2.316825
13.16175	2.3047	0.000303824	-2.319661
13.20271	2.30753	0.0003035	-2.322491
13.24367	2.31036	0.00030318	-2.325316
13.28463	2.31317	0.000302864	-2.328135
13.32559	2.31599	0.000302554	-2.330948
13.36655	2.31879	0.000302247	-2.333756
13.40751	2.3216	0.000301935	-2.336558
13.44847	2.32439	0.000301611	-2.339355
13.48943	2.32718	0.000301292	-2.342146
13.53039	2.32997	0.000300976	-2.344932
13.57135	2.33275	0.000300666	-2.347712
13.61231	2.33552	0.000300359	-2.350487
13.65327	2.33829	0.000300057	-2.353256
13.69423	2.34105	0.00029976	-2.35602
13.73519	2.34381	0.000299456	-2.358779
13.77615	2.34656	0.000299141	-2.361532
13.81711	2.34931	0.000298831	-2.36428
13.85807	2.35205	0.000298525	-2.367023
13.90927	2.35547	0.000298148	-2.370444
13.95023	2.3582	0.000297851	-2.373175
13.99119	2.36092	0.000297558	-2.3759
14.03215	2.36364	0.00029727	-2.378621
14.07311	2.36636	0.000296969	-2.381336
14.12431	2.36974	0.000296589	-2.384723
14.16527	2.37245	0.000296289	-2.387427
14.20623	2.37514	0.000295994	-2.390126
14.24719	2.37784	0.000295701	-2.39282
14.28815	2.38053	0.000295414	-2.395509
14.33935	2.38388	0.00029506	-2.398863
14.38031	2.38656	0.000294775	-2.40154
14.42127	2.38923	0.000294466	-2.404213
14.46223	2.39189	0.000294161	-2.406881
14.50319	2.39456	0.000293859	-2.409543
14.55439	2.39788	0.000293487	-2.412865
14.59535	2.40053	0.000293194	-2.415517
14.63631	2.40318	0.000292904	-2.418164
14.67727	2.40582	0.000292617	-2.420806
14.71823	2.40845	0.000292335	-2.423444
14.76943	2.41174	0.000291987	-2.426734
14.81039	2.41437	0.000291713	-2.429361
14.85135	2.41699	0.000291443	-2.431983
14.89231	2.41961	0.000291177	-2.4346
14.93327	2.42222	0.000290915	-2.437213
14.98447	2.42548	0.000290593	-2.440472
15.02543	2.42808	0.00029034	-2.443074
15.06639	2.43067	0.000290049	-2.445672
15.10735	2.43327	0.000289759	-2.448265
15.14831	2.43585	0.000289472	-2.450853
15.19951	2.43908	0.000289119	-2.454083
15.24047	2.44166	0.00028884	-2.456661
15.28143	2.44423	0.000288564	-2.459234
15.32239	2.4468	0.000288292	-2.461804
15.36335	2.44937	0.000288023	-2.464369
15.41455	2.45256	0.000287692	-2.467568
15.45551	2.45512	0.000287431	-2.470123
15.49647	2.45767	0.000287173	-2.472674
15.53743	2.46021	0.000286919	-2.47522
15.57839	2.46275	0.000286668	-2.477761
15.62959	2.46592	0.000286361	-2.480932
15.67055	2.46845	0.000286118	-2.483464
15.71151	2.47098	0.000285852	-2.485992
15.75247	2.4735	0.000285576	-2.488515
15.79343	2.47602	0.000285303	-2.491034
15.84463	2.47916	0.000284966	-2.494177
15.88559	2.48167	0.000284701	-2.496687
15.92655	2.48418	0.000284438	-2.499192
15.96751	2.48668	0.000284179	-2.501693
16.00847	2.48917	0.000283922	-2.50419
16.05967	2.49229	0.000283606	-2.507306
16.11087	2.4954	0.000283295	-2.510414
16.16207	2.4985	0.000282989	-2.513517
16.21327	2.50159	0.000282688	-2.516613
16.27471	2.5053	0.000282333	-2.52032
16.32591	2.50838	0.000282044	-2.523402
16.37711	2.51146	0.000281724	-2.526478
16.43855	2.51514	0.000281334	-2.53016
16.49999	2.51881	0.000280948	-2.533834
16.56143	2.52247	0.00028057	-2.537499
16.62287	2.52613	0.000280198	-2.541155
16.68431	2.52977	0.000279833	-2.544802
16.74575	2.53341	0.000279474	-2.54844
16.80719	2.53704	0.000279122	-2.55207
16.86863	2.54066	0.000278776	-2.555691
16.93007	2.54427	0.000278438	-2.559303
16.99151	2.54787	0.000278107	-2.562907
17.05295	2.55147	0.000277732	-2.566503
17.11439	2.55506	0.000277361	-2.57009
17.17583	2.55863	0.000276997	-2.573668
17.23727	2.5622	0.000276638	-2.577238
17.29871	2.56576	0.000276285	-2.5808
17.36015	2.56932	0.000275939	-2.584354
17.42159	2.57286	0.000275598	-2.587899
17.48303	2.5764	0.000275263	-2.591437
17.54447	2.57992	0.000274935	-2.594966
17.60591	2.58345	0.000274613	-2.598487
17.66735	2.58696	0.000274284	-2.602
17.72879	2.59046	0.000273927	-2.605505
17.79023	2.59396	0.000273575	-2.609002
17.85167	2.59745	0.000273229	-2.612492
17.91311	2.60093	0.000272888	-2.615973
17.97455	2.6044	0.000272552	-2.619447
18.03599	2.60786	0.000272223	-2.622912
18.09743	2.61132	0.000271899	-2.626371
18.15887	2.61477	0.000271581	-2.629821
18.22031	2.61821	0.000271269	-2.633264
18.28175	2.62165	0.000270963	-2.636699
18.34319	2.62507	0.000270634	-2.640127
18.40463	2.62849	0.000270294	-2.643547
18.46607	2.63191	0.000269959	-2.64696
18.52751	2.63531	0.00026963	-2.650365
18.58895	2.63871	0.000269305	-2.653763
18.65039	2.6421	0.000268987	-2.657154
18.71183	2.64548	0.000268673	-2.660537
18.77327	2.64885	0.000268364	-2.663913
18.83471	2.65222	0.000268061	-2.667282
18.89615	2.65558	0.000267764	-2.670643
18.95759	2.65894	0.000267471	-2.673998
19.01903	2.66228	0.000267144	-2.677345
19.08047	2.66562	0.00026682	-2.680685
19.14191	2.66895	0.000266502	-2.684018
19.20335	2.67228	0.000266187	-2.687345
19.26479	2.6756	0.000265878	-2.690664
19.32623	2.67891	0.000265574	-2.693976
19.38767	2.68221	0.000265275	-2.697281
19.44911	2.68551	0.00026498	-2.70058
19.51055	2.6888	0.00026469	-2.703871
19.57199	2.69209	0.000264406	-2.707156
19.63343	2.69536	0.000264115	-2.710434
19.69487	2.69863	0.000263803	-2.713706
19.75631	2.7019	0.000263494	-2.716971
19.81775	2.70515	0.000263189	-2.720229
19.87919	2.7084	0.00026289	-2.72348
19.94063	2.71165	0.000262595	-2.726725
20.00207	2.71489	0.000262303	-2.729963
20.06351	2.71812	0.000262018	-2.733195
20.12495	2.72134	0.000261736	-2.73642
20.18639	2.72456	0.000261459	-2.739639
20.24783	2.72777	0.000261188	-2.742851
20.30927	2.73098	0.000260897	-2.746057
20.37071	2.73418	0.000260598	-2.749257
20.43215	2.73737	0.000260303	-2.75245
20.49359	2.74055	0.000260013	-2.755637
20.55503	2.74374	0.000259726	-2.758818
20.61647	2.74691	0.000259443	-2.761992
20.67791	2.75008	0.000259166	-2.765161
20.73935	2.75324	0.000258892	-2.768323
20.80079	2.75639	0.000258623	-2.771479
20.86223	2.75954	0.000258357	-2.774629
20.92367	2.76268	0.000258097	-2.777772
20.98511	2.76582	0.000257808	-2.78091
21.04655	2.76895	0.000257522	-2.784041
21.10799	2.77208	0.00025724	-2.787167
21.16943	2.7752	0.000256961	-2.790287
21.23087	2.77831	0.000256686	-2.7934
21.29231	2.78142	0.000256416	-2.796508
21.35375	2.78452	0.000256149	-2.79961
21.41519	2.78761	0.000255887	-2.802706
21.47663	2.7907	0.000255629	-2.805796
21.53807	2.79378	0.000255375	-2.80888
21.59951	2.79686	0.000255115	-2.811959
21.66095	2.79994	0.000254838	-2.815032
21.72239	2.803	0.000254563	-2.818099
21.78383	2.80606	0.000254293	-2.82116
21.84527	2.80912	0.000254026	-2.824216
21.90671	2.81217	0.000253763	-2.827266
21.96815	2.81521	0.000253505	-2.83031
22.02959	2.81825	0.000253249	-2.833349
22.09103	2.82128	0.000252998	-2.836382
22.15247	2.82431	0.000252749	-2.83941
22.21391	2.82733	0.000252505	-2.842432
22.27535	2.83034	0.000252247	-2.845449
22.33679	2.83336	0.00025198	-2.84846
22.39823	2.83636	0.000251717	-2.851466
22.45967	2.83936	0.000251458	-2.854466
22.52111	2.84235	0.000251202	-2.857461
22.58255	2.84534	0.00025095	-2.86045
22.64399	2.84833	0.000250701	-2.863434
22.70543	2.8513	0.000250456	-2.866413
22.76687	2.85428	0.000250214	-2.869387
22.82831	2.85725	0.000249976	-2.872355
22.88975	2.86021	0.000249742	-2.875318
22.95119	2.86316	0.000249472	-2.878275
23.01263	2.86612	0.000249204	-2.881228
23.07407	2.86906	0.000248939	-2.884175
23.13551	2.872	0.000248677	-2.887117
23.19695	2.87494	0.000248418	-2.890054
23.25839	2.87787	0.000248162	-2.892986
23.31983	2.8808	0.00024791	-2.895913
23.38127	2.88372	0.00024766	-2.898834
23.44271	2.88663	0.000247414	-2.901751
23.50415	2.88954	0.000247171	-2.904662
23.56559	2.89245	0.000246932	-2.907569
23.62703	2.89535	0.000246696	-2.91047
23.68847	2.89825	0.000246462	-2.913367
23.77039	2.9021	0.000246156	-2.917221
23.85231	2.90595	0.000245856	-2.921067
23.93423	2.90978	0.000245562	-2.924903
24.01615	2.91361	0.000245274	-2.928732
24.09807	2.91743	0.000244992	-2.932551
24.17999	2.92124	0.000244715	-2.936362
24.26191	2.92504	0.000244396	-2.940164
24.32335	2.92788	0.000244146	-2.943011
24.38479	2.93072	0.0002439	-2.945852
24.44623	2.93356	0.000243656	-2.948689
24.52815	2.93734	0.000243335	-2.952464
24.61007	2.9411	0.000243019	-2.956231
24.69199	2.94486	0.000242708	-2.959989
24.77391	2.94861	0.000242402	-2.96374
24.85583	2.95235	0.000242102	-2.967482
24.93775	2.95608	0.000241806	-2.971216
25.01967	2.95981	0.000241516	-2.974941
25.10159	2.96352	0.00024123	-2.978659
25.18351	2.96723	0.00024095	-2.982369
25.26543	2.97093	0.000240676	-2.98607
25.34735	2.97463	0.000240406	-2.989764
25.42927	2.97831	0.000240142	-2.99345
25.51119	2.98199	0.000239883	-2.997128
25.59311	2.98566	0.00023957	-3.000798
25.67503	2.98932	0.000239261	-3.004461
25.75695	2.99298	0.000238956	-3.008116
25.83887	2.99662	0.000238657	-3.011763
25.92079	3.00026	0.00023836	-3.015402
26.00271	3.00389	0.000238069	-3.019034
26.08463	3.00751	0.000237783	-3.022658
26.16655	3.01113	0.000237501	-3.026275
26.24847	3.01474	0.000237223	-3.029884
26.33039	3.01834	0.000236951	-3.033485
26.41231	3.02193	0.000236683	-3.03708
26.49423	3.02552	0.000236419	-3.040667
26.57615	3.0291	0.00023616	-3.044246
26.65807	3.03267	0.000235906	-3.047818
26.73999	3.03623	0.000235656	-3.051383
26.82191	3.03979	0.000235411	-3.054941
26.90383	3.04334	0.000235119	-3.058492
26.98575	3.04688	0.000234829	-3.062035
27.06767	3.05042	0.000234544	-3.065571
27.14959	3.05395	0.000234262	-3.0691
27.23151	3.05747	0.000233984	-3.072623
27.31343	3.06098	0.000233711	-3.076138
27.39535	3.06449	0.000233442	-3.079646
27.47727	3.06799	0.000233176	-3.083147
27.55919	3.07149	0.000232915	-3.086641
27.64111	3.07497	0.000232658	-3.090128
27.72303	3.07845	0.000232405	-3.093609
27.80495	3.08192	0.000232157	-3.097082
27.88687	3.08539	0.000231912	-3.100549
27.96879	3.08885	0.000231671	-3.104009
28.05071	3.0923	0.000231436	-3.107463
28.13263	3.09575	0.000231204	-3.110909
28.21455	3.09919	0.00023093	-3.114349
28.29647	3.10262	0.000230657	-3.117783
28.37839	3.10605	0.000230388	-3.12121
28.46031	3.10947	0.000230124	-3.12463
28.54223	3.11288	0.000229862	-3.128043
28.62415	3.11629	0.000229605	-3.131451
28.70607	3.11969	0.00022935	-3.134851
28.78799	3.12308	0.000229101	-3.138246
28.86991	3.12647	0.000228853	-3.141633
28.95183	3.12985	0.000228611	-3.145015
29.03375	3.13322	0.000228372	-3.14839
29.11567	3.13659	0.000228137	-3.151759
29.19759	3.13995	0.000227905	-3.155121
29.27951	3.14331	0.000227678	-3.158477
29.36143	3.14666	0.000227454	-3.161827
29.44335	3.15	0.000227234	-3.165171
29.52527	3.15334	0.000226975	-3.168509
29.60719	3.15667	0.000226719	-3.17184
29.68911	3.15999	0.000226465	-3.175165
29.77103	3.16331	0.000226215	-3.178484
29.85295	3.16662	0.000225968	-3.181798
29.93487	3.16993	0.000225725	-3.185105
30.01679	3.17323	0.000225485	-3.188406
30.09871	3.17652	0.000225248	-3.191701
30.18063	3.17981	0.000225015	-3.19499
30.26255	3.18309	0.000224785	-3.198273
30.34447	3.18637	0.000224559	-3.20155
30.42639	3.18964	0.000224336	-3.204821
30.50831	3.19291	0.000224117	-3.208087
30.59023	3.19616	0.0002239	-3.211346
30.67215	3.19942	0.000223688	-3.2146
30.75407	3.20267	0.000223479	-3.217848
30.83599	3.20591	0.000223234	-3.22109
30.91791	3.20914	0.000222991	-3.224327
30.99983	3.21237	0.000222752	-3.227558
31.08175	3.2156	0.000222516	-3.230783
31.16367	3.21882	0.000222282	-3.234002
31.24559	3.22203	0.000222052	-3.237216
31.32751	3.22524	0.000221825	-3.240425
31.40943	3.22844	0.0002216	-3.243627
31.51183	3.23244	0.000221324	-3.247623
31.61423	3.23642	0.000221053	-3.251609
31.71663	3.2404	0.000220787	-3.255588
31.81903	3.24437	0.000220526	-3.259557
31.92143	3.24833	0.00022027	-3.263518
32.02383	3.25228	0.000220018	-3.267471
32.12623	3.25622	0.000219745	-3.271415
32.20815	3.25937	0.000219514	-3.274565
32.31055	3.2633	0.00021923	-3.278494
32.39247	3.26644	0.000219006	-3.281631
32.47439	3.26957	0.000218785	-3.284763
32.55631	3.2727	0.000218566	-3.28789
32.65871	3.2766	0.000218297	-3.291791
32.76111	3.28049	0.000218033	-3.295684
32.88399	3.28515	0.00021772	-3.300345
32.98639	3.28902	0.000217465	-3.30422
33.08879	3.29289	0.000217214	-3.308087
33.19119	3.29675	0.000216969	-3.311946
33.31407	3.30137	0.000216679	-3.316567
33.41647	3.30521	0.000216427	-3.320409
33.49839	3.30828	0.000216208	-3.323476
33.60079	3.3121	0.000215937	-3.327304
33.70319	3.31592	0.000215671	-3.331123
33.80559	3.31973	0.000215408	-3.334936
33.90799	3.32354	0.000215149	-3.33874
34.03087	3.32809	0.000214845	-3.343295
34.13327	3.33188	0.000214596	-3.347082
34.23567	3.33566	0.00021435	-3.350862
34.33807	3.33943	0.000214109	-3.354635
34.46095	3.34394	0.000213824	-3.359152
34.56335	3.3477	0.000213591	-3.362907
34.66575	3.35145	0.000213364	-3.366656
34.76815	3.35519	0.000213109	-3.370397
34.89103	3.35967	0.000212799	-3.374876
34.99343	3.36339	0.000212545	-3.378601
35.09583	3.36711	0.000212294	-3.382319
35.19823	3.37082	0.000212047	-3.386029
35.32111	3.37526	0.000211756	-3.390472
35.42351	3.37895	0.000211517	-3.394166
35.52591	3.38264	0.000211282	-3.397854
35.62831	3.38632	0.000211051	-3.401534
35.75119	3.39073	0.000210778	-3.405941
35.85359	3.39439	0.000210555	-3.409606
35.95599	3.39805	0.000210336	-3.413263
36.05839	3.4017	0.0002101	-3.416914
36.18127	3.40607	0.000209804	-3.421286
36.28367	3.4097	0.000209561	-3.424921
36.38607	3.41333	0.000209321	-3.42855
36.48847	3.41695	0.000209085	-3.432171
36.61135	3.42129	0.000208806	-3.436509
36.71375	3.4249	0.000208577	-3.440115
36.81615	3.4285	0.000208352	-3.443716
36.91855	3.43209	0.000208128	-3.447309
37.04143	3.43639	0.000207867	-3.451612
37.14383	3.43997	0.000207653	-3.455191
37.24623	3.44354	0.000207442	-3.458763
37.34863	3.4471	0.000207223	-3.462328
37.47151	3.45137	0.000206939	-3.466598
37.57391	3.45492	0.000206706	-3.47015
37.67631	3.45847	0.000206476	-3.473694
37.77871	3.46201	0.00020625	-3.477232
37.90159	3.46624	0.000205983	-3.48147
38.00399	3.46977	0.000205763	-3.484994
38.10639	3.47328	0.000205547	-3.488512
38.20879	3.4768	0.000205334	-3.492023
38.33167	3.481	0.000205082	-3.496228
38.43407	3.4845	0.000204877	-3.499726
38.55695	3.48868	0.000204634	-3.503915
38.67983	3.49286	0.000204378	-3.508095
38.80271	3.49703	0.000204108	-3.512265
38.92559	3.5012	0.000203842	-3.516427
39.04847	3.50535	0.000203581	-3.520581
39.17135	3.50949	0.000203323	-3.524725
39.29423	3.51363	0.000203069	-3.528861
39.41711	3.51775	0.00020282	-3.532988
39.53999	3.52187	0.000202576	-3.537106
39.66287	3.52598	0.000202335	-3.541216
39.78575	3.53008	0.0002021	-3.545317
39.90863	3.53417	0.000201868	-3.54941
40.03151	3.53826	0.000201601	-3.553494
40.15439	3.54233	0.000201328	-3.55757
40.27727	3.5464	0.00020106	-3.561638
40.40015	3.55046	0.000200795	-3.565697
40.52303	3.55451	0.000200535	-3.569748
40.64591	3.55855	0.000200278	-3.57379
40.76879	3.56258	0.000200024	-3.577825
40.89167	3.56661	0.000199774	-3.581851
41.01455	3.57063	0.000199529	-3.585869
41.13743	3.57464	0.000199288	-3.589879
41.26031	3.57864	0.000199049	-3.593881
41.38319	3.58263	0.000198815	-3.597875
41.50607	3.58662	0.000198585	-3.601861
41.62895	3.59059	0.000198358	-3.605839
41.75183	3.59456	0.000198135	-3.609809
41.87471	3.59852	0.000197917	-3.613771
41.99759	3.60248	0.000197702	-3.617725
42.12047	3.60642	0.00019749	-3.621672
42.24335	3.61036	0.000197283	-3.625611
42.36623	3.61429	0.000197079	-3.629542
42.48911	3.61822	0.00019688	-3.633465
42.61199	3.62213	0.000196662	-3.637381
42.73487	3.62604	0.000196424	-3.64129
42.85775	3.62994	0.00019619	-3.64519
42.98063	3.63383	0.000195959	-3.649083
43.10351	3.63772	0.000195731	-3.652969
43.22639	3.64159	0.000195507	-3.656847
43.34927	3.64546	0.000195286	-3.660718
43.47215	3.64933	0.000195069	-3.664581
43.59503	3.65318	0.000194855	-3.668437
43.71791	3.65703	0.000194645	-3.672286
43.84079	3.66087	0.000194438	-3.676127
43.96367	3.66471	0.000194212	-3.679961
44.08655	3.66853	0.000193985	-3.683788
44.20943	3.67235	0.000193761	-3.687608
44.33231	3.67616	0.00019354	-3.69142
44.45519	3.67997	0.000193322	-3.695226
44.57807	3.68377	0.000193107	-3.699024
44.70095	3.68756	0.000192896	-3.702815
44.82383	3.69134	0.000192688	-3.706599
44.94671	3.69512	0.000192483	-3.710377
45.06959	3.69889	0.000192282	-3.714147
45.19247	3.70265	0.000192079	-3.71791
45.31535	3.7064	0.000191858	-3.721667
45.43823	3.71015	0.00019164	-3.725416
45.56111	3.7139	0.000191426	-3.729159
45.68399	3.71763	0.000191214	-3.732895
45.80687	3.72136	0.000191005	-3.736624
45.92975	3.72508	0.0001908	-3.740346
46.05263	3.7288	0.000190597	-3.744062
46.17551	3.73251	0.000190397	-3.747771
46.29839	3.73621	0.0001902	-3.751473
46.42127	3.7399	0.000190007	-3.755169
46.54415	3.74359	0.000189804	-3.758858
46.66703	3.74727	0.000189593	-3.76254
46.78991	3.75095	0.000189384	-3.766216
46.91279	3.75462	0.000189178	-3.769885
47.03567	3.75828	0.000188975	-3.773548
47.15855	3.76193	0.000188774	-3.777204
47.28143	3.76558	0.000188577	-3.780854
47.40431	3.76923	0.000188383	-3.784498
47.52719	3.77286	0.000188191	-3.788135
47.65007	3.77649	0.000188001	-3.791766
47.7953825	3.78078	0.000187782	-3.796051
47.93679	3.78494	0.000187545	-3.800213
48.05967	3.78855	0.000187343	-3.803823
48.18255	3.79215	0.000187144	-3.807427
48.30543	3.79575	0.000186947	-3.811024
48.42831	3.79934	0.000186752	-3.814615
48.55119	3.80292	0.000186561	-3.8182
48.67407	3.8065	0.000186372	-3.821779
48.83791	3.81126	0.000186124	-3.826541
49.00175	3.81602	0.000185881	-3.831293
49.16559	3.82076	0.000185628	-3.836034
49.28847	3.8243	0.000185422	-3.839582
49.41135	3.82785	0.000185217	-3.843125
49.53423	3.83138	0.000185016	-3.846661
49.65711	3.83491	0.000184817	-3.850192
49.77999	3.83844	0.00018462	-3.853717
49.90287	3.84195	0.000184426	-3.857235
50.02575	3.84547	0.000184234	-3.860749
50.14863	3.84897	0.000184045	-3.864256
50.27151	3.85248	0.000183858	-3.867757
50.39439	3.85597	0.000183673	-3.871253
50.55823	3.86062	0.000183431	-3.875904
50.72207	3.86526	0.000183192	-3.880546
50.88591	3.86989	0.00018296	-3.885177
51.04975	3.87451	0.00018273	-3.889798
51.21359	3.87912	0.000182505	-3.894409
51.37743	3.88372	0.000182285	-3.899011
51.54127	3.88832	0.000182068	-3.903602
51.70511	3.8929	0.000181856	-3.908183
51.82799	3.89633	0.000181669	-3.911613
51.95087	3.89975	0.000181477	-3.915037
52.07375	3.90317	0.000181288	-3.918455
52.19663	3.90658	0.000181101	-3.921868
52.31951	3.90999	0.000180916	-3.925276
52.44239	3.91339	0.000180733	-3.928678
52.56527	3.91679	0.000180552	-3.932075
52.72911	3.92131	0.000180314	-3.936596
52.89295	3.92582	0.000180081	-3.941107
53.05679	3.93032	0.000179851	-3.945609
53.22063	3.93481	0.000179625	-3.950101
53.38447	3.93929	0.000179402	-3.954584
53.54831	3.94376	0.000179184	-3.959057
53.71215	3.94823	0.00017897	-3.963521
53.87599	3.95268	0.00017876	-3.967976
54.03983	3.95713	0.000178553	-3.972422
54.20367	3.96156	0.000178349	-3.976859
54.36751	3.96599	0.000178146	-3.981286
54.49039	3.9693	0.000177965	-3.984601
54.61327	3.97261	0.000177786	-3.987911
54.77711	3.97702	0.000177552	-3.992316
54.94095	3.98141	0.00017732	-3.996712
55.10479	3.9858	0.000177092	-4.001099
55.26863	3.99018	0.000176867	-4.005477
55.43247	3.99455	0.000176647	-4.009846
55.59631	3.99891	0.000176429	-4.014207
55.76015	4.00326	0.000176215	-4.018559
55.92399	4.0076	0.000176004	-4.022902
56.08783	4.01194	0.000175797	-4.027237
56.25167	4.01626	0.000175593	-4.031563
56.41551	4.02058	0.000175393	-4.03588
56.57935	4.02488	0.000175196	-4.040189
56.74319	4.02918	0.000175002	-4.044489
56.90703	4.03348	0.000174812	-4.048781
57.07087	4.03776	0.000174601	-4.053065
57.23471	4.04203	0.000174378	-4.05734
57.39855	4.0463	0.000174157	-4.061607
57.56239	4.05056	0.00017394	-4.065865
57.72623	4.05481	0.000173725	-4.070115
57.89007	4.05905	0.000173514	-4.074358
58.05391	4.06328	0.000173306	-4.078591
58.21775	4.06751	0.000173101	-4.082817
58.38159	4.07173	0.000172899	-4.087035
58.54543	4.07593	0.000172701	-4.091245
58.70927	4.08014	0.000172505	-4.095446
58.87311	4.08433	0.000172313	-4.09964
59.03695	4.08852	0.000172124	-4.103826
59.20079	4.09269	0.000171938	-4.108003
59.36463	4.09686	0.000171754	-4.112173
59.52847	4.10102	0.000171574	-4.116335
59.69231	4.10518	0.000171375	-4.120489
59.85615	4.10932	0.000171164	-4.124636
60.01999	4.11346	0.000170957	-4.128775
60.18383	4.11759	0.000170753	-4.132906
60.34767	4.12171	0.00017055	-4.137029
60.51151	4.12583	0.000170352	-4.141145
60.67535	4.12994	0.000170155	-4.145253
60.83919	4.13404	0.000169962	-4.149354
61.00303	4.13813	0.000169772	-4.153447
61.16687	4.14222	0.000169584	-4.157532
61.33071	4.14629	0.000169399	-4.16161
61.49455	4.15036	0.000169217	-4.165681
61.65839	4.15442	0.000169037	-4.169744
61.82223	4.15848	0.000168861	-4.1738
61.98607	4.16253	0.000168687	-4.177849
62.14991	4.16657	0.000168516	-4.18189
62.31375	4.1706	0.000168328	-4.185924
62.47759	4.17463	0.00016813	-4.189951
62.64143	4.17865	0.000167934	-4.19397
62.80527	4.18266	0.000167741	-4.197983
62.96911	4.18667	0.000167551	-4.201988
63.13295	4.19066	0.000167363	-4.205986
63.29679	4.19465	0.000167177	-4.209977
63.46063	4.19864	0.000166994	-4.213961
63.62447	4.20261	0.000166814	-4.217938
63.78831	4.20658	0.000166636	-4.221908
63.95215	4.21055	0.00016646	-4.225871
64.11599	4.2145	0.000166287	-4.229827
64.27983	4.21845	0.000166117	-4.233776
64.44367	4.22239	0.00016595	-4.237718
64.60751	4.22633	0.000165784	-4.241654
64.81231	4.23124	0.000165582	-4.246563
64.97615	4.23516	0.000165397	-4.250484
65.13999	4.23907	0.00016521	-4.254397
65.30383	4.24298	0.000165024	-4.258304
65.46767	4.24688	0.000164842	-4.262204
65.63151	4.25077	0.000164662	-4.266097
65.79535	4.25465	0.000164485	-4.269983
65.95919	4.25853	0.000164309	-4.273863
66.12303	4.26241	0.000164136	-4.277737
66.28687	4.26627	0.000163967	-4.281604
66.45071	4.27013	0.000163798	-4.285464
66.61455	4.27399	0.000163632	-4.289318
66.77839	4.27783	0.000163468	-4.293165
66.98319	4.28263	0.000163268	-4.297965
67.18799	4.28742	0.00016307	-4.302755
67.39279	4.2922	0.000162875	-4.307535
67.55663	4.29602	0.000162706	-4.311352
67.72047	4.29983	0.00016253	-4.315163
67.88431	4.30363	0.000162354	-4.318967
68.04815	4.30743	0.00016218	-4.322765
68.21199	4.31122	0.000162009	-4.326557
68.37583	4.31501	0.00016184	-4.330342
68.53967	4.31879	0.000161674	-4.334121
68.70351	4.32256	0.000161509	-4.337894
68.86735	4.32632	0.000161346	-4.341661
69.07215	4.33102	0.000161146	-4.346361
69.27695	4.33571	0.000160948	-4.351052
69.48175	4.3404	0.000160755	-4.355733
69.68655	4.34506	0.000160565	-4.360404
69.89135	4.34973	0.000160378	-4.365066
70.0776225	4.35396	0.00016021	-4.369298
70.25999	4.35809	0.000160021	-4.373434
70.42383	4.3618	0.000159855	-4.377144
70.58767	4.36551	0.000159689	-4.380847
70.75151	4.3692	0.000159525	-4.384545
70.91535	4.37289	0.000159363	-4.388237
71.12015	4.3775	0.000159164	-4.392844
71.32495	4.3821	0.000158968	-4.397441
71.52975	4.38669	0.000158775	-4.40203
71.73455	4.39127	0.000158584	-4.406609
71.93935	4.39584	0.000158397	-4.41118
72.14415	4.4004	0.000158213	-4.415741
72.34895	4.40495	0.000158032	-4.420294
72.55375	4.40949	0.000157854	-4.424838
72.75855	4.41403	0.000157671	-4.429373
72.92239	4.41765	0.00015751	-4.432995
73.08623	4.42127	0.000157351	-4.436611
73.29103	4.42578	0.000157155	-4.441123
73.49583	4.43028	0.000156962	-4.445627
73.70063	4.43478	0.000156771	-4.450122
73.90543	4.43926	0.000156583	-4.454608
74.11023	4.44374	0.000156398	-4.459086
74.31503	4.44821	0.000156216	-4.463556
74.51983	4.45267	0.000156037	-4.468017
74.72463	4.45712	0.000155861	-4.472469
74.92943	4.46156	0.000155687	-4.476914
75.17519	4.46689	0.000155482	-4.482236
75.37999	4.47131	0.000155303	-4.486662
75.54383	4.47485	0.000155141	-4.490196
75.74863	4.47926	0.000154941	-4.494607
75.91247	4.48278	0.000154782	-4.498131
76.07631	4.4863	0.000154625	-4.501648
76.24015	4.48981	0.000154469	-4.505161
76.44495	4.49419	0.000154277	-4.509544
76.64975	4.49856	0.000154087	-4.513919
76.89551	4.5038	0.000153863	-4.519159
77.10031	4.50816	0.000153679	-4.523517
77.30511	4.51251	0.000153497	-4.527867
77.50991	4.51685	0.000153318	-4.532208
77.75567	4.52205	0.000153106	-4.537408
77.96047	4.52638	0.000152932	-4.541733
78.16527	4.53069	0.000152761	-4.546049
78.37007	4.535	0.000152593	-4.550358
78.61583	4.54016	0.000152394	-4.555518
78.82063	4.54445	0.00015223	-4.55981
79.02543	4.54874	0.00015207	-4.564095
79.23023	4.55301	0.000151911	-4.568371
79.43503	4.55728	0.000151755	-4.57264
79.68079	4.56239	0.000151572	-4.577753
79.96751	4.56834	0.000151362	-4.583704
80.25423	4.57428	0.000151157	-4.589641
80.54095	4.5802	0.000150956	-4.595562
80.74575	4.58442	0.000150776	-4.599784
80.95055	4.58864	0.000150593	-4.603997
81.15535	4.59284	0.000150412	-4.608204
81.40111	4.59788	0.000150198	-4.613241
81.60591	4.60207	0.000150022	-4.617432
81.81071	4.60625	0.000149848	-4.621615
82.01551	4.61043	0.000149676	-4.625791
82.26127	4.61543	0.000149473	-4.630792
82.46607	4.61959	0.000149306	-4.634952
82.67087	4.62374	0.000149141	-4.639105
82.87567	4.62789	0.000148979	-4.643251
83.12143	4.63285	0.000148786	-4.648217
83.32623	4.63698	0.000148628	-4.652347
83.53103	4.6411	0.000148472	-4.65647
83.73583	4.64522	0.000148319	-4.660587
83.98159	4.65015	0.000148136	-4.665517
84.18639	4.65425	0.000147988	-4.669618
84.43215	4.65916	0.000147812	-4.674531
84.67791	4.66406	0.000147639	-4.679433
84.92367	4.66896	0.000147469	-4.684326
85.16943	4.67384	0.000147302	-4.689209
85.41519	4.67871	0.000147138	-4.694082
85.70191	4.68438	0.00014695	-4.699755
85.90671	4.68843	0.0001468	-4.703799
86.11151	4.69247	0.000146633	-4.707836
86.31631	4.69649	0.000146466	-4.711867
86.56207	4.70132	0.000146268	-4.716696
86.76687	4.70534	0.000146107	-4.720712
86.97167	4.70935	0.000145947	-4.724722
87.17647	4.71335	0.000145788	-4.728725
87.42223	4.71815	0.0001456	-4.733521
87.62703	4.72214	0.000145446	-4.73751
87.83183	4.72612	0.000145293	-4.741492
88.03663	4.73009	0.000145143	-4.745469
88.28239	4.73486	0.000144965	-4.750232
88.48719	4.73882	0.000144818	-4.754194
88.73295	4.74357	0.000144645	-4.75894
88.97871	4.7483	0.000144474	-4.763678
89.22447	4.75303	0.000144307	-4.768406
89.51119	4.75853	0.000144114	-4.773911
89.75695	4.76324	0.000143952	-4.778619
90.00271	4.76794	0.000143792	-4.783319
90.24847	4.77263	0.000143635	-4.78801
90.49423	4.77731	0.000143481	-4.792692
90.73999	4.78199	0.000143329	-4.797365
90.98575	4.78665	0.00014318	-4.80203
91.23151	4.79131	0.000143004	-4.806686
91.47727	4.79595	0.000142819	-4.811333
91.72303	4.80059	0.000142637	-4.815972
91.96879	4.80522	0.000142457	-4.820602
92.21455	4.80984	0.00014228	-4.825223
92.46031	4.81446	0.000142104	-4.829836
92.70607	4.81906	0.000141932	-4.83444
92.95183	4.82365	0.000141761	-4.839036
93.19759	4.82824	0.000141594	-4.843624
93.44335	4.83282	0.000141427	-4.848203
93.68911	4.83739	0.000141264	-4.852774
93.93487	4.84195	0.000141103	-4.857336
94.18063	4.84651	0.000140945	-4.861891
94.42639	4.85105	0.000140788	-4.866437
94.67215	4.85559	0.000140634	-4.870975
94.91791	4.86012	0.000140482	-4.875504
95.16367	4.86464	0.000140333	-4.880026
95.40943	4.86915	0.000140186	-4.884539
95.65519	4.87366	0.000140041	-4.889045
95.90095	4.87816	0.000139899	-4.893542
96.14671	4.88265	0.000139759	-4.898032
96.39247	4.88713	0.000139607	-4.902513
96.63823	4.8916	0.000139435	-4.906987
96.88399	4.89606	0.000139266	-4.911452
97.12975	4.90052	0.000139099	-4.91591
97.37551	4.90497	0.000138934	-4.92036
97.62127	4.90941	0.000138771	-4.924803
97.86703	4.91385	0.00013861	-4.929237
98.11279	4.91828	0.000138452	-4.933664
98.35855	4.92269	0.000138295	-4.938083
98.60431	4.9271	0.00013814	-4.942494
98.85007	4.93151	0.000137988	-4.946898
99.09583	4.9359	0.000137838	-4.951294
99.34159	4.94029	0.000137689	-4.955683
99.58735	4.94467	0.000137543	-4.960064
99.83311	4.94904	0.000137399	-4.964437
100.07887	4.95341	0.000137256	-4.968804
100.32463	4.95777	0.000137116	-4.973162
100.57039	4.96212	0.000136978	-4.977514
100.89807	4.96791	0.000136796	-4.983304
101.22575	4.97369	0.000136619	-4.989081
101.534902	4.97913	0.000136455	-4.994519
101.88111	4.9852	0.000136303	-5.000597
102.20879	4.99094	0.000136156	-5.006335
102.53647	4.99667	0.000136007	-5.012061
102.86415	5.00238	0.000135855	-5.017774
103.19183	5.00808	0.000135702	-5.023474
103.51951	5.01377	0.000135545	-5.029162
103.84719	5.01944	0.000135387	-5.034837
104.17487	5.02511	0.000135226	-5.0405
104.50255	5.03076	0.000135063	-5.046151
104.83023	5.0364	0.000134897	-5.051789
105.15791	5.04202	0.00013473	-5.057415
